_id,workerId,taskID,forecast,treatment,timestamp,Category,BrierScore,PPPayment
tCuzMsQb5b6nsYkaN,5379440012f00e0925abf3627e165157393acad23d8e9fe4947d3dd04a4f9fc0,1,0.56,1,1538801680709,Sports,0.38719999999999993,0.645
yqhBWDdzq2s2oivBG,5379440012f00e0925abf3627e165157393acad23d8e9fe4947d3dd04a4f9fc0,2,0,1,1538801680712,Sports,0,0.235
KkfkFhQdqBQeosYMx,5379440012f00e0925abf3627e165157393acad23d8e9fe4947d3dd04a4f9fc0,3,1,1,1538801680712,Sports,2,0.48
Y8qA437uiRfXbfkK7,5379440012f00e0925abf3627e165157393acad23d8e9fe4947d3dd04a4f9fc0,4,0,1,1538801680714,Sports,2,0.2
Sjx6puse2qwCky3sX,5379440012f00e0925abf3627e165157393acad23d8e9fe4947d3dd04a4f9fc0,5,0,1,1538801680716,Sports,0,0.23
JdJzR7svWh9nca3kR,5379440012f00e0925abf3627e165157393acad23d8e9fe4947d3dd04a4f9fc0,6,0.93,1,1538801680717,Sports,1.7298000000000002,0.575
kcCGAo44hkQL5pP35,5379440012f00e0925abf3627e165157393acad23d8e9fe4947d3dd04a4f9fc0,7,1,1,1538801982912,Politics,2,0.58
8aB7z5SBAZy3SHohe,5379440012f00e0925abf3627e165157393acad23d8e9fe4947d3dd04a4f9fc0,8,0.63,1,1538801982914,Politics,0.2738,0.55
YpPagxcvbK4fB8z4m,5379440012f00e0925abf3627e165157393acad23d8e9fe4947d3dd04a4f9fc0,9,0.44,1,1538801982915,Politics,0.3872,0.59
vNBLCJ4NGAutXNX6R,5379440012f00e0925abf3627e165157393acad23d8e9fe4947d3dd04a4f9fc0,10,0.84,1,1538801982917,Politics,1.4111999999999998,0.345
bhoan9naXJkG5P7ho,5379440012f00e0925abf3627e165157393acad23d8e9fe4947d3dd04a4f9fc0,11,0.72,1,1538801982918,Politics,1.0368,0.415
eyWRvj4ehwwAREjJc,5379440012f00e0925abf3627e165157393acad23d8e9fe4947d3dd04a4f9fc0,12,1,1,1538801982919,Politics,2,0.38
WweXN2gHRqyiAS7ZQ,e9873c340b039dfdcb285431e9671f8c89168d1d3269c1f2c34b9108e600eb7b,1,0.72,1,1538802215609,Sports,0.15680000000000002,0.54
fWwo8LHKSuuyAFrtN,e9873c340b039dfdcb285431e9671f8c89168d1d3269c1f2c34b9108e600eb7b,2,0.67,1,1538802215611,Sports,0.8978000000000002,0.54
zi983ZminmgE6dWL8,e9873c340b039dfdcb285431e9671f8c89168d1d3269c1f2c34b9108e600eb7b,3,0.67,1,1538802215613,Sports,0.8978000000000002,0.44
kLK4nMfPMNrqvnpse,e9873c340b039dfdcb285431e9671f8c89168d1d3269c1f2c34b9108e600eb7b,4,0.71,1,1538802215615,Sports,0.16820000000000004,0.57
28nNFnTXyTcweRWhi,e9873c340b039dfdcb285431e9671f8c89168d1d3269c1f2c34b9108e600eb7b,5,0.67,1,1538802215617,Sports,0.8978000000000002,0.485
E2rNpt2jYQseK4LnH,e9873c340b039dfdcb285431e9671f8c89168d1d3269c1f2c34b9108e600eb7b,6,0.62,1,1538802215618,Sports,0.7688,0.515
Dtae7CncYShWr39Pq,e9873c340b039dfdcb285431e9671f8c89168d1d3269c1f2c34b9108e600eb7b,7,0.62,1,1538802227599,Politics,0.7688,0.59
us8hkP3jLbDjHSbYo,e9873c340b039dfdcb285431e9671f8c89168d1d3269c1f2c34b9108e600eb7b,8,0.72,1,1538802227601,Politics,0.15680000000000002,0.56
KZ9i68Yc8EwtzQKzZ,e9873c340b039dfdcb285431e9671f8c89168d1d3269c1f2c34b9108e600eb7b,9,0.67,1,1538802227602,Politics,0.8978000000000002,0.405
CWRpo2KsAZtoW6NZP,e9873c340b039dfdcb285431e9671f8c89168d1d3269c1f2c34b9108e600eb7b,10,0.59,1,1538802227604,Politics,0.6961999999999999,0.395
ohDzcgFLcuvsdh9a9,e9873c340b039dfdcb285431e9671f8c89168d1d3269c1f2c34b9108e600eb7b,11,0.61,1,1538802227605,Politics,0.7442,0.44
X8YRB6mnyGFqAhiXm,e9873c340b039dfdcb285431e9671f8c89168d1d3269c1f2c34b9108e600eb7b,12,0.57,1,1538802227606,Politics,0.6497999999999999,0.345
3RGB4T7S4GcnNG6Ba,e9873c340b039dfdcb285431e9671f8c89168d1d3269c1f2c34b9108e600eb7b,13,0.74,1,1538802237877,Entertainment,1.0952,0.51
9CESKQiT7bo3t7APD,e9873c340b039dfdcb285431e9671f8c89168d1d3269c1f2c34b9108e600eb7b,14,0.71,1,1538802237877,Entertainment,0.16820000000000004,0.56
M89bCxg3wJFQyv8Ye,e9873c340b039dfdcb285431e9671f8c89168d1d3269c1f2c34b9108e600eb7b,15,0.61,1,1538802237877,Entertainment,0.7442,0.54
BMbKutBDpAufNkmu9,e9873c340b039dfdcb285431e9671f8c89168d1d3269c1f2c34b9108e600eb7b,16,0.63,1,1538802237879,Entertainment,0.2738,0.53
BAQqzv3yRkcS9ojJj,e9873c340b039dfdcb285431e9671f8c89168d1d3269c1f2c34b9108e600eb7b,17,0.78,1,1538802237879,Entertainment,1.2168,0.465
tjgrv46myxcN2R5vd,e9873c340b039dfdcb285431e9671f8c89168d1d3269c1f2c34b9108e600eb7b,18,0.65,1,1538802237880,Entertainment,0.8450000000000001,0.51
DvjrNcRLtf3Dzct2D,5379440012f00e0925abf3627e165157393acad23d8e9fe4947d3dd04a4f9fc0,13,0.5,1,1538802286117,Entertainment,0.5,0.58
8sfuhehAyrzinqKCu,5379440012f00e0925abf3627e165157393acad23d8e9fe4947d3dd04a4f9fc0,14,1,1,1538802286118,Entertainment,0,0.575
MdXQAydTzEucLr8An,5379440012f00e0925abf3627e165157393acad23d8e9fe4947d3dd04a4f9fc0,15,1,1,1538802286119,Entertainment,2,0.52
mnLFF98gsAf6wQCKi,5379440012f00e0925abf3627e165157393acad23d8e9fe4947d3dd04a4f9fc0,16,1,1,1538802286120,Entertainment,0,0.575
LNQMGFKM64ZreYKjn,5379440012f00e0925abf3627e165157393acad23d8e9fe4947d3dd04a4f9fc0,17,1,1,1538802286121,Entertainment,2,0.545
vfNgm3xXSpb5tQxhx,5379440012f00e0925abf3627e165157393acad23d8e9fe4947d3dd04a4f9fc0,18,0.4,1,1538802286122,Entertainment,0.32000000000000006,0.56
R9BsfGNff9GctNYTh,c8866d7cae9fd094ad3d31c4d7cb05f1a82c20e4f877273532a421b1b182c133,1,0.4,1,1538802561693,Sports,0.72,0.61
ccvvp8ci6wH8ZtfnH,c8866d7cae9fd094ad3d31c4d7cb05f1a82c20e4f877273532a421b1b182c133,2,0.66,1,1538802561695,Sports,0.8712000000000001,0.57
ieY5gAGLT59YnWQqC,c8866d7cae9fd094ad3d31c4d7cb05f1a82c20e4f877273532a421b1b182c133,3,0.32,1,1538802561697,Sports,0.2048,0.585
gt6Ky5396K3QrJ7iP,c8866d7cae9fd094ad3d31c4d7cb05f1a82c20e4f877273532a421b1b182c133,4,0.78,1,1538802561699,Sports,0.09679999999999998,0.575
vK32e9C7urLCTbMyY,c8866d7cae9fd094ad3d31c4d7cb05f1a82c20e4f877273532a421b1b182c133,5,0.27,1,1538802561700,Sports,0.1458,0.49
eRLDSF4WkFjeCbtR6,c8866d7cae9fd094ad3d31c4d7cb05f1a82c20e4f877273532a421b1b182c133,6,0.2,1,1538802561702,Sports,0.08000000000000002,0.44
XmeNPsmEboKMTboAn,c8866d7cae9fd094ad3d31c4d7cb05f1a82c20e4f877273532a421b1b182c133,7,0.33,1,1538802613184,Politics,0.21780000000000002,0.645
agKLbN4b5dNMJipQY,c8866d7cae9fd094ad3d31c4d7cb05f1a82c20e4f877273532a421b1b182c133,8,0.78,1,1538802613186,Politics,0.09679999999999998,0.545
MRRrmnJ7vAMBMptsL,c8866d7cae9fd094ad3d31c4d7cb05f1a82c20e4f877273532a421b1b182c133,9,0.22,1,1538802613188,Politics,0.0968,0.445
zWToLprf2Je2oZ9Mz,c8866d7cae9fd094ad3d31c4d7cb05f1a82c20e4f877273532a421b1b182c133,10,0.54,1,1538802613191,Politics,0.5832,0.435
PkiZLxmtcvLZTKtku,c8866d7cae9fd094ad3d31c4d7cb05f1a82c20e4f877273532a421b1b182c133,11,0.37,1,1538802613191,Politics,0.2738,0.59
ksuPYtMzApByq93KR,c8866d7cae9fd094ad3d31c4d7cb05f1a82c20e4f877273532a421b1b182c133,12,0.28,1,1538802613192,Politics,0.15680000000000002,0.42
JkrNcFt2dn9QWjDH7,5735b5bc60ae6a5791e1af8036c3fe837265d3d36a6cc7b71c535cdf6c3ed152,1,0.69,1,1538802663680,Sports,0.19220000000000007,0.585
CsRRTRGMq2cKoGgN7,5735b5bc60ae6a5791e1af8036c3fe837265d3d36a6cc7b71c535cdf6c3ed152,2,0.85,1,1538802663681,Sports,1.4449999999999998,0.53
hkTDYytGNvBnTDzHE,5735b5bc60ae6a5791e1af8036c3fe837265d3d36a6cc7b71c535cdf6c3ed152,3,0.22,1,1538802663681,Sports,0.0968,0.54
xaT2Mh9EJixaESBhX,5735b5bc60ae6a5791e1af8036c3fe837265d3d36a6cc7b71c535cdf6c3ed152,4,0.33,1,1538802663681,Sports,0.8977999999999998,0.65
nnHfcg4LtojkDtbZC,5735b5bc60ae6a5791e1af8036c3fe837265d3d36a6cc7b71c535cdf6c3ed152,5,0.12,1,1538802663681,Sports,0.0288,0.38
t88GEo7aKRkYcMFgZ,5735b5bc60ae6a5791e1af8036c3fe837265d3d36a6cc7b71c535cdf6c3ed152,6,0.73,1,1538802663681,Sports,1.0657999999999999,0.565
dmrWTofDPqmhChjLK,c8866d7cae9fd094ad3d31c4d7cb05f1a82c20e4f877273532a421b1b182c133,13,0.04,1,1538802670081,Entertainment,0.0032,0.225
Yn95yosAkNf55MPGr,c8866d7cae9fd094ad3d31c4d7cb05f1a82c20e4f877273532a421b1b182c133,14,0.65,1,1538802670082,Entertainment,0.24499999999999997,0.555
dHBKbeXmrBN7LRBTu,c8866d7cae9fd094ad3d31c4d7cb05f1a82c20e4f877273532a421b1b182c133,15,0.48,1,1538802670083,Entertainment,0.4608,0.59
JCijcmttaxMXwLiXR,c8866d7cae9fd094ad3d31c4d7cb05f1a82c20e4f877273532a421b1b182c133,16,0.34,1,1538802670084,Entertainment,0.8711999999999998,0.59
NWsz9Hmo78AK32s2M,c8866d7cae9fd094ad3d31c4d7cb05f1a82c20e4f877273532a421b1b182c133,17,0.92,1,1538802670085,Entertainment,1.6928,0.53
SxKZXGyynELiwyjMY,c8866d7cae9fd094ad3d31c4d7cb05f1a82c20e4f877273532a421b1b182c133,18,0.62,1,1538802670086,Entertainment,0.7688,0.525
3MmyoLiiKf5JmC9qm,43b7e1690f953abcac650cd552a659db60ecd5bce2a1c905e433006a0f31202a,1,0.75,1,1538802678189,Sports,0.125,0.615
pvv3G9r9KTEDbtwYL,43b7e1690f953abcac650cd552a659db60ecd5bce2a1c905e433006a0f31202a,2,0.55,1,1538802678192,Sports,0.6050000000000001,0.655
jXb7hroWgSKhtyjvJ,43b7e1690f953abcac650cd552a659db60ecd5bce2a1c905e433006a0f31202a,3,0.33,1,1538802678194,Sports,0.21780000000000002,0.575
DWhjm7EwqXrjFv5Pw,43b7e1690f953abcac650cd552a659db60ecd5bce2a1c905e433006a0f31202a,4,1,1,1538802678196,Sports,0,0.625
heF5zE6PRaMmFTTT8,43b7e1690f953abcac650cd552a659db60ecd5bce2a1c905e433006a0f31202a,5,0.21,1,1538802678198,Sports,0.08819999999999999,0.5
v3yJFfjNaBWqRcv9B,43b7e1690f953abcac650cd552a659db60ecd5bce2a1c905e433006a0f31202a,6,0.77,1,1538802678200,Sports,1.1858,0.56
RjvnkZxYGGKgCdDq7,5735b5bc60ae6a5791e1af8036c3fe837265d3d36a6cc7b71c535cdf6c3ed152,7,0.3,1,1538802714119,Politics,0.18,0.7
Ge7jvWgkHBq5TsEEz,5735b5bc60ae6a5791e1af8036c3fe837265d3d36a6cc7b71c535cdf6c3ed152,8,0.75,1,1538802714119,Politics,0.125,0.555
AA7GkmrKZbZ5YBCtz,5735b5bc60ae6a5791e1af8036c3fe837265d3d36a6cc7b71c535cdf6c3ed152,9,0.36,1,1538802714119,Politics,0.2592,0.62
iEz9cBZGYgZWjwaii,5735b5bc60ae6a5791e1af8036c3fe837265d3d36a6cc7b71c535cdf6c3ed152,10,0.12,1,1538802714119,Politics,0.0288,0.535
4f4meztxRz6WtWEFy,5735b5bc60ae6a5791e1af8036c3fe837265d3d36a6cc7b71c535cdf6c3ed152,11,0.27,1,1538802714119,Politics,0.1458,0.45
FsCpBioF4ywY3RFYq,5735b5bc60ae6a5791e1af8036c3fe837265d3d36a6cc7b71c535cdf6c3ed152,12,0.17,1,1538802714120,Politics,0.05780000000000001,0.475
3BLtbsjf2hzBgs32j,43b7e1690f953abcac650cd552a659db60ecd5bce2a1c905e433006a0f31202a,7,1,1,1538802747914,Politics,2,0.625
Ga5BcuBuM47urNQQR,43b7e1690f953abcac650cd552a659db60ecd5bce2a1c905e433006a0f31202a,8,0.85,1,1538802747917,Politics,0.04500000000000001,0.52
6bsrKR9c7QoJsNaYo,43b7e1690f953abcac650cd552a659db60ecd5bce2a1c905e433006a0f31202a,9,1,1,1538802747920,Politics,2,0.465
xDQf5fQfsjfBLE7yg,43b7e1690f953abcac650cd552a659db60ecd5bce2a1c905e433006a0f31202a,10,0,1,1538802747922,Politics,0,0.3
n7arWyn4i4xGcZw6B,43b7e1690f953abcac650cd552a659db60ecd5bce2a1c905e433006a0f31202a,11,0.71,1,1538802747925,Politics,1.0082,0.385
DGoxXXoE55PksW6TN,43b7e1690f953abcac650cd552a659db60ecd5bce2a1c905e433006a0f31202a,12,0.47,1,1538802747927,Politics,0.44179999999999997,0.395
xQeGv5DzgokGCJMkd,5735b5bc60ae6a5791e1af8036c3fe837265d3d36a6cc7b71c535cdf6c3ed152,13,0.28,1,1538802787419,Entertainment,0.15680000000000002,0.305
e2fXqZDAqKRnd75qh,5735b5bc60ae6a5791e1af8036c3fe837265d3d36a6cc7b71c535cdf6c3ed152,14,0.36,1,1538802787420,Entertainment,0.8192,0.635
kGp2haNyRqydBuYXj,5735b5bc60ae6a5791e1af8036c3fe837265d3d36a6cc7b71c535cdf6c3ed152,15,0.67,1,1538802787420,Entertainment,0.8978000000000002,0.515
BK9ZE7QyrZcd8HFXn,5735b5bc60ae6a5791e1af8036c3fe837265d3d36a6cc7b71c535cdf6c3ed152,16,0.66,1,1538802787420,Entertainment,0.23119999999999996,0.56
ytc7WJaSQAQ9JrJz8,5735b5bc60ae6a5791e1af8036c3fe837265d3d36a6cc7b71c535cdf6c3ed152,17,0.35,1,1538802787420,Entertainment,0.24499999999999997,0.63
rnfYdFdBo4Cjqt3fd,5735b5bc60ae6a5791e1af8036c3fe837265d3d36a6cc7b71c535cdf6c3ed152,18,0.27,1,1538802787420,Entertainment,0.1458,0.525
SNGy6SCsWWxSGQvGk,87ca663a922275eaa776096220b8929c74a62ce3bd46182ff932053fbf400756,1,0.25,1,1538802942483,Sports,1.125,0.345
pcknqXj844SZKscdY,87ca663a922275eaa776096220b8929c74a62ce3bd46182ff932053fbf400756,2,0.67,1,1538802942484,Sports,0.8978000000000002,0.575
eQP8tNT9en45gnhua,87ca663a922275eaa776096220b8929c74a62ce3bd46182ff932053fbf400756,3,0.4,1,1538802942485,Sports,0.32000000000000006,0.52
RKaPS5ZC3pXXtjNDc,87ca663a922275eaa776096220b8929c74a62ce3bd46182ff932053fbf400756,4,0.5,1,1538802942485,Sports,0.5,0.6
c9zCDaufJWBRdSXa5,87ca663a922275eaa776096220b8929c74a62ce3bd46182ff932053fbf400756,5,0.41,1,1538802942486,Sports,0.33619999999999994,0.49
9jqfcYaZhBXdkFtif,87ca663a922275eaa776096220b8929c74a62ce3bd46182ff932053fbf400756,6,0.32,1,1538802942487,Sports,0.2048,0.61
e5j9tLFmN5yZ57AFQ,43b7e1690f953abcac650cd552a659db60ecd5bce2a1c905e433006a0f31202a,13,0.6,1,1538802967670,Entertainment,0.72,0.5
vrbMxmmFQEZ4LNnJF,43b7e1690f953abcac650cd552a659db60ecd5bce2a1c905e433006a0f31202a,14,0.97,1,1538802967671,Entertainment,0.0018000000000000032,0.555
ZRDgettwTXFNM7ztz,43b7e1690f953abcac650cd552a659db60ecd5bce2a1c905e433006a0f31202a,15,1,1,1538802967673,Entertainment,2,0.54
jEg2mfsccCJu5L6G8,43b7e1690f953abcac650cd552a659db60ecd5bce2a1c905e433006a0f31202a,16,0.89,1,1538802967675,Entertainment,0.024199999999999996,0.525
g9bqDCCDbt56fWGKq,43b7e1690f953abcac650cd552a659db60ecd5bce2a1c905e433006a0f31202a,17,0.58,1,1538802967677,Entertainment,0.6728,0.56
ZXkSyGXWsvLhKvgJE,43b7e1690f953abcac650cd552a659db60ecd5bce2a1c905e433006a0f31202a,18,0.83,1,1538802967679,Entertainment,1.3778,0.48
Grr59FfgM6PkqsSee,87ca663a922275eaa776096220b8929c74a62ce3bd46182ff932053fbf400756,7,0.59,1,1538802979281,Politics,0.6961999999999999,0.61
HAfFzrfmm6JzrXvsh,87ca663a922275eaa776096220b8929c74a62ce3bd46182ff932053fbf400756,8,0.38,1,1538802979282,Politics,0.7688,0.56
sjqpm5YiTwynfr4Hk,87ca663a922275eaa776096220b8929c74a62ce3bd46182ff932053fbf400756,9,0.45,1,1538802979283,Politics,0.405,0.54
iJrSiTAfpw9QJcZfw,87ca663a922275eaa776096220b8929c74a62ce3bd46182ff932053fbf400756,10,0.28,1,1538802979283,Politics,0.15680000000000002,0.42
WFgAa7hNDbbgQoLDt,87ca663a922275eaa776096220b8929c74a62ce3bd46182ff932053fbf400756,11,0.62,1,1538802979284,Politics,0.7688,0.36
XX7cLiixhox5iDMyf,87ca663a922275eaa776096220b8929c74a62ce3bd46182ff932053fbf400756,12,0.3,1,1538802979284,Politics,0.18,0.455
XtdtMGMogW8B4haEY,87ca663a922275eaa776096220b8929c74a62ce3bd46182ff932053fbf400756,13,0.6,1,1538803008454,Entertainment,0.72,0.495
pStRWE3sy8f8N3625,87ca663a922275eaa776096220b8929c74a62ce3bd46182ff932053fbf400756,14,0.49,1,1538803008455,Entertainment,0.5202,0.56
QM75GFRED3yZygoz3,87ca663a922275eaa776096220b8929c74a62ce3bd46182ff932053fbf400756,15,0.7,1,1538803008456,Entertainment,0.9799999999999999,0.52
ETvy9ZDEu3mGn7p2T,87ca663a922275eaa776096220b8929c74a62ce3bd46182ff932053fbf400756,16,0.61,1,1538803008457,Entertainment,0.3042,0.455
uCzfjWXsRAZM6cKWD,87ca663a922275eaa776096220b8929c74a62ce3bd46182ff932053fbf400756,17,0.27,1,1538803008457,Entertainment,0.1458,0.385
zYsPWpn2hjEb4eAXg,87ca663a922275eaa776096220b8929c74a62ce3bd46182ff932053fbf400756,18,0.48,1,1538803008459,Entertainment,0.4608,0.505
EdZCbBMvM6KaPhu9B,13b083db61f4c7026b715c4c3beb256cd87896b7523e327f7faa062e7b1aa321,1,0.69,1,1538803652808,Sports,0.19220000000000007,0.58
DWsoG6fcsd752S63M,13b083db61f4c7026b715c4c3beb256cd87896b7523e327f7faa062e7b1aa321,2,0.87,1,1538803652809,Sports,1.5138,0.7
r94hK7s7qykLPNbbD,13b083db61f4c7026b715c4c3beb256cd87896b7523e327f7faa062e7b1aa321,3,0.26,1,1538803652811,Sports,0.13520000000000001,0.54
q9CQfuK5bjN7Nj28f,13b083db61f4c7026b715c4c3beb256cd87896b7523e327f7faa062e7b1aa321,4,0.37,1,1538803652812,Sports,0.7938000000000001,0.745
pTxw26kyMgaim5Rhn,13b083db61f4c7026b715c4c3beb256cd87896b7523e327f7faa062e7b1aa321,5,0.21,1,1538803652813,Sports,0.08819999999999999,0.5
CJvQfCvH6r7mXb339,13b083db61f4c7026b715c4c3beb256cd87896b7523e327f7faa062e7b1aa321,6,0.14,1,1538803652818,Sports,0.039200000000000006,0.42
KQDvkkg95KsHbRp2h,d82d525bf777a23a2576b7686a6b536fd806064d9e3ea53b778d3c63f27ffe83,7,0,1,1538803655609,Politics,0,0.2
ejq5G2wNSoFNvFia2,d82d525bf777a23a2576b7686a6b536fd806064d9e3ea53b778d3c63f27ffe83,8,0,1,1538803655621,Politics,2,0.265
Y3DgwjhXQx8oa3aGF,d82d525bf777a23a2576b7686a6b536fd806064d9e3ea53b778d3c63f27ffe83,9,0.18,1,1538803655628,Politics,0.0648,0.475
jQqkJD42iwg2xq4fe,d82d525bf777a23a2576b7686a6b536fd806064d9e3ea53b778d3c63f27ffe83,10,0.58,1,1538803655630,Politics,0.6728,0.515
ucaXdCd3DFYvhd4Bk,d82d525bf777a23a2576b7686a6b536fd806064d9e3ea53b778d3c63f27ffe83,11,0.53,1,1538803655632,Politics,0.5618000000000001,0.585
ve94wPd5ExxgcYFMS,d82d525bf777a23a2576b7686a6b536fd806064d9e3ea53b778d3c63f27ffe83,12,0,1,1538803655634,Politics,0,0.49
sAuNpfxXSbC4855zP,d82d525bf777a23a2576b7686a6b536fd806064d9e3ea53b778d3c63f27ffe83,13,0.66,1,1538803695143,Entertainment,0.8712000000000001,0.565
FHo9gSdXDyPaCxRaQ,d82d525bf777a23a2576b7686a6b536fd806064d9e3ea53b778d3c63f27ffe83,14,0.96,1,1538803695151,Entertainment,0.003200000000000006,0.575
fc9FaFbTKEWLqZrYo,d82d525bf777a23a2576b7686a6b536fd806064d9e3ea53b778d3c63f27ffe83,15,0.01,1,1538803695153,Entertainment,2e-4,0.195
bnGYo8SKgdCrM8Djg,d82d525bf777a23a2576b7686a6b536fd806064d9e3ea53b778d3c63f27ffe83,16,0.65,1,1538803695160,Entertainment,0.24499999999999997,0.535
XoWQTuwENyT7LhybS,d82d525bf777a23a2576b7686a6b536fd806064d9e3ea53b778d3c63f27ffe83,17,1,1,1538803695162,Entertainment,2,0.605
pdizQPzxMGgNp8kc3,d82d525bf777a23a2576b7686a6b536fd806064d9e3ea53b778d3c63f27ffe83,18,0.54,1,1538803695163,Entertainment,0.5832,0.59
z6iyo58sbQtADrAyE,13b083db61f4c7026b715c4c3beb256cd87896b7523e327f7faa062e7b1aa321,7,0.21,1,1538803699430,Politics,0.08819999999999999,0.305
vwSRgvpL6CS5MJiz8,13b083db61f4c7026b715c4c3beb256cd87896b7523e327f7faa062e7b1aa321,8,0.24,1,1538803699431,Politics,1.1552,0.465
ivmchMj3BbK4kLeD4,13b083db61f4c7026b715c4c3beb256cd87896b7523e327f7faa062e7b1aa321,9,0.14,1,1538803699432,Politics,0.039200000000000006,0.48
ecEszBmSJRhrvwrCN,13b083db61f4c7026b715c4c3beb256cd87896b7523e327f7faa062e7b1aa321,10,0,1,1538803699433,Politics,0,0.44
fAa8DZ9PQSuiwhMWf,13b083db61f4c7026b715c4c3beb256cd87896b7523e327f7faa062e7b1aa321,11,0.05,1,1538803699434,Politics,0.005000000000000001,0.425
pSdJkWT9QMBvvq7c2,13b083db61f4c7026b715c4c3beb256cd87896b7523e327f7faa062e7b1aa321,12,0,1,1538803699434,Politics,0,0.49
iz8bdnR5HdAaCLJXQ,13b083db61f4c7026b715c4c3beb256cd87896b7523e327f7faa062e7b1aa321,13,1,1,1538803749745,Entertainment,2,0.63
KiR85twdEviP6oYT2,13b083db61f4c7026b715c4c3beb256cd87896b7523e327f7faa062e7b1aa321,14,0.33,1,1538803749746,Entertainment,0.8977999999999998,0.7
WZDueX4fZwYNSnL7f,13b083db61f4c7026b715c4c3beb256cd87896b7523e327f7faa062e7b1aa321,15,0.21,1,1538803749748,Entertainment,0.08819999999999999,0.47
ZkHTJNvH6jC5p2es6,13b083db61f4c7026b715c4c3beb256cd87896b7523e327f7faa062e7b1aa321,16,0.74,1,1538803749748,Entertainment,0.13520000000000001,0.575
nHDnocKq43iCgiXy5,13b083db61f4c7026b715c4c3beb256cd87896b7523e327f7faa062e7b1aa321,17,0.18,1,1538803749751,Entertainment,0.0648,0.48
MtPgWxuiribQLtBKL,13b083db61f4c7026b715c4c3beb256cd87896b7523e327f7faa062e7b1aa321,18,0.46,1,1538803749751,Entertainment,0.4232,0.63
M4cwQqiEfyLrpWXbj,b431916eb8fa9354e7fd6d57007acce6f06c3921be7ef6d5655eee5754999166,7,0.8,1,1538804199986,Politics,1.2800000000000002,0.61
CHqoLyxpeBwXJnxNz,b431916eb8fa9354e7fd6d57007acce6f06c3921be7ef6d5655eee5754999166,8,0.7,1,1538804199986,Politics,0.18000000000000005,0.55
HsZTGbfTkivuRkP7j,b431916eb8fa9354e7fd6d57007acce6f06c3921be7ef6d5655eee5754999166,9,0.55,1,1538804199986,Politics,0.6050000000000001,0.445
i2ZhjehPTWyGknoQm,b431916eb8fa9354e7fd6d57007acce6f06c3921be7ef6d5655eee5754999166,10,0.1,1,1538804199986,Politics,0.020000000000000004,0.56
KydNczouDGWXuxKwH,b431916eb8fa9354e7fd6d57007acce6f06c3921be7ef6d5655eee5754999166,11,0.55,1,1538804199986,Politics,0.6050000000000001,0.47
Md3XPhwniGaDtqxJ2,b431916eb8fa9354e7fd6d57007acce6f06c3921be7ef6d5655eee5754999166,12,0,1,1538804199986,Politics,0,0.34
sEZvk6pt8Am8GejR7,a31f7d9fa0bd493ceba6a189b3cdb34d6d2117a5c757040977beea5e3455eab6,1,0.2,1,1538804454924,Sports,1.2800000000000002,0.395
xKPTHjdRdZiDevgi5,a31f7d9fa0bd493ceba6a189b3cdb34d6d2117a5c757040977beea5e3455eab6,2,1,1,1538804454925,Sports,2,0.62
usJdtoEFa3ANzB9wD,a31f7d9fa0bd493ceba6a189b3cdb34d6d2117a5c757040977beea5e3455eab6,3,0,1,1538804454925,Sports,0,0.33
KPFkKibYtrQsxwks8,a31f7d9fa0bd493ceba6a189b3cdb34d6d2117a5c757040977beea5e3455eab6,4,0.76,1,1538804454927,Sports,0.1152,0.66
ojvNzJq6SWWonYbaM,a31f7d9fa0bd493ceba6a189b3cdb34d6d2117a5c757040977beea5e3455eab6,5,0.2,1,1538804454927,Sports,0.08000000000000002,0.44
N54koQqgvRvEN5LP2,a31f7d9fa0bd493ceba6a189b3cdb34d6d2117a5c757040977beea5e3455eab6,6,0.43,1,1538804454927,Sports,0.36979999999999996,0.62
TwQZGSxdrsrpS5dMb,b431916eb8fa9354e7fd6d57007acce6f06c3921be7ef6d5655eee5754999166,13,0.4,1,1538804499107,Entertainment,0.32000000000000006,0.57
zyC4LGgdtBMuKzdPN,b431916eb8fa9354e7fd6d57007acce6f06c3921be7ef6d5655eee5754999166,14,1,1,1538804499109,Entertainment,0,0.54
dhuWwmxmqNsdFx9z4,b431916eb8fa9354e7fd6d57007acce6f06c3921be7ef6d5655eee5754999166,15,0.35,1,1538804499109,Entertainment,0.24499999999999997,0.61
pnFj2F4RRczXcCHyA,b431916eb8fa9354e7fd6d57007acce6f06c3921be7ef6d5655eee5754999166,16,0.2,1,1538804499109,Entertainment,1.2800000000000002,0.51
5C9eAGjN5QaXBQyF9,b431916eb8fa9354e7fd6d57007acce6f06c3921be7ef6d5655eee5754999166,17,0.3,1,1538804499109,Entertainment,0.18,0.575
ewEPKBdKNyt2u3RxM,b431916eb8fa9354e7fd6d57007acce6f06c3921be7ef6d5655eee5754999166,18,0.56,1,1538804499109,Entertainment,0.6272000000000001,0.55
zH4762r2w3DWmXWhQ,a31f7d9fa0bd493ceba6a189b3cdb34d6d2117a5c757040977beea5e3455eab6,7,0.61,1,1538804544451,Politics,0.7442,0.635
fnDimaYEqTxKMgBw2,a31f7d9fa0bd493ceba6a189b3cdb34d6d2117a5c757040977beea5e3455eab6,8,0.41,1,1538804544451,Politics,0.6962000000000002,0.655
QFcAJFRkdX7caCTao,a31f7d9fa0bd493ceba6a189b3cdb34d6d2117a5c757040977beea5e3455eab6,9,0.36,1,1538804544451,Politics,0.2592,0.645
CCcG8uHJpWi7SCWaa,a31f7d9fa0bd493ceba6a189b3cdb34d6d2117a5c757040977beea5e3455eab6,10,0.26,1,1538804544451,Politics,0.13520000000000001,0.45
CRsSxGJ8ekiNYMeEa,a31f7d9fa0bd493ceba6a189b3cdb34d6d2117a5c757040977beea5e3455eab6,11,0.43,1,1538804544451,Politics,0.36979999999999996,0.51
QjPwtzTfXRwCyJ7s8,a31f7d9fa0bd493ceba6a189b3cdb34d6d2117a5c757040977beea5e3455eab6,12,0.11,1,1538804544453,Politics,0.0242,0.52
EHGNWk6Zq2X4xHAH4,a9e56f72d25f2f216d6b2bab3c227de84aef19ea97683c8f802bd43c328dd265,1,0.78,1,1538804604606,Sports,0.09679999999999998,0.595
PxCf2g4fAbCGHwC8i,a9e56f72d25f2f216d6b2bab3c227de84aef19ea97683c8f802bd43c328dd265,2,0.9,1,1538804604608,Sports,1.62,0.57
gFbNHWzcAayTTHhRq,a9e56f72d25f2f216d6b2bab3c227de84aef19ea97683c8f802bd43c328dd265,3,0.27,1,1538804604611,Sports,0.1458,0.425
s6HHTQELFA4CzZcK3,a9e56f72d25f2f216d6b2bab3c227de84aef19ea97683c8f802bd43c328dd265,4,0.83,1,1538804604611,Sports,0.057800000000000025,0.62
HX2ZxFmFrhGG74umt,a9e56f72d25f2f216d6b2bab3c227de84aef19ea97683c8f802bd43c328dd265,5,0.87,1,1538804604612,Sports,1.5138,0.49
Rmocn8HaRgEao5fRW,a9e56f72d25f2f216d6b2bab3c227de84aef19ea97683c8f802bd43c328dd265,6,0.14,1,1538804604613,Sports,0.039200000000000006,0.355
gepxbEAKogCmev9qm,a31f7d9fa0bd493ceba6a189b3cdb34d6d2117a5c757040977beea5e3455eab6,13,0.82,1,1538804637511,Entertainment,1.3447999999999998,0.525
C9bkZMpu8xRS54L2d,a31f7d9fa0bd493ceba6a189b3cdb34d6d2117a5c757040977beea5e3455eab6,14,0.69,1,1538804637512,Entertainment,0.19220000000000007,0.53
YPv93Tgcg9Eo8mpkW,a31f7d9fa0bd493ceba6a189b3cdb34d6d2117a5c757040977beea5e3455eab6,15,0.28,1,1538804637512,Entertainment,0.15680000000000002,0.41
veLu62WCpMsEAombC,a31f7d9fa0bd493ceba6a189b3cdb34d6d2117a5c757040977beea5e3455eab6,16,0.37,1,1538804637513,Entertainment,0.7938000000000001,0.67
mpJ5qs7cpHpgKi7g5,a31f7d9fa0bd493ceba6a189b3cdb34d6d2117a5c757040977beea5e3455eab6,17,0.67,1,1538804637513,Entertainment,0.8978000000000002,0.5
nopL5SSYKNSGJxknH,a31f7d9fa0bd493ceba6a189b3cdb34d6d2117a5c757040977beea5e3455eab6,18,0.19,1,1538804637514,Entertainment,0.0722,0.5
q57wRsDabZqwZb5ms,a9e56f72d25f2f216d6b2bab3c227de84aef19ea97683c8f802bd43c328dd265,7,0.81,1,1538804807761,Politics,1.3122000000000003,0.585
rLYxHg8kBnZMDYusQ,a9e56f72d25f2f216d6b2bab3c227de84aef19ea97683c8f802bd43c328dd265,8,0.18,1,1538804807763,Politics,1.3448000000000002,0.375
fd2DK2nGbmGLrawyz,a9e56f72d25f2f216d6b2bab3c227de84aef19ea97683c8f802bd43c328dd265,9,0.22,1,1538804807763,Politics,0.0968,0.445
QYATustyD7Thzvs4N,a9e56f72d25f2f216d6b2bab3c227de84aef19ea97683c8f802bd43c328dd265,10,0.2,1,1538804807765,Politics,0.08000000000000002,0.45
ccwtGpsSZMWZAQ2t7,a9e56f72d25f2f216d6b2bab3c227de84aef19ea97683c8f802bd43c328dd265,11,0.67,1,1538804807766,Politics,0.8978000000000002,0.465
pohYG3QwMaY3A3qLz,a9e56f72d25f2f216d6b2bab3c227de84aef19ea97683c8f802bd43c328dd265,12,0.06,1,1538804807769,Politics,0.0072,0.47
5YAdTcvNh8C4ALWSR,9de74baecc1392cb9767b6fdc664278e3f894e40e8bc8fcb56934a883a668bc5,1,0.81,1,1538804876529,Sports,0.07219999999999996,0.645
WTfcowWqZ9wauzFZT,9de74baecc1392cb9767b6fdc664278e3f894e40e8bc8fcb56934a883a668bc5,2,0.78,1,1538804876530,Sports,1.2168,0.595
afAB6hy75xSwKyxwX,9de74baecc1392cb9767b6fdc664278e3f894e40e8bc8fcb56934a883a668bc5,3,0.2,1,1538804876530,Sports,0.08000000000000002,0.56
rNLNt7epv5kXRkzpN,9de74baecc1392cb9767b6fdc664278e3f894e40e8bc8fcb56934a883a668bc5,4,0.83,1,1538804876530,Sports,0.057800000000000025,0.695
QQdJHxYWyMxEw9jja,9de74baecc1392cb9767b6fdc664278e3f894e40e8bc8fcb56934a883a668bc5,5,0.85,1,1538804876531,Sports,1.4449999999999998,0.545
XhxvZvHhJ9wiGjjvK,9de74baecc1392cb9767b6fdc664278e3f894e40e8bc8fcb56934a883a668bc5,6,0.22,1,1538804876532,Sports,0.0968,0.505
Zm5GcJWPovWdgD6ch,9de74baecc1392cb9767b6fdc664278e3f894e40e8bc8fcb56934a883a668bc5,7,0.88,1,1538804931530,Politics,1.5488,0.63
36eWpc3Dm3m8XAngy,9de74baecc1392cb9767b6fdc664278e3f894e40e8bc8fcb56934a883a668bc5,8,0.11,1,1538804931530,Politics,1.5842,0.42
8hebRyXdqJzivBfRN,9de74baecc1392cb9767b6fdc664278e3f894e40e8bc8fcb56934a883a668bc5,9,0.04,1,1538804931531,Politics,0.0032,0.325
AjNYQgYsF64L7Kaxa,9de74baecc1392cb9767b6fdc664278e3f894e40e8bc8fcb56934a883a668bc5,10,0.02,1,1538804931531,Politics,8e-4,0.45
q22L7yTFsfcaoWbM4,9de74baecc1392cb9767b6fdc664278e3f894e40e8bc8fcb56934a883a668bc5,11,0.14,1,1538804931531,Politics,0.039200000000000006,0.585
hNjyQaFds3RfZw6T5,9de74baecc1392cb9767b6fdc664278e3f894e40e8bc8fcb56934a883a668bc5,12,0.56,1,1538804931531,Politics,0.6272000000000001,0.47
KD4XXmr2HBE76Dfps,9de74baecc1392cb9767b6fdc664278e3f894e40e8bc8fcb56934a883a668bc5,13,0.89,1,1538804987161,Entertainment,1.5842,0.61
dAqSDF3HdooiccEXA,9de74baecc1392cb9767b6fdc664278e3f894e40e8bc8fcb56934a883a668bc5,14,0.96,1,1538804987161,Entertainment,0.003200000000000006,0.71
tqSZvxHeAksCvKcZg,9de74baecc1392cb9767b6fdc664278e3f894e40e8bc8fcb56934a883a668bc5,15,0.23,1,1538804987161,Entertainment,0.1058,0.46
dAgR4pGweoj38Qnkm,9de74baecc1392cb9767b6fdc664278e3f894e40e8bc8fcb56934a883a668bc5,16,0.33,1,1538804987161,Entertainment,0.8977999999999998,0.735
NRrsp8N348QACkFao,9de74baecc1392cb9767b6fdc664278e3f894e40e8bc8fcb56934a883a668bc5,17,0.13,1,1538804987162,Entertainment,0.033800000000000004,0.42
gR3yCrza4f5N9mgyx,9de74baecc1392cb9767b6fdc664278e3f894e40e8bc8fcb56934a883a668bc5,18,0.04,1,1538804987164,Entertainment,0.0032,0.315
kLqsa8AYfPYbGunyu,a9e56f72d25f2f216d6b2bab3c227de84aef19ea97683c8f802bd43c328dd265,13,0.64,1,1538805092174,Entertainment,0.8192,0.505
GNYDHnAJuajYcGiYE,a9e56f72d25f2f216d6b2bab3c227de84aef19ea97683c8f802bd43c328dd265,14,0.34,1,1538805092176,Entertainment,0.8711999999999998,0.66
DaL6JA5kK698bhwct,a9e56f72d25f2f216d6b2bab3c227de84aef19ea97683c8f802bd43c328dd265,15,0.79,1,1538805092179,Entertainment,1.2482000000000002,0.595
b9XQknNigNnjGdfNk,a9e56f72d25f2f216d6b2bab3c227de84aef19ea97683c8f802bd43c328dd265,16,0.33,1,1538805092180,Entertainment,0.8977999999999998,0.635
Dvi23guox7bBezYea,a9e56f72d25f2f216d6b2bab3c227de84aef19ea97683c8f802bd43c328dd265,17,0.39,1,1538805092182,Entertainment,0.3042,0.635
uXspmSGchaJZZfJ88,a9e56f72d25f2f216d6b2bab3c227de84aef19ea97683c8f802bd43c328dd265,18,0.83,1,1538805092184,Entertainment,1.3778,0.51
hcza5i7mpLfDHgqLv,a7907f21b05d06cfc9472176dcaaa5a6dfab1aaaaa0bcaaef0f0a8ba15031a25,1,0,1,1538805193248,Sports,2,0.31
xKSvZEWWWZ7E4hAPo,a7907f21b05d06cfc9472176dcaaa5a6dfab1aaaaa0bcaaef0f0a8ba15031a25,2,1,1,1538805193250,Sports,2,0.655
8YC9qpiJDCrDpMWDc,a7907f21b05d06cfc9472176dcaaa5a6dfab1aaaaa0bcaaef0f0a8ba15031a25,3,0,1,1538805193251,Sports,0,0.4
kBGPbG4PSeXRAeSKj,a7907f21b05d06cfc9472176dcaaa5a6dfab1aaaaa0bcaaef0f0a8ba15031a25,4,1,1,1538805193251,Sports,0,0.7
W98GW9ekXanBesKS5,a7907f21b05d06cfc9472176dcaaa5a6dfab1aaaaa0bcaaef0f0a8ba15031a25,5,0.38,1,1538805193252,Sports,0.2888,0.735
E3XxsA7Q4Fdxk7Dvy,a7907f21b05d06cfc9472176dcaaa5a6dfab1aaaaa0bcaaef0f0a8ba15031a25,6,0,1,1538805193253,Sports,0,0.365
9YbqY4jkRdyiQo5Y9,a7907f21b05d06cfc9472176dcaaa5a6dfab1aaaaa0bcaaef0f0a8ba15031a25,7,0.5,1,1538805327166,Politics,0.5,0.695
byhP3qysFoxKnwYEa,a7907f21b05d06cfc9472176dcaaa5a6dfab1aaaaa0bcaaef0f0a8ba15031a25,8,0.5,1,1538805327167,Politics,0.5,0.71
h6gbG88v7mwQZcdZw,a7907f21b05d06cfc9472176dcaaa5a6dfab1aaaaa0bcaaef0f0a8ba15031a25,9,0.5,1,1538805327167,Politics,0.5,0.635
WX2APDTtnX4ugPzrR,a7907f21b05d06cfc9472176dcaaa5a6dfab1aaaaa0bcaaef0f0a8ba15031a25,10,0,1,1538805327168,Politics,0,0.55
j78fuZzRxYzkCrCvf,a7907f21b05d06cfc9472176dcaaa5a6dfab1aaaaa0bcaaef0f0a8ba15031a25,11,0,1,1538805327168,Politics,0,0.47
E4bbZGZ4KYpWcGta5,a7907f21b05d06cfc9472176dcaaa5a6dfab1aaaaa0bcaaef0f0a8ba15031a25,12,0,1,1538805327169,Politics,0,0.54
6euQqsKbrhNnmaR4D,a7907f21b05d06cfc9472176dcaaa5a6dfab1aaaaa0bcaaef0f0a8ba15031a25,13,0,1,1538805967473,Entertainment,0,0.35
FKz7BTB6kGC2FC43S,a7907f21b05d06cfc9472176dcaaa5a6dfab1aaaaa0bcaaef0f0a8ba15031a25,14,1,1,1538805967474,Entertainment,0,0.68
eDqdshpSd842ohQch,a7907f21b05d06cfc9472176dcaaa5a6dfab1aaaaa0bcaaef0f0a8ba15031a25,15,0,1,1538805967475,Entertainment,0,0.38
upJ3px9rCbeN6c7i2,a7907f21b05d06cfc9472176dcaaa5a6dfab1aaaaa0bcaaef0f0a8ba15031a25,16,0,1,1538805967475,Entertainment,2,0.33
8wQjBTaccps5EkqiK,a7907f21b05d06cfc9472176dcaaa5a6dfab1aaaaa0bcaaef0f0a8ba15031a25,17,0,1,1538805967475,Entertainment,0,0.35
xcQwJaGaYStPw8QR3,a7907f21b05d06cfc9472176dcaaa5a6dfab1aaaaa0bcaaef0f0a8ba15031a25,18,0.5,1,1538805967476,Entertainment,0.5,0.685
TJa8RF3uT7gFKWdhg,0ba1f6175fbc3becbebefc3e1537c44a1d1d52fa4b2fc07cbcc8c147d1b5fd69,1,0.7,1,1538806074319,Sports,0.18000000000000005,0.635
Ki6wK8z7wPHZ6Pxo5,0ba1f6175fbc3becbebefc3e1537c44a1d1d52fa4b2fc07cbcc8c147d1b5fd69,2,0.41,1,1538806074320,Sports,0.33619999999999994,0.68
jjggnx3xf73BvTrhb,0ba1f6175fbc3becbebefc3e1537c44a1d1d52fa4b2fc07cbcc8c147d1b5fd69,3,0.29,1,1538806074321,Sports,0.1682,0.455
CMrLufTwoYyDpghrg,0ba1f6175fbc3becbebefc3e1537c44a1d1d52fa4b2fc07cbcc8c147d1b5fd69,4,0.66,1,1538806074322,Sports,0.23119999999999996,0.615
MRGDiDdXnYHciNGWc,0ba1f6175fbc3becbebefc3e1537c44a1d1d52fa4b2fc07cbcc8c147d1b5fd69,5,0.34,1,1538806074322,Sports,0.23120000000000004,0.625
P6qgkCiNHCczDW3x9,0ba1f6175fbc3becbebefc3e1537c44a1d1d52fa4b2fc07cbcc8c147d1b5fd69,6,0.38,1,1538806074323,Sports,0.2888,0.63
9vydMNAsxQNwtPmgd,0ba1f6175fbc3becbebefc3e1537c44a1d1d52fa4b2fc07cbcc8c147d1b5fd69,7,0.22,1,1538806189277,Politics,0.0968,0.325
PbtjtkehR6Zu7nhv2,0ba1f6175fbc3becbebefc3e1537c44a1d1d52fa4b2fc07cbcc8c147d1b5fd69,8,0.18,1,1538806189278,Politics,1.3448000000000002,0.335
F2EWxK6XXFg2dnuPH,0ba1f6175fbc3becbebefc3e1537c44a1d1d52fa4b2fc07cbcc8c147d1b5fd69,9,0.41,1,1538806189278,Politics,0.33619999999999994,0.57
tApeKjoSj7qF6wnGq,0ba1f6175fbc3becbebefc3e1537c44a1d1d52fa4b2fc07cbcc8c147d1b5fd69,10,0.2,1,1538806189281,Politics,0.08000000000000002,0.48
aH7unMycbc8jhWyAm,0ba1f6175fbc3becbebefc3e1537c44a1d1d52fa4b2fc07cbcc8c147d1b5fd69,11,0.19,1,1538806189281,Politics,0.0722,0.455
BypSjxeDEi5hEt23Y,0ba1f6175fbc3becbebefc3e1537c44a1d1d52fa4b2fc07cbcc8c147d1b5fd69,12,0.09,1,1538806189281,Politics,0.0162,0.42
z5wT9mi8BuLFwdfwd,0ba1f6175fbc3becbebefc3e1537c44a1d1d52fa4b2fc07cbcc8c147d1b5fd69,13,0.7,1,1538806262421,Entertainment,0.9799999999999999,0.565
xi9fsDcFdmfyfvma2,0ba1f6175fbc3becbebefc3e1537c44a1d1d52fa4b2fc07cbcc8c147d1b5fd69,14,0.61,1,1538806262421,Entertainment,0.3042,0.585
SR6ka4ukq9wYZDFbA,0ba1f6175fbc3becbebefc3e1537c44a1d1d52fa4b2fc07cbcc8c147d1b5fd69,15,0.3,1,1538806262422,Entertainment,0.18,0.63
kkj3G7pCP6DkgSa77,0ba1f6175fbc3becbebefc3e1537c44a1d1d52fa4b2fc07cbcc8c147d1b5fd69,16,0.44,1,1538806262422,Entertainment,0.6272000000000001,0.59
RgnQisscnHhPPZ7YJ,0ba1f6175fbc3becbebefc3e1537c44a1d1d52fa4b2fc07cbcc8c147d1b5fd69,17,0.45,1,1538806262423,Entertainment,0.405,0.58
8z9q5THPbuvmQBW6Q,0ba1f6175fbc3becbebefc3e1537c44a1d1d52fa4b2fc07cbcc8c147d1b5fd69,18,0.45,1,1538806262423,Entertainment,0.405,0.54
Rbomz3Yqrp9vsCAM4,0de78db4b6e51e4047cb1a60e7df483054b0f02ac99c4ebbc83aaa82682f887d,1,0.1,1,1538807975728,Sports,1.62,0.385
gaexrzrpXLjzqoTyx,0de78db4b6e51e4047cb1a60e7df483054b0f02ac99c4ebbc83aaa82682f887d,2,0.81,1,1538807975728,Sports,1.3122000000000003,0.535
uTDrE3MNaoaiAyJnP,0de78db4b6e51e4047cb1a60e7df483054b0f02ac99c4ebbc83aaa82682f887d,3,0.2,1,1538807975730,Sports,0.08000000000000002,0.56
WFeDtWsr3YPXbSkfA,0de78db4b6e51e4047cb1a60e7df483054b0f02ac99c4ebbc83aaa82682f887d,4,0.9,1,1538807975730,Sports,0.01999999999999999,0.605
DwefqgPMQ5J63CWAe,0de78db4b6e51e4047cb1a60e7df483054b0f02ac99c4ebbc83aaa82682f887d,5,0.2,1,1538807975731,Sports,0.08000000000000002,0.485
qWkfx9JmSanMJjA3v,0de78db4b6e51e4047cb1a60e7df483054b0f02ac99c4ebbc83aaa82682f887d,6,0.3,1,1538807975731,Sports,0.18,0.675
ZeG7naP97Sjzcqd9W,0de78db4b6e51e4047cb1a60e7df483054b0f02ac99c4ebbc83aaa82682f887d,7,0.75,1,1538808240566,Politics,1.125,0.655
6e9xHHR3LgJCdaHgx,0de78db4b6e51e4047cb1a60e7df483054b0f02ac99c4ebbc83aaa82682f887d,8,0.8,1,1538808240566,Politics,0.07999999999999996,0.53
tHFhbYASuLAYAnpgg,0de78db4b6e51e4047cb1a60e7df483054b0f02ac99c4ebbc83aaa82682f887d,9,0.2,1,1538808240566,Politics,0.08000000000000002,0.485
7pZWGkMwFE9SqZf8x,0de78db4b6e51e4047cb1a60e7df483054b0f02ac99c4ebbc83aaa82682f887d,10,0.1,1,1538808240567,Politics,0.020000000000000004,0.48
66iDstHbX7cACwDsC,0de78db4b6e51e4047cb1a60e7df483054b0f02ac99c4ebbc83aaa82682f887d,11,0.2,1,1538808240569,Politics,0.08000000000000002,0.495
jBEKzqCp3NQ5CHee7,0de78db4b6e51e4047cb1a60e7df483054b0f02ac99c4ebbc83aaa82682f887d,12,0.11,1,1538808240570,Politics,0.0242,0.565
vwsgDLRvwqF3yGDdw,0de78db4b6e51e4047cb1a60e7df483054b0f02ac99c4ebbc83aaa82682f887d,13,0.73,1,1538808341481,Entertainment,1.0657999999999999,0.565
jvvcG7v7oJbDxesK7,0de78db4b6e51e4047cb1a60e7df483054b0f02ac99c4ebbc83aaa82682f887d,14,0.65,1,1538808341482,Entertainment,0.24499999999999997,0.615
oH3TucqLbRzqvpDPd,0de78db4b6e51e4047cb1a60e7df483054b0f02ac99c4ebbc83aaa82682f887d,15,0.71,1,1538808341483,Entertainment,1.0082,0.535
E6ATZaoYFwLi5C7n7,0de78db4b6e51e4047cb1a60e7df483054b0f02ac99c4ebbc83aaa82682f887d,16,0.33,1,1538808341484,Entertainment,0.8977999999999998,0.66
KuxE3SYmvreeS9BF8,0de78db4b6e51e4047cb1a60e7df483054b0f02ac99c4ebbc83aaa82682f887d,17,0.27,1,1538808341484,Entertainment,0.1458,0.475
nrHuNKFFApYpwWTho,0de78db4b6e51e4047cb1a60e7df483054b0f02ac99c4ebbc83aaa82682f887d,18,0.58,1,1538808341484,Entertainment,0.6728,0.615
mBZ9qssAmDYdATAma,29146cc5ca77c82019628925fb4cfa03c49c9d6a478f3f9f0f3830963b4163a4,13,0.02,1,1538808498197,Entertainment,8e-4,0.34
FroMSApwSfawbf9j4,29146cc5ca77c82019628925fb4cfa03c49c9d6a478f3f9f0f3830963b4163a4,14,1,1,1538808498199,Entertainment,0,0.68
eEwBycWK9W4WfaXsE,29146cc5ca77c82019628925fb4cfa03c49c9d6a478f3f9f0f3830963b4163a4,15,0.98,1,1538808498199,Entertainment,1.9207999999999998,0.67
T6diTQvZSePMw57Tg,29146cc5ca77c82019628925fb4cfa03c49c9d6a478f3f9f0f3830963b4163a4,16,0.05,1,1538808498200,Entertainment,1.805,0.305
4AM6fHA8i38nvi3dv,29146cc5ca77c82019628925fb4cfa03c49c9d6a478f3f9f0f3830963b4163a4,17,0.02,1,1538808498200,Entertainment,8e-4,0.355
iTGLLrufJjQfdzrKf,29146cc5ca77c82019628925fb4cfa03c49c9d6a478f3f9f0f3830963b4163a4,18,0.9,1,1538808498200,Entertainment,1.62,0.62
kKheSj5JFwywRjab6,8a63c56e65689dd24277f17a3d880a22a50f847626bfb2f1b5369834d9352928,1,0.51,1,1538808789222,Sports,0.48019999999999996,0.6
AieusFiAtK45EB9br,8a63c56e65689dd24277f17a3d880a22a50f847626bfb2f1b5369834d9352928,2,0.24,1,1538808789225,Sports,0.1152,0.285
wE5NYDwqeSDjAQjqq,8a63c56e65689dd24277f17a3d880a22a50f847626bfb2f1b5369834d9352928,3,0.34,1,1538808789227,Sports,0.23120000000000004,0.575
DNZPgwySEpwj5rgtY,8a63c56e65689dd24277f17a3d880a22a50f847626bfb2f1b5369834d9352928,4,0.71,1,1538808789228,Sports,0.16820000000000004,0.6
gQfBYqcjCH8Wh7onW,8a63c56e65689dd24277f17a3d880a22a50f847626bfb2f1b5369834d9352928,5,0.43,1,1538808789229,Sports,0.36979999999999996,0.525
rM9FsXmwZJhKmFEkW,8a63c56e65689dd24277f17a3d880a22a50f847626bfb2f1b5369834d9352928,6,0.42,1,1538808789230,Sports,0.35279999999999995,0.575
HKEQ6uoTkE9R7sasx,8a63c56e65689dd24277f17a3d880a22a50f847626bfb2f1b5369834d9352928,7,0.34,1,1538808833194,Politics,0.23120000000000004,0.63
DA3XYC5CXHe3bye6E,8a63c56e65689dd24277f17a3d880a22a50f847626bfb2f1b5369834d9352928,8,0.21,1,1538808833196,Politics,1.2482000000000002,0.355
GTSQJ5KYWvKyp8Maa,8a63c56e65689dd24277f17a3d880a22a50f847626bfb2f1b5369834d9352928,9,0.67,1,1538808833197,Politics,0.8978000000000002,0.42
dr2o4HwhwZfxA4QB9,8a63c56e65689dd24277f17a3d880a22a50f847626bfb2f1b5369834d9352928,10,0.21,1,1538808833198,Politics,0.08819999999999999,0.37
FdrbST7sAWMQWoZXy,8a63c56e65689dd24277f17a3d880a22a50f847626bfb2f1b5369834d9352928,11,0.37,1,1538808833199,Politics,0.2738,0.525
QwAJMEyQ8qkEnTkuF,8a63c56e65689dd24277f17a3d880a22a50f847626bfb2f1b5369834d9352928,12,0.12,1,1538808833200,Politics,0.0288,0.44
aSdEs5ou5gtTbn45q,8a63c56e65689dd24277f17a3d880a22a50f847626bfb2f1b5369834d9352928,13,0.53,1,1538808863087,Entertainment,0.5618000000000001,0.525
iniKDMaqpWNwbSyMD,8a63c56e65689dd24277f17a3d880a22a50f847626bfb2f1b5369834d9352928,14,0.34,1,1538808863089,Entertainment,0.8711999999999998,0.63
WYqXQAHZF4mqqTKP8,8a63c56e65689dd24277f17a3d880a22a50f847626bfb2f1b5369834d9352928,15,0.38,1,1538808863090,Entertainment,0.2888,0.575
RHHCwwximALKCuAkp,8a63c56e65689dd24277f17a3d880a22a50f847626bfb2f1b5369834d9352928,16,0.59,1,1538808863091,Entertainment,0.33620000000000005,0.555
Aerhvyn4fXjPLA63h,8a63c56e65689dd24277f17a3d880a22a50f847626bfb2f1b5369834d9352928,17,0.38,1,1538808863091,Entertainment,0.2888,0.59
XJtyFkpdhPH2p8v4H,8a63c56e65689dd24277f17a3d880a22a50f847626bfb2f1b5369834d9352928,18,0.65,1,1538808863093,Entertainment,0.8450000000000001,0.495
oGkTCFHNYBs3GRmF9,c1572190345a1702280b8fb5418a79be76744c08e4b15f4d6d170aa152931e3e,1,0.57,1,1538809460883,Sports,0.3698000000000001,0.615
p6pDs5yjAksPQoLr8,c1572190345a1702280b8fb5418a79be76744c08e4b15f4d6d170aa152931e3e,2,0.62,1,1538809460888,Sports,0.7688,0.595
CzHPLsAt4oz25xjuh,c1572190345a1702280b8fb5418a79be76744c08e4b15f4d6d170aa152931e3e,3,0,1,1538809460893,Sports,0,0.31
fKyEutcGorZ25zE8G,c1572190345a1702280b8fb5418a79be76744c08e4b15f4d6d170aa152931e3e,4,0.42,1,1538809460896,Sports,0.6728000000000002,0.67
5gw6Z5H6yNtHAReN4,c1572190345a1702280b8fb5418a79be76744c08e4b15f4d6d170aa152931e3e,5,0.33,1,1538809460899,Sports,0.21780000000000002,0.655
EnA4ngnjaBGgMiRXL,c1572190345a1702280b8fb5418a79be76744c08e4b15f4d6d170aa152931e3e,6,0.49,1,1538809460902,Sports,0.48019999999999996,0.645
3qkwSKGoPdss63KAE,c1572190345a1702280b8fb5418a79be76744c08e4b15f4d6d170aa152931e3e,7,0.44,1,1538809514986,Politics,0.3872,0.625
QKvHntJzc4ZDrMopd,c1572190345a1702280b8fb5418a79be76744c08e4b15f4d6d170aa152931e3e,8,0.45,1,1538809514993,Politics,0.6050000000000001,0.645
kv5yQ467YGA4wMW9p,c1572190345a1702280b8fb5418a79be76744c08e4b15f4d6d170aa152931e3e,9,0.2,1,1538809514996,Politics,0.08000000000000002,0.44
ptSJFqqSHD4WZPt7X,c1572190345a1702280b8fb5418a79be76744c08e4b15f4d6d170aa152931e3e,10,0.17,1,1538809514999,Politics,0.05780000000000001,0.55
kgrSTpbbek3dyhoQT,c1572190345a1702280b8fb5418a79be76744c08e4b15f4d6d170aa152931e3e,11,0.43,1,1538809515e3,Politics,0.36979999999999996,0.525
2g9tXwcBka7MhYaN9,c1572190345a1702280b8fb5418a79be76744c08e4b15f4d6d170aa152931e3e,12,0.04,1,1538809515002,Politics,0.0032,0.395
tCTte2yQfpXfBMtNw,c1572190345a1702280b8fb5418a79be76744c08e4b15f4d6d170aa152931e3e,13,0,1,1538809574331,Entertainment,0,0.3
ewXQ8HGveLr6QdxLp,c1572190345a1702280b8fb5418a79be76744c08e4b15f4d6d170aa152931e3e,14,0.78,1,1538809574336,Entertainment,0.09679999999999998,0.615
PRvciEKEkwfZfaFZ8,c1572190345a1702280b8fb5418a79be76744c08e4b15f4d6d170aa152931e3e,15,0.28,1,1538809574340,Entertainment,0.15680000000000002,0.41
cXDBsYsyChGHx2Tvg,c1572190345a1702280b8fb5418a79be76744c08e4b15f4d6d170aa152931e3e,16,0.7,1,1538809574343,Entertainment,0.18000000000000005,0.57
ja7k7zJfQWe7cvDjG,c1572190345a1702280b8fb5418a79be76744c08e4b15f4d6d170aa152931e3e,17,0.34,1,1538809574349,Entertainment,0.23120000000000004,0.64
rMSSDX6aP9Rb46uhs,c1572190345a1702280b8fb5418a79be76744c08e4b15f4d6d170aa152931e3e,18,0.49,1,1538809574352,Entertainment,0.48019999999999996,0.55
dgn4RHmi6azp9KdRQ,59aa9ff6052cc21f75b47298d86734e780c9f366065d0178420d4858096ca9e9,1,0.55,1,1538809775769,Sports,0.4049999999999999,0.605
mh8XGuHj5uthwMfAb,59aa9ff6052cc21f75b47298d86734e780c9f366065d0178420d4858096ca9e9,2,0.35,1,1538809775770,Sports,0.24499999999999997,0.665
cBoFWr6Kebpv3n8wf,59aa9ff6052cc21f75b47298d86734e780c9f366065d0178420d4858096ca9e9,3,0.64,1,1538809775770,Sports,0.8192,0.41
qnh9JJRTzLRYngrfZ,59aa9ff6052cc21f75b47298d86734e780c9f366065d0178420d4858096ca9e9,4,0.25,1,1538809775771,Sports,1.125,0.31
gRTLCF3yECEhMrDz9,59aa9ff6052cc21f75b47298d86734e780c9f366065d0178420d4858096ca9e9,5,0.42,1,1538809775772,Sports,0.35279999999999995,0.515
gS7XQQfRfa3vGchwP,59aa9ff6052cc21f75b47298d86734e780c9f366065d0178420d4858096ca9e9,6,0.4,1,1538809775773,Sports,0.32000000000000006,0.585
DPb35EDFGemAjrwm6,59aa9ff6052cc21f75b47298d86734e780c9f366065d0178420d4858096ca9e9,7,0.8,1,1538809986365,Politics,1.2800000000000002,0.6
E6icq5XboKheQG7fc,59aa9ff6052cc21f75b47298d86734e780c9f366065d0178420d4858096ca9e9,8,0.1,1,1538809986366,Politics,1.62,0.355
WJJR6prhB2zNmRArv,59aa9ff6052cc21f75b47298d86734e780c9f366065d0178420d4858096ca9e9,9,0.1,1,1538809986367,Politics,0.020000000000000004,0.41
FQCtT5xS9CNbvfhvi,59aa9ff6052cc21f75b47298d86734e780c9f366065d0178420d4858096ca9e9,10,0.65,1,1538809986368,Politics,0.8450000000000001,0.34
S6KEP4mi5MsjC97m4,59aa9ff6052cc21f75b47298d86734e780c9f366065d0178420d4858096ca9e9,11,0.56,1,1538809986369,Politics,0.6272000000000001,0.515
bo3ajiojunWkPJhF5,59aa9ff6052cc21f75b47298d86734e780c9f366065d0178420d4858096ca9e9,12,0.21,1,1538809986370,Politics,0.08819999999999999,0.42
9JRQDDT2Dc5e5Nmkb,59aa9ff6052cc21f75b47298d86734e780c9f366065d0178420d4858096ca9e9,13,0.3,1,1538810071512,Entertainment,0.18,0.57
E3oYgfMaqWwPon2sd,59aa9ff6052cc21f75b47298d86734e780c9f366065d0178420d4858096ca9e9,14,0.25,1,1538810071512,Entertainment,1.125,0.355
CzFX5y3K8ct9kYiee,59aa9ff6052cc21f75b47298d86734e780c9f366065d0178420d4858096ca9e9,15,0.65,1,1538810071513,Entertainment,0.8450000000000001,0.525
TPbpbwGDkvDJmaa5x,59aa9ff6052cc21f75b47298d86734e780c9f366065d0178420d4858096ca9e9,16,0.56,1,1538810071514,Entertainment,0.38719999999999993,0.57
KiHGGavt3ewi3nTw2,59aa9ff6052cc21f75b47298d86734e780c9f366065d0178420d4858096ca9e9,17,0.4,1,1538810071516,Entertainment,0.32000000000000006,0.61
Twc6d59KfFg5HMsys,59aa9ff6052cc21f75b47298d86734e780c9f366065d0178420d4858096ca9e9,18,0.29,1,1538810071516,Entertainment,0.1682,0.39
REZRcfoxYbCtHtimi,b270379f170c8fe4471ab6613245d57fa5eb386a509a6cd0a68ed8e3381a5ccc,1,0.75,1,1538811248480,Sports,0.125,0.605
4rRHw2rR8ws5inhGd,b270379f170c8fe4471ab6613245d57fa5eb386a509a6cd0a68ed8e3381a5ccc,2,0.75,1,1538811248482,Sports,1.125,0.63
cfj3nJDxE2Pifq4Dv,b270379f170c8fe4471ab6613245d57fa5eb386a509a6cd0a68ed8e3381a5ccc,3,0.2,1,1538811248482,Sports,0.08000000000000002,0.485
uDTvLJGp8Jip4wb4E,b270379f170c8fe4471ab6613245d57fa5eb386a509a6cd0a68ed8e3381a5ccc,4,0.8,1,1538811248482,Sports,0.07999999999999996,0.65
55dWLJygjFWsZ9Pww,b270379f170c8fe4471ab6613245d57fa5eb386a509a6cd0a68ed8e3381a5ccc,5,0.5,1,1538811248483,Sports,0.5,0.555
3LXm9Q6LnfWwhMFXv,b270379f170c8fe4471ab6613245d57fa5eb386a509a6cd0a68ed8e3381a5ccc,6,0.5,1,1538811248483,Sports,0.5,0.615
k4yDjjCEdm4YHm9Zy,b270379f170c8fe4471ab6613245d57fa5eb386a509a6cd0a68ed8e3381a5ccc,7,0.7,1,1538811382079,Politics,0.9799999999999999,0.625
NM58fKDsZoJ7bZGfW,b270379f170c8fe4471ab6613245d57fa5eb386a509a6cd0a68ed8e3381a5ccc,8,0.75,1,1538811382081,Politics,0.125,0.595
vQdft5hMpjL3mpBaL,b270379f170c8fe4471ab6613245d57fa5eb386a509a6cd0a68ed8e3381a5ccc,9,0.2,1,1538811382081,Politics,0.08000000000000002,0.485
FYZvQYpjAws6D6h4g,b270379f170c8fe4471ab6613245d57fa5eb386a509a6cd0a68ed8e3381a5ccc,10,0.1,1,1538811382081,Politics,0.020000000000000004,0.495
BTaZvbon5WPSHHHb2,b270379f170c8fe4471ab6613245d57fa5eb386a509a6cd0a68ed8e3381a5ccc,11,0.5,1,1538811382082,Politics,0.5,0.525
EFPHGE5RxDzWxbcnz,b270379f170c8fe4471ab6613245d57fa5eb386a509a6cd0a68ed8e3381a5ccc,12,0.1,1,1538811382083,Politics,0.020000000000000004,0.495
6pqxj6gaZDbJBzg7s,b270379f170c8fe4471ab6613245d57fa5eb386a509a6cd0a68ed8e3381a5ccc,13,0.5,1,1538811609592,Entertainment,0.5,0.62
Jyd6nsEEspWDcmBu4,b270379f170c8fe4471ab6613245d57fa5eb386a509a6cd0a68ed8e3381a5ccc,14,0.9,1,1538811609593,Entertainment,0.01999999999999999,0.635
ewFZCgRGQdws7EZqT,b270379f170c8fe4471ab6613245d57fa5eb386a509a6cd0a68ed8e3381a5ccc,15,0.05,1,1538811609594,Entertainment,0.005000000000000001,0.24
4nNkPz6NGiiJfQvn5,b270379f170c8fe4471ab6613245d57fa5eb386a509a6cd0a68ed8e3381a5ccc,16,0.75,1,1538811609595,Entertainment,0.125,0.58
vb8FcZ4vWEbGi7ufK,b270379f170c8fe4471ab6613245d57fa5eb386a509a6cd0a68ed8e3381a5ccc,17,0.2,1,1538811609596,Entertainment,0.08000000000000002,0.5
a3HZ46teuCckDyeky,b270379f170c8fe4471ab6613245d57fa5eb386a509a6cd0a68ed8e3381a5ccc,18,0.2,1,1538811609597,Entertainment,0.08000000000000002,0.52
iys6mfd33KCPWL4e8,0bf49c52e5a2fbf6fbb8934f6d4d30d3a276f4494a760ba06098b1b97e5575ac,1,0.8,1,1538812039179,Sports,0.07999999999999996,0.665
FFW7AKtHnfqjfLYHD,0bf49c52e5a2fbf6fbb8934f6d4d30d3a276f4494a760ba06098b1b97e5575ac,2,0.61,1,1538812039181,Sports,0.7442,0.685
x3PcmbA3m6ynssSRj,0bf49c52e5a2fbf6fbb8934f6d4d30d3a276f4494a760ba06098b1b97e5575ac,3,0.09,1,1538812039182,Sports,0.0162,0.405
iRxvz97EZqWtuTdLR,0bf49c52e5a2fbf6fbb8934f6d4d30d3a276f4494a760ba06098b1b97e5575ac,4,0.92,1,1538812039183,Sports,0.012799999999999987,0.645
ng24bXMREbfCB8L6F,0bf49c52e5a2fbf6fbb8934f6d4d30d3a276f4494a760ba06098b1b97e5575ac,5,0.38,1,1538812039184,Sports,0.2888,0.655
Me2J5KYmAoyA2tEHn,0bf49c52e5a2fbf6fbb8934f6d4d30d3a276f4494a760ba06098b1b97e5575ac,6,0.3,1,1538812039185,Sports,0.18,0.73
eQZNBoFXxhkn7ZYgM,0bf49c52e5a2fbf6fbb8934f6d4d30d3a276f4494a760ba06098b1b97e5575ac,7,0.02,1,1538812066190,Politics,8e-4,0.25
bS6gyYwf5GbPieXkm,0bf49c52e5a2fbf6fbb8934f6d4d30d3a276f4494a760ba06098b1b97e5575ac,8,0.27,1,1538812066191,Politics,1.0657999999999999,0.415
EvJteubcC3zuMZadf,0bf49c52e5a2fbf6fbb8934f6d4d30d3a276f4494a760ba06098b1b97e5575ac,9,0.21,1,1538812066192,Politics,0.08819999999999999,0.54
GvMyDgCPavtowonxF,0bf49c52e5a2fbf6fbb8934f6d4d30d3a276f4494a760ba06098b1b97e5575ac,10,0.06,1,1538812066193,Politics,0.0072,0.415
qF82eBcqxJN6AZGHd,0bf49c52e5a2fbf6fbb8934f6d4d30d3a276f4494a760ba06098b1b97e5575ac,11,0.27,1,1538812066193,Politics,0.1458,0.545
zEQwGLMbD596Nj9St,0bf49c52e5a2fbf6fbb8934f6d4d30d3a276f4494a760ba06098b1b97e5575ac,12,0.05,1,1538812066194,Politics,0.005000000000000001,0.45
Mm5NnmSs9FPY88Hv9,0bf49c52e5a2fbf6fbb8934f6d4d30d3a276f4494a760ba06098b1b97e5575ac,13,0.25,1,1538812107981,Entertainment,0.125,0.41
yLjxZp6nnr6wwS9HA,0bf49c52e5a2fbf6fbb8934f6d4d30d3a276f4494a760ba06098b1b97e5575ac,14,0.75,1,1538812107981,Entertainment,0.125,0.57
2JtaZALvWMcbKSHgH,0bf49c52e5a2fbf6fbb8934f6d4d30d3a276f4494a760ba06098b1b97e5575ac,15,0.3,1,1538812107982,Entertainment,0.18,0.67
PHDRY6kNqPktaTS3A,0bf49c52e5a2fbf6fbb8934f6d4d30d3a276f4494a760ba06098b1b97e5575ac,16,0.11,1,1538812107984,Entertainment,1.5842,0.485
spdbN4YfAj4HzqJj7,0bf49c52e5a2fbf6fbb8934f6d4d30d3a276f4494a760ba06098b1b97e5575ac,17,0.32,1,1538812107984,Entertainment,0.2048,0.645
42oijA7pHHnXMk5yc,0bf49c52e5a2fbf6fbb8934f6d4d30d3a276f4494a760ba06098b1b97e5575ac,18,0.18,1,1538812107985,Entertainment,0.0648,0.42
vzNp52CgxxfrniqQN,e8c9f30cb699baee11f2d6fff35da3b2f50f04c6bf7ed8bb69fa6d7a7fa5e966,1,0.54,1,1538813226086,Sports,0.4231999999999999,0.595
x9G2NqLGY9NrJp3W5,e8c9f30cb699baee11f2d6fff35da3b2f50f04c6bf7ed8bb69fa6d7a7fa5e966,2,0.52,1,1538813226087,Sports,0.5408000000000001,0.62
N4BPXDBAEFcuPi2nm,e8c9f30cb699baee11f2d6fff35da3b2f50f04c6bf7ed8bb69fa6d7a7fa5e966,3,0.55,1,1538813226087,Sports,0.6050000000000001,0.43
uqym6xXEzxBqTybcg,e8c9f30cb699baee11f2d6fff35da3b2f50f04c6bf7ed8bb69fa6d7a7fa5e966,4,0.64,1,1538813226088,Sports,0.2592,0.54
EobgD5D49rahThCSR,e8c9f30cb699baee11f2d6fff35da3b2f50f04c6bf7ed8bb69fa6d7a7fa5e966,5,0.52,1,1538813226088,Sports,0.5408000000000001,0.55
MueN9aR6CCahML7SM,e8c9f30cb699baee11f2d6fff35da3b2f50f04c6bf7ed8bb69fa6d7a7fa5e966,6,0.57,1,1538813226088,Sports,0.6497999999999999,0.545
xmZTo5vxGA7MWE9qN,e8c9f30cb699baee11f2d6fff35da3b2f50f04c6bf7ed8bb69fa6d7a7fa5e966,7,0.51,1,1538813239015,Politics,0.5202,0.585
xmRG6y6JoDAQFdK9W,e8c9f30cb699baee11f2d6fff35da3b2f50f04c6bf7ed8bb69fa6d7a7fa5e966,8,0.46,1,1538813239015,Politics,0.5832,0.555
oJP2NZv52QxKSaENW,e8c9f30cb699baee11f2d6fff35da3b2f50f04c6bf7ed8bb69fa6d7a7fa5e966,9,0.55,1,1538813239015,Politics,0.6050000000000001,0.5
JXoXxhjCLFoAdQCoq,e8c9f30cb699baee11f2d6fff35da3b2f50f04c6bf7ed8bb69fa6d7a7fa5e966,10,0.55,1,1538813239016,Politics,0.6050000000000001,0.34
45EHJC99ihhMzGaJK,e8c9f30cb699baee11f2d6fff35da3b2f50f04c6bf7ed8bb69fa6d7a7fa5e966,11,0.23,1,1538813239016,Politics,0.1058,0.395
WB4uzc3QrSyuFgNHL,e8c9f30cb699baee11f2d6fff35da3b2f50f04c6bf7ed8bb69fa6d7a7fa5e966,12,0.5,1,1538813239016,Politics,0.5,0.34
k3ayY48293rLzvkEi,e8c9f30cb699baee11f2d6fff35da3b2f50f04c6bf7ed8bb69fa6d7a7fa5e966,13,0.47,1,1538813254767,Entertainment,0.44179999999999997,0.525
vrjpdLCe7FNkvAqyb,e8c9f30cb699baee11f2d6fff35da3b2f50f04c6bf7ed8bb69fa6d7a7fa5e966,14,0.58,1,1538813254767,Entertainment,0.35280000000000006,0.555
yS8enxhea7PFxqJHR,e8c9f30cb699baee11f2d6fff35da3b2f50f04c6bf7ed8bb69fa6d7a7fa5e966,15,0.47,1,1538813254769,Entertainment,0.44179999999999997,0.49
PqTHvrMqjCMD9mv6N,e8c9f30cb699baee11f2d6fff35da3b2f50f04c6bf7ed8bb69fa6d7a7fa5e966,16,0.36,1,1538813254769,Entertainment,0.8192,0.605
wNNyWuGMNQQxH9N7D,e8c9f30cb699baee11f2d6fff35da3b2f50f04c6bf7ed8bb69fa6d7a7fa5e966,17,0.52,1,1538813254769,Entertainment,0.5408000000000001,0.505
8FFyh73SQGt72atJo,e8c9f30cb699baee11f2d6fff35da3b2f50f04c6bf7ed8bb69fa6d7a7fa5e966,18,0.47,1,1538813254769,Entertainment,0.44179999999999997,0.56
kyT5h5JXzdGQcDB5B,73e5c0ef7da292e5f0dcae20910d63ba217de047b1bb8f5c86f00547a42e8974,1,0.32,1,1538814270700,Sports,0.9247999999999998,0.72
zcyDzMAXgD6LKQmqx,73e5c0ef7da292e5f0dcae20910d63ba217de047b1bb8f5c86f00547a42e8974,2,0.22,1,1538814270702,Sports,0.0968,0.375
syPiKPXsur8bivw6s,73e5c0ef7da292e5f0dcae20910d63ba217de047b1bb8f5c86f00547a42e8974,3,0.6,1,1538814270704,Sports,0.72,0.415
eEGpai6Th7cYd5oxY,73e5c0ef7da292e5f0dcae20910d63ba217de047b1bb8f5c86f00547a42e8974,4,0.7,1,1538814270706,Sports,0.18000000000000005,0.61
bFWLvwDksGkp8scg2,73e5c0ef7da292e5f0dcae20910d63ba217de047b1bb8f5c86f00547a42e8974,5,0.4,1,1538814270706,Sports,0.32000000000000006,0.605
SckL3ydAnoeNdrYp2,73e5c0ef7da292e5f0dcae20910d63ba217de047b1bb8f5c86f00547a42e8974,6,0.65,1,1538814270707,Sports,0.8450000000000001,0.565
YTZGDAhe6n2dNMrfC,f2f774aebc2263154b27c598bb7129b1580f8931dcfd202821a2b561b1a13be4,1,1,1,1538814278511,Sports,0,0.715
mXBdFYqoMJDhwhsuB,f2f774aebc2263154b27c598bb7129b1580f8931dcfd202821a2b561b1a13be4,2,1,1,1538814278514,Sports,2,0.695
z8Ffommkk7v2GkQ7Z,f2f774aebc2263154b27c598bb7129b1580f8931dcfd202821a2b561b1a13be4,3,0,1,1538814278517,Sports,0,0.395
4ueyg5m8bAevMWK7s,f2f774aebc2263154b27c598bb7129b1580f8931dcfd202821a2b561b1a13be4,4,1,1,1538814278519,Sports,0,0.72
7P3NfsuW5jfNAr2sP,f2f774aebc2263154b27c598bb7129b1580f8931dcfd202821a2b561b1a13be4,5,0,1,1538814278521,Sports,0,0.3
cuQHadoDjBDLsfAA3,f2f774aebc2263154b27c598bb7129b1580f8931dcfd202821a2b561b1a13be4,6,0,1,1538814278523,Sports,0,0.305
uSzBPqonHt5HPXDTo,f2f774aebc2263154b27c598bb7129b1580f8931dcfd202821a2b561b1a13be4,7,0.5,1,1538814318157,Politics,0.5,0.695
8FSaC2TF7YGRonQaC,f2f774aebc2263154b27c598bb7129b1580f8931dcfd202821a2b561b1a13be4,8,0.53,1,1538814318159,Politics,0.44179999999999997,0.625
rxfi5mqQd8tumCPfp,f2f774aebc2263154b27c598bb7129b1580f8931dcfd202821a2b561b1a13be4,9,0.68,1,1538814318161,Politics,0.9248000000000002,0.515
PWBZsxhpAeaAHPQ8G,f2f774aebc2263154b27c598bb7129b1580f8931dcfd202821a2b561b1a13be4,10,0.2,1,1538814318163,Politics,0.08000000000000002,0.465
FschXRgLv9j6EM9Mj,f2f774aebc2263154b27c598bb7129b1580f8931dcfd202821a2b561b1a13be4,11,0,1,1538814318165,Politics,0,0.425
DxHAitKb9dTE9ncmg,f2f774aebc2263154b27c598bb7129b1580f8931dcfd202821a2b561b1a13be4,12,0,1,1538814318167,Politics,0,0.535
74jKBm5ZMxYhWs97C,73e5c0ef7da292e5f0dcae20910d63ba217de047b1bb8f5c86f00547a42e8974,7,0.8,1,1538814391300,Politics,1.2800000000000002,0.615
YvjRhDizKzRGSNg2J,73e5c0ef7da292e5f0dcae20910d63ba217de047b1bb8f5c86f00547a42e8974,8,0.3,1,1538814391301,Politics,0.9799999999999999,0.66
TNTT5zwn8DN6i9Mmk,73e5c0ef7da292e5f0dcae20910d63ba217de047b1bb8f5c86f00547a42e8974,9,0.13,1,1538814391301,Politics,0.033800000000000004,0.435
NDbijGKehxnmZbypc,73e5c0ef7da292e5f0dcae20910d63ba217de047b1bb8f5c86f00547a42e8974,10,0.1,1,1538814391305,Politics,0.020000000000000004,0.54
ytqEc9HcrJsX8QM8w,73e5c0ef7da292e5f0dcae20910d63ba217de047b1bb8f5c86f00547a42e8974,11,0.2,1,1538814391306,Politics,0.08000000000000002,0.5
3XsphN25zF7YQTLt9,73e5c0ef7da292e5f0dcae20910d63ba217de047b1bb8f5c86f00547a42e8974,12,0.05,1,1538814391307,Politics,0.005000000000000001,0.435
TNbaMfs5YFgww9gaG,73e5c0ef7da292e5f0dcae20910d63ba217de047b1bb8f5c86f00547a42e8974,13,0.86,1,1538814472408,Entertainment,1.4791999999999998,0.575
bopX7Z6EehArdfiPG,73e5c0ef7da292e5f0dcae20910d63ba217de047b1bb8f5c86f00547a42e8974,14,0.25,1,1538814472410,Entertainment,1.125,0.41
dGGp9vhFp2wdvsmFv,73e5c0ef7da292e5f0dcae20910d63ba217de047b1bb8f5c86f00547a42e8974,15,0.19,1,1538814472411,Entertainment,0.0722,0.385
5GXd6j4RkEmHR5PSB,73e5c0ef7da292e5f0dcae20910d63ba217de047b1bb8f5c86f00547a42e8974,16,0.3,1,1538814472412,Entertainment,0.9799999999999999,0.695
cKT7SEFdQ9itHB97m,73e5c0ef7da292e5f0dcae20910d63ba217de047b1bb8f5c86f00547a42e8974,17,0.38,1,1538814472413,Entertainment,0.2888,0.635
HLJQCMmbe2Xzf323D,73e5c0ef7da292e5f0dcae20910d63ba217de047b1bb8f5c86f00547a42e8974,18,0.19,1,1538814472415,Entertainment,0.0722,0.38
QKzcRtAtKHyMEBHLa,f2f774aebc2263154b27c598bb7129b1580f8931dcfd202821a2b561b1a13be4,13,0.5,1,1538814516624,Entertainment,0.5,0.62
wG6cEAweyo8gBD6Bj,f2f774aebc2263154b27c598bb7129b1580f8931dcfd202821a2b561b1a13be4,14,0.13,1,1538814516625,Entertainment,1.5138,0.39
CbJ9YPXGJm2G8GRcv,f2f774aebc2263154b27c598bb7129b1580f8931dcfd202821a2b561b1a13be4,15,0.25,1,1538814516628,Entertainment,0.125,0.47
aAaa7JJoaAWumwSTW,f2f774aebc2263154b27c598bb7129b1580f8931dcfd202821a2b561b1a13be4,16,0.76,1,1538814516630,Entertainment,0.1152,0.645
qsx9HcEdzsEC6hzK8,f2f774aebc2263154b27c598bb7129b1580f8931dcfd202821a2b561b1a13be4,17,0.13,1,1538814516631,Entertainment,0.033800000000000004,0.46
mrJw6La9kDQh88N79,f2f774aebc2263154b27c598bb7129b1580f8931dcfd202821a2b561b1a13be4,18,0.15,1,1538814516635,Entertainment,0.045,0.445
zDLfkkDTK5qgze33A,97308739fee7c2f5f517e89009a4f92b283e55817bc1c74660871f07d2c60c57,1,0.61,1,1538816168446,Sports,0.3042,0.515
qcQyJG8sgH8Z4XjZt,97308739fee7c2f5f517e89009a4f92b283e55817bc1c74660871f07d2c60c57,2,0.66,1,1538816168449,Sports,0.8712000000000001,0.54
FMFpboaPbMhy3kK5a,97308739fee7c2f5f517e89009a4f92b283e55817bc1c74660871f07d2c60c57,3,0.39,1,1538816168452,Sports,0.3042,0.555
gegdCPgqCvL2yQ3DN,97308739fee7c2f5f517e89009a4f92b283e55817bc1c74660871f07d2c60c57,4,0.81,1,1538816168453,Sports,0.07219999999999996,0.555
ZwzkmhxJ3SAMMsYsd,97308739fee7c2f5f517e89009a4f92b283e55817bc1c74660871f07d2c60c57,5,0.7,1,1538816168454,Sports,0.9799999999999999,0.425
GazQSrgPjsNzm7NNy,97308739fee7c2f5f517e89009a4f92b283e55817bc1c74660871f07d2c60c57,6,0.6,1,1538816168456,Sports,0.72,0.465
aZ86LRCfi62vNCYxm,97308739fee7c2f5f517e89009a4f92b283e55817bc1c74660871f07d2c60c57,7,0.68,1,1538816216338,Politics,0.9248000000000002,0.52
33pqHnRcLWhSmsDDp,97308739fee7c2f5f517e89009a4f92b283e55817bc1c74660871f07d2c60c57,8,0.43,1,1538816216339,Politics,0.6498000000000002,0.545
wF9ETDdFLM2Lzkot6,97308739fee7c2f5f517e89009a4f92b283e55817bc1c74660871f07d2c60c57,9,0.52,1,1538816216342,Politics,0.5408000000000001,0.545
jo9Wgg4yBoQdiEJxB,97308739fee7c2f5f517e89009a4f92b283e55817bc1c74660871f07d2c60c57,10,0.21,1,1538816216343,Politics,0.08819999999999999,0.385
RJK9vrPdiR3LTcAXE,97308739fee7c2f5f517e89009a4f92b283e55817bc1c74660871f07d2c60c57,11,0.34,1,1538816216344,Politics,0.23120000000000004,0.52
FtyySLBq3BpgzEF73,97308739fee7c2f5f517e89009a4f92b283e55817bc1c74660871f07d2c60c57,12,0.45,1,1538816216345,Politics,0.405,0.365
wXB7BE7wnnnxDeJMf,97308739fee7c2f5f517e89009a4f92b283e55817bc1c74660871f07d2c60c57,13,0.37,1,1538816251279,Entertainment,0.2738,0.54
wqqTEJ3AwK8CKb9vi,97308739fee7c2f5f517e89009a4f92b283e55817bc1c74660871f07d2c60c57,14,0.44,1,1538816251281,Entertainment,0.6272000000000001,0.595
w6xqsyZevPPW6TQzu,97308739fee7c2f5f517e89009a4f92b283e55817bc1c74660871f07d2c60c57,15,0.65,1,1538816251282,Entertainment,0.8450000000000001,0.475
PyFKEGGoWbhvMFT7G,97308739fee7c2f5f517e89009a4f92b283e55817bc1c74660871f07d2c60c57,16,0.58,1,1538816251284,Entertainment,0.35280000000000006,0.515
R6mvdjscdwdR7rRKe,97308739fee7c2f5f517e89009a4f92b283e55817bc1c74660871f07d2c60c57,17,0.41,1,1538816251284,Entertainment,0.33619999999999994,0.54
Cuxn6qh7tQEEEwkyp,97308739fee7c2f5f517e89009a4f92b283e55817bc1c74660871f07d2c60c57,18,0.37,1,1538816251286,Entertainment,0.2738,0.605
kW7qrGMFh2humWzKa,66223fcf81add4aef1b101c614e68b7d6861ae5039d94c553e806a1fb4069924,1,0.71,1,1538822995524,Sports,0.16820000000000004,0.585
fbnAxvijtwBAHyB9c,66223fcf81add4aef1b101c614e68b7d6861ae5039d94c553e806a1fb4069924,2,0.71,1,1538822995525,Sports,1.0082,0.59
P7yffzhqbbiy6sxAT,66223fcf81add4aef1b101c614e68b7d6861ae5039d94c553e806a1fb4069924,3,0.11,1,1538822995525,Sports,0.0242,0.45
EJqQZte3bvP6ey2yf,66223fcf81add4aef1b101c614e68b7d6861ae5039d94c553e806a1fb4069924,4,0.44,1,1538822995525,Sports,0.6272000000000001,0.63
D3DtE8P8oCEzDK6dk,66223fcf81add4aef1b101c614e68b7d6861ae5039d94c553e806a1fb4069924,5,0.19,1,1538822995526,Sports,0.0722,0.39
eSfjo7PJuK4TFmGL2,66223fcf81add4aef1b101c614e68b7d6861ae5039d94c553e806a1fb4069924,6,0.56,1,1538822995526,Sports,0.6272000000000001,0.595
YfKymv97b2rGQ7wag,66223fcf81add4aef1b101c614e68b7d6861ae5039d94c553e806a1fb4069924,7,0.31,1,1538823036196,Politics,0.1922,0.66
K4zgw25Hp75cwe6Pq,66223fcf81add4aef1b101c614e68b7d6861ae5039d94c553e806a1fb4069924,8,0.46,1,1538823036196,Politics,0.5832,0.58
qEK65YJFEHsGJD3Wy,66223fcf81add4aef1b101c614e68b7d6861ae5039d94c553e806a1fb4069924,9,0.54,1,1538823036197,Politics,0.5832,0.54
nJcTBzypniRJPBrqc,66223fcf81add4aef1b101c614e68b7d6861ae5039d94c553e806a1fb4069924,10,0.2,1,1538823036197,Politics,0.08000000000000002,0.425
WWW7EjAq3bhbvk9GB,66223fcf81add4aef1b101c614e68b7d6861ae5039d94c553e806a1fb4069924,11,0.37,1,1538823036197,Politics,0.2738,0.56
nrWCc7TF2ydfw9Bnr,66223fcf81add4aef1b101c614e68b7d6861ae5039d94c553e806a1fb4069924,12,0.51,1,1538823036198,Politics,0.5202,0.46
osnBShqwyeRwDAC2A,66223fcf81add4aef1b101c614e68b7d6861ae5039d94c553e806a1fb4069924,13,0.06,1,1538823081324,Entertainment,0.0072,0.215
QkYenvpw6gHg5cx7W,66223fcf81add4aef1b101c614e68b7d6861ae5039d94c553e806a1fb4069924,14,0.55,1,1538823081325,Entertainment,0.4049999999999999,0.6
f7a3oGC5ho9AHgv4x,66223fcf81add4aef1b101c614e68b7d6861ae5039d94c553e806a1fb4069924,15,0.63,1,1538823081325,Entertainment,0.7938000000000001,0.48
Ms3f4nMnZpWHPTTGF,66223fcf81add4aef1b101c614e68b7d6861ae5039d94c553e806a1fb4069924,16,0.54,1,1538823081325,Entertainment,0.4231999999999999,0.57
kceZggk8JMbAo2YZY,66223fcf81add4aef1b101c614e68b7d6861ae5039d94c553e806a1fb4069924,17,1,1,1538823081326,Entertainment,2,0.475
ugXru9rEZaPiyQM7x,66223fcf81add4aef1b101c614e68b7d6861ae5039d94c553e806a1fb4069924,18,0.44,1,1538823081326,Entertainment,0.3872,0.495
thbW2DhRoGPrYy364,4413057ff28fe4d0fd3dadbe6369597b41a04012b8e5c719cd293f09f41db470,1,0.93,1,1538820323607,Sports,0.009799999999999986,0.525
StJTPCuGBktrwmx5v,4413057ff28fe4d0fd3dadbe6369597b41a04012b8e5c719cd293f09f41db470,2,0.83,1,1538820323610,Sports,1.3778,0.5
DE6qH9nfh59jNqWy3,4413057ff28fe4d0fd3dadbe6369597b41a04012b8e5c719cd293f09f41db470,3,0.34,1,1538820323613,Sports,0.23120000000000004,0.555
upZDxSTkTHjRgpQmx,4413057ff28fe4d0fd3dadbe6369597b41a04012b8e5c719cd293f09f41db470,4,0.62,1,1538820323615,Sports,0.2888,0.6
LkwhTFmzuisCMKNPh,4413057ff28fe4d0fd3dadbe6369597b41a04012b8e5c719cd293f09f41db470,5,0.8,1,1538820323617,Sports,1.2800000000000002,0.51
FWPAd9RR2WkqFG6tH,4413057ff28fe4d0fd3dadbe6369597b41a04012b8e5c719cd293f09f41db470,6,0.49,1,1538820323619,Sports,0.48019999999999996,0.57
TKNGSmAWiKpzY2akD,4413057ff28fe4d0fd3dadbe6369597b41a04012b8e5c719cd293f09f41db470,7,0.69,1,1538820514891,Politics,0.9521999999999998,0.54
NMLYaWev4zLM3w9vc,4413057ff28fe4d0fd3dadbe6369597b41a04012b8e5c719cd293f09f41db470,8,0.44,1,1538820514893,Politics,0.6272000000000001,0.54
HqhC6bTchDAvxKK4F,4413057ff28fe4d0fd3dadbe6369597b41a04012b8e5c719cd293f09f41db470,9,0.75,1,1538820514896,Politics,1.125,0.435
BfjkY8pCYNE397yEG,4413057ff28fe4d0fd3dadbe6369597b41a04012b8e5c719cd293f09f41db470,10,0.47,1,1538820514898,Politics,0.44179999999999997,0.33
rD3ekMcEYP6mQwmgb,4413057ff28fe4d0fd3dadbe6369597b41a04012b8e5c719cd293f09f41db470,11,0.7,1,1538820514900,Politics,0.9799999999999999,0.295
BnCixFmRmFzs2bZ26,4413057ff28fe4d0fd3dadbe6369597b41a04012b8e5c719cd293f09f41db470,12,0.44,1,1538820514905,Politics,0.3872,0.355
6ZZfiMQbzdgD9raXr,4413057ff28fe4d0fd3dadbe6369597b41a04012b8e5c719cd293f09f41db470,13,0.88,1,1538820531973,Entertainment,1.5488,0.485
ak4Cu7pcaX4jcgjk8,4413057ff28fe4d0fd3dadbe6369597b41a04012b8e5c719cd293f09f41db470,14,0.51,1,1538820531976,Entertainment,0.48019999999999996,0.61
vfBHrmRxNPB2JcFhw,4413057ff28fe4d0fd3dadbe6369597b41a04012b8e5c719cd293f09f41db470,15,0.81,1,1538820531978,Entertainment,1.3122000000000003,0.485
qpe3BMNc4Bp49mdML,4413057ff28fe4d0fd3dadbe6369597b41a04012b8e5c719cd293f09f41db470,16,0.52,1,1538820531980,Entertainment,0.4608,0.545
rMmFNkS6jYznKQixQ,4413057ff28fe4d0fd3dadbe6369597b41a04012b8e5c719cd293f09f41db470,17,0.67,1,1538820531982,Entertainment,0.8978000000000002,0.485
Man48BCRsTyK3civg,4413057ff28fe4d0fd3dadbe6369597b41a04012b8e5c719cd293f09f41db470,18,0.48,1,1538820531984,Entertainment,0.4608,0.505
CZrmwaLZqawffqsbn,6e45a50d239f61fb1940b768a8ea95c6e0b2c71d6fbca5dfd07a3ab5f73b94d0,1,0.7,1,1538821090465,Sports,0.18000000000000005,0.59
5avNdZAyf2BgCJfSw,6e45a50d239f61fb1940b768a8ea95c6e0b2c71d6fbca5dfd07a3ab5f73b94d0,2,0.7,1,1538821090466,Sports,0.9799999999999999,0.605
SSioBCavwtA3Kzab7,6e45a50d239f61fb1940b768a8ea95c6e0b2c71d6fbca5dfd07a3ab5f73b94d0,3,0.8,1,1538821090466,Sports,1.2800000000000002,0.415
mYcNvgT6s2bphGxsn,6e45a50d239f61fb1940b768a8ea95c6e0b2c71d6fbca5dfd07a3ab5f73b94d0,4,0.4,1,1538821090466,Sports,0.72,0.695
qc4rmSHw3dQaT3kjp,6e45a50d239f61fb1940b768a8ea95c6e0b2c71d6fbca5dfd07a3ab5f73b94d0,5,0.1,1,1538821090466,Sports,0.020000000000000004,0.34
ePs5wwpxhR63TC3ni,6e45a50d239f61fb1940b768a8ea95c6e0b2c71d6fbca5dfd07a3ab5f73b94d0,6,0.6,1,1538821090466,Sports,0.72,0.6
Az56jorC4HyTRhuqo,6e45a50d239f61fb1940b768a8ea95c6e0b2c71d6fbca5dfd07a3ab5f73b94d0,7,0.6,1,1538821114104,Politics,0.72,0.56
aBTnwYr5grxuQYWLR,6e45a50d239f61fb1940b768a8ea95c6e0b2c71d6fbca5dfd07a3ab5f73b94d0,8,0.2,1,1538821114104,Politics,1.2800000000000002,0.355
BSbkQnGSyvCnamngc,6e45a50d239f61fb1940b768a8ea95c6e0b2c71d6fbca5dfd07a3ab5f73b94d0,9,0.4,1,1538821114106,Politics,0.32000000000000006,0.515
ypXHiCnvZd2NPq6py,6e45a50d239f61fb1940b768a8ea95c6e0b2c71d6fbca5dfd07a3ab5f73b94d0,10,0.6,1,1538821114106,Politics,0.72,0.42
oysBeJsmP3cekaGfP,6e45a50d239f61fb1940b768a8ea95c6e0b2c71d6fbca5dfd07a3ab5f73b94d0,11,0.3,1,1538821114106,Politics,0.18,0.62
7FRdTmwrkg37pEF5g,6e45a50d239f61fb1940b768a8ea95c6e0b2c71d6fbca5dfd07a3ab5f73b94d0,12,0.2,1,1538821114106,Politics,0.08000000000000002,0.44
4jRJKRpdtPFxiE2Np,6e45a50d239f61fb1940b768a8ea95c6e0b2c71d6fbca5dfd07a3ab5f73b94d0,13,0.6,1,1538821144864,Entertainment,0.72,0.535
3iD4hFDbhHbupatvs,6e45a50d239f61fb1940b768a8ea95c6e0b2c71d6fbca5dfd07a3ab5f73b94d0,14,0.9,1,1538821144864,Entertainment,0.01999999999999999,0.545
Zj4TPwx38qDPNPhQR,6e45a50d239f61fb1940b768a8ea95c6e0b2c71d6fbca5dfd07a3ab5f73b94d0,15,0.6,1,1538821144865,Entertainment,0.72,0.545
qN8HQ9PeuaWLymvuQ,6e45a50d239f61fb1940b768a8ea95c6e0b2c71d6fbca5dfd07a3ab5f73b94d0,16,0.2,1,1538821144867,Entertainment,1.2800000000000002,0.485
miKfiRoui2ox9E6LX,6e45a50d239f61fb1940b768a8ea95c6e0b2c71d6fbca5dfd07a3ab5f73b94d0,17,0.5,1,1538821144868,Entertainment,0.5,0.56
GHN52QtGauM4TGxoj,6e45a50d239f61fb1940b768a8ea95c6e0b2c71d6fbca5dfd07a3ab5f73b94d0,18,0.7,1,1538821144868,Entertainment,0.9799999999999999,0.48
NZtaTp2CdfFiNL4ot,ebca1046806a39853b601a314c2e3defb7fe0a389598a0f3872694f556258c69,1,0.84,1,1538822490925,Sports,0.05120000000000002,0.61
ZX5e9ppcD9fFYPj2J,ebca1046806a39853b601a314c2e3defb7fe0a389598a0f3872694f556258c69,2,0.8,1,1538822490930,Sports,1.2800000000000002,0.635
9J34hrGC8Qe6Ecqb4,ebca1046806a39853b601a314c2e3defb7fe0a389598a0f3872694f556258c69,3,0.24,1,1538822490932,Sports,0.1152,0.555
XMJMR9fsXR7y2ZMtS,ebca1046806a39853b601a314c2e3defb7fe0a389598a0f3872694f556258c69,4,0.66,1,1538822490935,Sports,0.23119999999999996,0.695
5zHF8BcykoLPvF3mF,ebca1046806a39853b601a314c2e3defb7fe0a389598a0f3872694f556258c69,5,0.99,1,1538822490937,Sports,1.9602,0.585
yHRxBkFu7mq9xkMkM,ebca1046806a39853b601a314c2e3defb7fe0a389598a0f3872694f556258c69,6,0.78,1,1538822490939,Sports,1.2168,0.625
ntx62wbKM6MJrezot,ebca1046806a39853b601a314c2e3defb7fe0a389598a0f3872694f556258c69,7,0.1,1,1538822549854,Politics,0.020000000000000004,0.405
xJmbJv9cmxFtRHsiN,ebca1046806a39853b601a314c2e3defb7fe0a389598a0f3872694f556258c69,8,0,1,1538822549856,Politics,2,0.26
nW4hTLQ9gJm4mvFt3,ebca1046806a39853b601a314c2e3defb7fe0a389598a0f3872694f556258c69,9,0.64,1,1538822549859,Politics,0.8192,0.505
LAm4ZKzQSr3wemWCo,ebca1046806a39853b601a314c2e3defb7fe0a389598a0f3872694f556258c69,10,0,1,1538822549861,Politics,0,0.49
APERtvDWAfcL4JiTP,ebca1046806a39853b601a314c2e3defb7fe0a389598a0f3872694f556258c69,11,0.12,1,1538822549864,Politics,0.0288,0.59
tDqPj2e85u9QsKy9g,ebca1046806a39853b601a314c2e3defb7fe0a389598a0f3872694f556258c69,12,0,1,1538822549865,Politics,0,0.495
LCtQftWPQK7so6tek,ebca1046806a39853b601a314c2e3defb7fe0a389598a0f3872694f556258c69,13,0.57,1,1538822634666,Entertainment,0.6497999999999999,0.585
HFjcsX66uX6CYAkif,ebca1046806a39853b601a314c2e3defb7fe0a389598a0f3872694f556258c69,14,0.1,1,1538822634670,Entertainment,1.62,0.395
S9TTZcs5WwwFWzF7d,ebca1046806a39853b601a314c2e3defb7fe0a389598a0f3872694f556258c69,15,0.76,1,1538822634672,Entertainment,1.1552,0.625
CjApcg2erq2S6EPLK,ebca1046806a39853b601a314c2e3defb7fe0a389598a0f3872694f556258c69,16,0.59,1,1538822634675,Entertainment,0.33620000000000005,0.62
cp35aSuodEDL3W54Q,ebca1046806a39853b601a314c2e3defb7fe0a389598a0f3872694f556258c69,17,0.25,1,1538822634678,Entertainment,0.125,0.45
7bY8LZutPxh9XTfLQ,ebca1046806a39853b601a314c2e3defb7fe0a389598a0f3872694f556258c69,18,0.23,1,1538822634680,Entertainment,0.1058,0.55
3NE6gCTwcFoZ529Qd,25edda6948a55557bcb89dfc4724e472ccfed8068bd7ee5872de0e845b4aa0c4,1,0.92,1,1538823809669,Sports,0.012799999999999987,0.62
MrqvFRDSTAohvhtz2,25edda6948a55557bcb89dfc4724e472ccfed8068bd7ee5872de0e845b4aa0c4,2,0.23,1,1538823809669,Sports,0.1058,0.375
HXhLk7tMCqAffYBft,25edda6948a55557bcb89dfc4724e472ccfed8068bd7ee5872de0e845b4aa0c4,3,0.88,1,1538823809669,Sports,1.5488,0.455
q9QCKQYfoJPLbdH7g,25edda6948a55557bcb89dfc4724e472ccfed8068bd7ee5872de0e845b4aa0c4,4,0.93,1,1538823809669,Sports,0.009799999999999986,0.665
SyAfEzZx9L2ziwNu3,25edda6948a55557bcb89dfc4724e472ccfed8068bd7ee5872de0e845b4aa0c4,5,1,1,1538823809669,Sports,2,0.55
oaihtoNgxPkatmyHB,25edda6948a55557bcb89dfc4724e472ccfed8068bd7ee5872de0e845b4aa0c4,6,0.21,1,1538823809669,Sports,0.08819999999999999,0.585
R24hAzmxgi9qrPYZc,25edda6948a55557bcb89dfc4724e472ccfed8068bd7ee5872de0e845b4aa0c4,7,0.17,1,1538823857880,Politics,0.05780000000000001,0.355
8sw7xRPmNBDF39E6g,25edda6948a55557bcb89dfc4724e472ccfed8068bd7ee5872de0e845b4aa0c4,8,0,1,1538823857880,Politics,2,0.24
igtZJfmPco9W9siXJ,25edda6948a55557bcb89dfc4724e472ccfed8068bd7ee5872de0e845b4aa0c4,9,0.87,1,1538823857880,Politics,1.5138,0.525
uugzmSZKncJK3RdLk,25edda6948a55557bcb89dfc4724e472ccfed8068bd7ee5872de0e845b4aa0c4,10,0.18,1,1538823857880,Politics,0.0648,0.64
4Y5pRe9n2jsF38htD,25edda6948a55557bcb89dfc4724e472ccfed8068bd7ee5872de0e845b4aa0c4,11,0.83,1,1538823857880,Politics,1.3778,0.45
pQiPQYxtKvSvpK7TD,25edda6948a55557bcb89dfc4724e472ccfed8068bd7ee5872de0e845b4aa0c4,12,0.81,1,1538823857880,Politics,1.3122000000000003,0.445
34jQy7vwCAKH4TQCH,25edda6948a55557bcb89dfc4724e472ccfed8068bd7ee5872de0e845b4aa0c4,13,0.98,1,1538823884840,Entertainment,1.9207999999999998,0.555
SC6Y3X2kFtnjHCaCP,25edda6948a55557bcb89dfc4724e472ccfed8068bd7ee5872de0e845b4aa0c4,14,0.21,1,1538823884840,Entertainment,1.2482000000000002,0.38
CP26RTe3jiTjKMjmT,25edda6948a55557bcb89dfc4724e472ccfed8068bd7ee5872de0e845b4aa0c4,15,0.84,1,1538823884840,Entertainment,1.4111999999999998,0.565
Kh53WwcuzCEJxnSY7,25edda6948a55557bcb89dfc4724e472ccfed8068bd7ee5872de0e845b4aa0c4,16,0.81,1,1538823884840,Entertainment,0.07219999999999996,0.59
7FS434KTyPSzD5pNb,25edda6948a55557bcb89dfc4724e472ccfed8068bd7ee5872de0e845b4aa0c4,17,0.9,1,1538823884842,Entertainment,1.62,0.475
zdt3GQJrXX7kiT4FR,25edda6948a55557bcb89dfc4724e472ccfed8068bd7ee5872de0e845b4aa0c4,18,0.06,1,1538823884842,Entertainment,0.0072,0.33
EdC46EPz3WWPdscqX,b91570934c99a8d1f36adf8dcc2feca8b05d8e95e4570fe324c9cb30b4f92ff7,1,0.79,1,1538825786110,Sports,0.08819999999999997,0.59
TmQ6LpYFk2aqxiuvD,b91570934c99a8d1f36adf8dcc2feca8b05d8e95e4570fe324c9cb30b4f92ff7,2,0.26,1,1538825786115,Sports,0.13520000000000001,0.315
wKdCriPjhh7x6k3PD,b91570934c99a8d1f36adf8dcc2feca8b05d8e95e4570fe324c9cb30b4f92ff7,3,0.3,1,1538825786123,Sports,0.18,0.58
iK75ZMXZ7McQvMDMC,b91570934c99a8d1f36adf8dcc2feca8b05d8e95e4570fe324c9cb30b4f92ff7,4,0.83,1,1538825786127,Sports,0.057800000000000025,0.585
G5779Ek9vGTZsgWSS,b91570934c99a8d1f36adf8dcc2feca8b05d8e95e4570fe324c9cb30b4f92ff7,5,0.89,1,1538825786130,Sports,1.5842,0.49
9jt2zSJu9Y37qwW3q,b91570934c99a8d1f36adf8dcc2feca8b05d8e95e4570fe324c9cb30b4f92ff7,6,0.69,1,1538825786134,Sports,0.9521999999999998,0.555
tKh6DuYoZXx9XGTat,b91570934c99a8d1f36adf8dcc2feca8b05d8e95e4570fe324c9cb30b4f92ff7,7,0.77,1,1538825822654,Politics,1.1858,0.57
o34ADpWpCTJqimogQ,b91570934c99a8d1f36adf8dcc2feca8b05d8e95e4570fe324c9cb30b4f92ff7,8,0.25,1,1538825822662,Politics,1.125,0.43
AoZqL3pqHzdSdyWDm,b91570934c99a8d1f36adf8dcc2feca8b05d8e95e4570fe324c9cb30b4f92ff7,9,0.62,1,1538825822666,Politics,0.7688,0.545
piMqi2qcKwgFY5qpQ,b91570934c99a8d1f36adf8dcc2feca8b05d8e95e4570fe324c9cb30b4f92ff7,10,0.25,1,1538825822670,Politics,0.125,0.455
MRLZEmiFPzyAmovSR,b91570934c99a8d1f36adf8dcc2feca8b05d8e95e4570fe324c9cb30b4f92ff7,11,0.25,1,1538825822674,Politics,0.125,0.425
Zp4eLzRCwocXPowAs,b91570934c99a8d1f36adf8dcc2feca8b05d8e95e4570fe324c9cb30b4f92ff7,12,0.45,1,1538825822678,Politics,0.405,0.45
EgN9vvnSSsKS6tgd4,b91570934c99a8d1f36adf8dcc2feca8b05d8e95e4570fe324c9cb30b4f92ff7,13,0.35,1,1538825868569,Entertainment,0.24499999999999997,0.6
z5C4H8FrSQ9fZQW7F,b91570934c99a8d1f36adf8dcc2feca8b05d8e95e4570fe324c9cb30b4f92ff7,14,0.4,1,1538825868576,Entertainment,0.72,0.62
8yGaneeGK8g283w7D,b91570934c99a8d1f36adf8dcc2feca8b05d8e95e4570fe324c9cb30b4f92ff7,15,0.63,1,1538825868579,Entertainment,0.7938000000000001,0.525
wD8cWPxK3tEEAbSCJ,b91570934c99a8d1f36adf8dcc2feca8b05d8e95e4570fe324c9cb30b4f92ff7,16,0.63,1,1538825868583,Entertainment,0.2738,0.535
j4zHRFBEqfsJxd9tB,b91570934c99a8d1f36adf8dcc2feca8b05d8e95e4570fe324c9cb30b4f92ff7,17,0.37,1,1538825868586,Entertainment,0.2738,0.64
h4XzXDGaaMP9ztaXv,b91570934c99a8d1f36adf8dcc2feca8b05d8e95e4570fe324c9cb30b4f92ff7,18,0.28,1,1538825868590,Entertainment,0.15680000000000002,0.48
MQ9m2N9cZXrxF6zr9,63c5276fcb27cbbaceb9467511859b45c2b0aa2fad3278ced7f0caf153f60095,1,1,1,1538826543172,Sports,0,0.685
oeqe59Jk9nbHoBdcL,63c5276fcb27cbbaceb9467511859b45c2b0aa2fad3278ced7f0caf153f60095,2,1,1,1538826543173,Sports,2,0.76
SsDjWtLt32ptLax43,63c5276fcb27cbbaceb9467511859b45c2b0aa2fad3278ced7f0caf153f60095,3,0,1,1538826543173,Sports,0,0.465
FPzS6SSWjEnNQo2WR,63c5276fcb27cbbaceb9467511859b45c2b0aa2fad3278ced7f0caf153f60095,4,1,1,1538826543174,Sports,0,0.76
kPME93LEFwDkDXfFe,63c5276fcb27cbbaceb9467511859b45c2b0aa2fad3278ced7f0caf153f60095,5,0.91,1,1538826543174,Sports,1.6562000000000001,0.71
Hcju56Hgsn3QYsEqZ,63c5276fcb27cbbaceb9467511859b45c2b0aa2fad3278ced7f0caf153f60095,6,0,1,1538826543175,Sports,0,0.41
uLs9HLvfnLej3nEaX,63c5276fcb27cbbaceb9467511859b45c2b0aa2fad3278ced7f0caf153f60095,7,1,1,1538826667126,Politics,2,0.8
xFymPa32h6afNcokv,63c5276fcb27cbbaceb9467511859b45c2b0aa2fad3278ced7f0caf153f60095,8,0,1,1538826667126,Politics,2,0.41
fYbg484SrJ5YTK33e,63c5276fcb27cbbaceb9467511859b45c2b0aa2fad3278ced7f0caf153f60095,9,0,1,1538826667126,Politics,0,0.48
i6bqRLvFfK6fpubyS,63c5276fcb27cbbaceb9467511859b45c2b0aa2fad3278ced7f0caf153f60095,10,0,1,1538826667127,Politics,0,0.55
hMr9twLaq5Ne6eA8j,63c5276fcb27cbbaceb9467511859b45c2b0aa2fad3278ced7f0caf153f60095,11,0,1,1538826667127,Politics,0,0.515
EqXBnaboiL52yLZHz,63c5276fcb27cbbaceb9467511859b45c2b0aa2fad3278ced7f0caf153f60095,12,0,1,1538826667127,Politics,0,0.595
nLRmrWCbCNjiEY2pn,0e740c0818b0c06ca2cb86228ddf1dd7c2691164cb26f1a72d89345ee0b1fdea,1,0.73,1,1538826686289,Sports,0.1458,0.615
YpADYqGa7DEH9X6LE,0e740c0818b0c06ca2cb86228ddf1dd7c2691164cb26f1a72d89345ee0b1fdea,2,0.73,1,1538826686289,Sports,1.0657999999999999,0.59
JGTHMWzaWSvXuhJjd,0e740c0818b0c06ca2cb86228ddf1dd7c2691164cb26f1a72d89345ee0b1fdea,3,0.89,1,1538826686290,Sports,1.5842,0.45
YSix49QKoPfB2mkNP,0e740c0818b0c06ca2cb86228ddf1dd7c2691164cb26f1a72d89345ee0b1fdea,4,0.7,1,1538826686291,Sports,0.18000000000000005,0.605
3bZde6vDS6yALQLZY,0e740c0818b0c06ca2cb86228ddf1dd7c2691164cb26f1a72d89345ee0b1fdea,5,0.3,1,1538826686291,Sports,0.18,0.645
4LwCG5DvF9vJS53DT,0e740c0818b0c06ca2cb86228ddf1dd7c2691164cb26f1a72d89345ee0b1fdea,6,0.64,1,1538826686291,Sports,0.8192,0.52
rXqgpKNcAwxNes4br,0e740c0818b0c06ca2cb86228ddf1dd7c2691164cb26f1a72d89345ee0b1fdea,7,0.84,1,1538826718229,Politics,1.4111999999999998,0.555
5JNpDD7jzRYhGMGsh,0e740c0818b0c06ca2cb86228ddf1dd7c2691164cb26f1a72d89345ee0b1fdea,8,0.81,1,1538826718229,Politics,0.07219999999999996,0.58
iAvzEaSnAqkTef3HH,0e740c0818b0c06ca2cb86228ddf1dd7c2691164cb26f1a72d89345ee0b1fdea,9,0.86,1,1538826718230,Politics,1.4791999999999998,0.505
4iDfSXTAbQZSWF3p9,0e740c0818b0c06ca2cb86228ddf1dd7c2691164cb26f1a72d89345ee0b1fdea,10,0,1,1538826718231,Politics,0,0.39
gvNbZXJBYdfsBEhjk,0e740c0818b0c06ca2cb86228ddf1dd7c2691164cb26f1a72d89345ee0b1fdea,11,0.77,1,1538826718231,Politics,1.1858,0.43
vh6Chn9x5rg7E9TxA,0e740c0818b0c06ca2cb86228ddf1dd7c2691164cb26f1a72d89345ee0b1fdea,12,0,1,1538826718231,Politics,0,0.42
soQPsKD3sNTfwtYcM,0e740c0818b0c06ca2cb86228ddf1dd7c2691164cb26f1a72d89345ee0b1fdea,13,0.66,1,1538826782872,Entertainment,0.8712000000000001,0.52
d7aEnf9mGHygYkp35,0e740c0818b0c06ca2cb86228ddf1dd7c2691164cb26f1a72d89345ee0b1fdea,14,0.73,1,1538826782873,Entertainment,0.1458,0.615
d7AdR9rni38Qs4KmE,0e740c0818b0c06ca2cb86228ddf1dd7c2691164cb26f1a72d89345ee0b1fdea,15,0.7,1,1538826782873,Entertainment,0.9799999999999999,0.495
mLDmFmoTK7X7dfZhq,0e740c0818b0c06ca2cb86228ddf1dd7c2691164cb26f1a72d89345ee0b1fdea,16,0.72,1,1538826782873,Entertainment,0.15680000000000002,0.54
cDAEcQ6JCLGxnK85R,0e740c0818b0c06ca2cb86228ddf1dd7c2691164cb26f1a72d89345ee0b1fdea,17,0.7,1,1538826782873,Entertainment,0.9799999999999999,0.53
RHmQrnxBdpRNF3BRg,0e740c0818b0c06ca2cb86228ddf1dd7c2691164cb26f1a72d89345ee0b1fdea,18,0.54,1,1538826782875,Entertainment,0.5832,0.555
PBMKz8N3XyG6JQvQW,15844ef03e4c2bfa72c873c3d67c06a1aa57b66d78ee219ab480044331cc4e3b,1,0.69,1,1538826797132,Sports,0.19220000000000007,0.58
yBYtG5Dim3oGcNNaJ,15844ef03e4c2bfa72c873c3d67c06a1aa57b66d78ee219ab480044331cc4e3b,2,0.65,1,1538826797138,Sports,0.8450000000000001,0.605
NuxQjGonN2WqNyeQP,15844ef03e4c2bfa72c873c3d67c06a1aa57b66d78ee219ab480044331cc4e3b,3,0.26,1,1538826797141,Sports,0.13520000000000001,0.505
iQzeza3D9DSCbA42F,15844ef03e4c2bfa72c873c3d67c06a1aa57b66d78ee219ab480044331cc4e3b,4,0.71,1,1538826797144,Sports,0.16820000000000004,0.64
pmdQaYGDmuqKzWW9t,15844ef03e4c2bfa72c873c3d67c06a1aa57b66d78ee219ab480044331cc4e3b,5,0.25,1,1538826797147,Sports,0.125,0.46
TGcxp4hGbFHHSHX77,15844ef03e4c2bfa72c873c3d67c06a1aa57b66d78ee219ab480044331cc4e3b,6,0.42,1,1538826797149,Sports,0.35279999999999995,0.635
f6P6Ka78adhP96siM,63c5276fcb27cbbaceb9467511859b45c2b0aa2fad3278ced7f0caf153f60095,13,0,1,1538826804324,Entertainment,0,0.46
mjPEERZmddWoxKYXi,63c5276fcb27cbbaceb9467511859b45c2b0aa2fad3278ced7f0caf153f60095,14,1,1,1538826804325,Entertainment,0,0.755
TDT4qSK3TwirxJFX4,63c5276fcb27cbbaceb9467511859b45c2b0aa2fad3278ced7f0caf153f60095,15,0,1,1538826804326,Entertainment,0,0.385
ENLu6miY89XofaEg9,63c5276fcb27cbbaceb9467511859b45c2b0aa2fad3278ced7f0caf153f60095,16,0,1,1538826804326,Entertainment,2,0.385
h94g2e3AtqWPZTtzn,63c5276fcb27cbbaceb9467511859b45c2b0aa2fad3278ced7f0caf153f60095,17,0,1,1538826804327,Entertainment,0,0.375
rxxw4shHSKAthNp7M,63c5276fcb27cbbaceb9467511859b45c2b0aa2fad3278ced7f0caf153f60095,18,0,1,1538826804327,Entertainment,0,0.41
jnECYsNZ4DAAxar9w,15844ef03e4c2bfa72c873c3d67c06a1aa57b66d78ee219ab480044331cc4e3b,7,0.86,1,1538826947518,Politics,1.4791999999999998,0.645
M4v3tCEz3QCCrwfYx,15844ef03e4c2bfa72c873c3d67c06a1aa57b66d78ee219ab480044331cc4e3b,8,0.66,1,1538826947524,Politics,0.23119999999999996,0.63
WaNKfmT3A3TAki7W4,15844ef03e4c2bfa72c873c3d67c06a1aa57b66d78ee219ab480044331cc4e3b,9,0.29,1,1538826947528,Politics,0.1682,0.43
2zzYymm4wjPTvrRFX,15844ef03e4c2bfa72c873c3d67c06a1aa57b66d78ee219ab480044331cc4e3b,10,0.18,1,1538826947530,Politics,0.0648,0.52
BYrs3FbyZpg9Lefq2,15844ef03e4c2bfa72c873c3d67c06a1aa57b66d78ee219ab480044331cc4e3b,11,0.12,1,1538826947534,Politics,0.0288,0.495
isfP6xsGpnn7x2FZP,15844ef03e4c2bfa72c873c3d67c06a1aa57b66d78ee219ab480044331cc4e3b,12,0.09,1,1538826947536,Politics,0.0162,0.41
omshZSJhGGqevZJEN,89d47def827eb93f3db2360f8e884b0c8ba047f7ff2297392617c810aa477f35,1,0.1,1,1538827005790,Sports,1.62,0.41
Ajf5t7BKMQjpTp4bf,89d47def827eb93f3db2360f8e884b0c8ba047f7ff2297392617c810aa477f35,2,0.5,1,1538827005792,Sports,0.5,0.71
KrxLF9P38fM6S9cWa,89d47def827eb93f3db2360f8e884b0c8ba047f7ff2297392617c810aa477f35,3,0.6,1,1538827005792,Sports,0.72,0.53
HLHnrkbZwJmgCL6aG,89d47def827eb93f3db2360f8e884b0c8ba047f7ff2297392617c810aa477f35,4,0.7,1,1538827005793,Sports,0.18000000000000005,0.68
Ap46ivngv82Q4F2PR,89d47def827eb93f3db2360f8e884b0c8ba047f7ff2297392617c810aa477f35,5,0.6,1,1538827005793,Sports,0.72,0.505
JinTWEbZWmtpotbYE,89d47def827eb93f3db2360f8e884b0c8ba047f7ff2297392617c810aa477f35,6,0.3,1,1538827005794,Sports,0.18,0.715
M9mxqtsRkX7MXm4dH,9dc428e5da567789a95f815a197455e2ed6b3e0876b168111a1c02322b6e563f,1,0.52,1,1538827073543,Sports,0.4608,0.56
swT8ft6WPKLyMYvbD,9dc428e5da567789a95f815a197455e2ed6b3e0876b168111a1c02322b6e563f,2,0.62,1,1538827073545,Sports,0.7688,0.57
ofF67izM229spSePX,9dc428e5da567789a95f815a197455e2ed6b3e0876b168111a1c02322b6e563f,3,0.49,1,1538827073545,Sports,0.48019999999999996,0.465
YqQwTGRnMQnG8ZfgC,9dc428e5da567789a95f815a197455e2ed6b3e0876b168111a1c02322b6e563f,4,0.61,1,1538827073546,Sports,0.3042,0.54
vZSnPPpguYBao7HMA,9dc428e5da567789a95f815a197455e2ed6b3e0876b168111a1c02322b6e563f,5,0.43,1,1538827073546,Sports,0.36979999999999996,0.57
9A2crXnXz6mJJGk4R,9dc428e5da567789a95f815a197455e2ed6b3e0876b168111a1c02322b6e563f,6,0.44,1,1538827073546,Sports,0.3872,0.56
sqGjSmA73qt8GZvpH,9dc428e5da567789a95f815a197455e2ed6b3e0876b168111a1c02322b6e563f,7,0.57,1,1538827108263,Politics,0.6497999999999999,0.57
NaoeXvngAGk4v7tGe,9dc428e5da567789a95f815a197455e2ed6b3e0876b168111a1c02322b6e563f,8,0.45,1,1538827108264,Politics,0.6050000000000001,0.535
DSJZSH9Jk4xeMc7P5,9dc428e5da567789a95f815a197455e2ed6b3e0876b168111a1c02322b6e563f,9,0.47,1,1538827108265,Politics,0.44179999999999997,0.52
L3zuMoTRF3wgT9fHC,9dc428e5da567789a95f815a197455e2ed6b3e0876b168111a1c02322b6e563f,10,0.53,1,1538827108265,Politics,0.5618000000000001,0.385
LnviwccGT7tvu3xDr,9dc428e5da567789a95f815a197455e2ed6b3e0876b168111a1c02322b6e563f,11,0.45,1,1538827108265,Politics,0.405,0.39
yrJ3A3xAwNWxDbMHh,9dc428e5da567789a95f815a197455e2ed6b3e0876b168111a1c02322b6e563f,12,0.47,1,1538827108265,Politics,0.44179999999999997,0.34
BAvZDE5M7K72drZrH,9dc428e5da567789a95f815a197455e2ed6b3e0876b168111a1c02322b6e563f,13,0.56,1,1538827142287,Entertainment,0.6272000000000001,0.555
Ho24cW5kZF8Do6zqc,9dc428e5da567789a95f815a197455e2ed6b3e0876b168111a1c02322b6e563f,14,0.58,1,1538827142288,Entertainment,0.35280000000000006,0.545
6yXJH8RM43KAgFheN,9dc428e5da567789a95f815a197455e2ed6b3e0876b168111a1c02322b6e563f,15,0.58,1,1538827142288,Entertainment,0.6728,0.545
qchRmjmidBJz6jYon,9dc428e5da567789a95f815a197455e2ed6b3e0876b168111a1c02322b6e563f,16,0.61,1,1538827142289,Entertainment,0.3042,0.475
W8QW4R2aQTo78rLvE,9dc428e5da567789a95f815a197455e2ed6b3e0876b168111a1c02322b6e563f,17,0.59,1,1538827142290,Entertainment,0.6961999999999999,0.505
8ZcASvu3NP6mk2rJe,9dc428e5da567789a95f815a197455e2ed6b3e0876b168111a1c02322b6e563f,18,0.45,1,1538827142290,Entertainment,0.405,0.5
sZw53bnn562GX7qvm,15844ef03e4c2bfa72c873c3d67c06a1aa57b66d78ee219ab480044331cc4e3b,13,0.68,1,1538827169388,Entertainment,0.9248000000000002,0.58
zSPFfzS9R4TCitMcs,15844ef03e4c2bfa72c873c3d67c06a1aa57b66d78ee219ab480044331cc4e3b,14,0.93,1,1538827169395,Entertainment,0.009799999999999986,0.63
PFspwoxMcMZDxKwSt,15844ef03e4c2bfa72c873c3d67c06a1aa57b66d78ee219ab480044331cc4e3b,15,0.29,1,1538827169398,Entertainment,0.1682,0.365
wh2RvgLunkrCKWBWh,15844ef03e4c2bfa72c873c3d67c06a1aa57b66d78ee219ab480044331cc4e3b,16,0.89,1,1538827169401,Entertainment,0.024199999999999996,0.56
Gsfv3LHgnKAS6tMrD,15844ef03e4c2bfa72c873c3d67c06a1aa57b66d78ee219ab480044331cc4e3b,17,0.61,1,1538827169407,Entertainment,0.7442,0.525
5ZSerfE3PQ6QNk6zJ,15844ef03e4c2bfa72c873c3d67c06a1aa57b66d78ee219ab480044331cc4e3b,18,0.38,1,1538827169410,Entertainment,0.2888,0.585
zEa67vNRMDobtDqk3,89d47def827eb93f3db2360f8e884b0c8ba047f7ff2297392617c810aa477f35,7,1,1,1538827473449,Politics,2,0.62
rgHCEdaMC6JwJqqRc,89d47def827eb93f3db2360f8e884b0c8ba047f7ff2297392617c810aa477f35,8,0.75,1,1538827473450,Politics,0.125,0.595
SLYzCGrH5cz3fCZFS,89d47def827eb93f3db2360f8e884b0c8ba047f7ff2297392617c810aa477f35,9,0.24,1,1538827473451,Politics,0.1152,0.53
ig6yDDRGtBW7AEC6E,89d47def827eb93f3db2360f8e884b0c8ba047f7ff2297392617c810aa477f35,10,0,1,1538827473451,Politics,0,0.405
jBnoEyGktTAedryN5,89d47def827eb93f3db2360f8e884b0c8ba047f7ff2297392617c810aa477f35,11,0,1,1538827473451,Politics,0,0.375
FGRaZZ22T7RzSLC6r,89d47def827eb93f3db2360f8e884b0c8ba047f7ff2297392617c810aa477f35,12,0,1,1538827473452,Politics,0,0.515
mga6txzC2Q4C46bMj,ddac71718a68e648cbc43e79f5d1905b7169279d63e3b204c91ec3366163e790,1,0.71,1,1538827561819,Sports,0.16820000000000004,0.625
7HuuJDFhbqiR6TcvJ,ddac71718a68e648cbc43e79f5d1905b7169279d63e3b204c91ec3366163e790,2,0.98,1,1538827561820,Sports,1.9207999999999998,0.62
nkPN9vRF3A8hz3S35,ddac71718a68e648cbc43e79f5d1905b7169279d63e3b204c91ec3366163e790,3,0.13,1,1538827561820,Sports,0.033800000000000004,0.555
v7j3ycF7LfBgM7iJp,ddac71718a68e648cbc43e79f5d1905b7169279d63e3b204c91ec3366163e790,4,0.75,1,1538827561822,Sports,0.125,0.67
3Gw5kdniNfK2xHLRg,ddac71718a68e648cbc43e79f5d1905b7169279d63e3b204c91ec3366163e790,5,0.83,1,1538827561823,Sports,1.3778,0.58
qhqKaMtMX2quD2dwJ,ddac71718a68e648cbc43e79f5d1905b7169279d63e3b204c91ec3366163e790,6,0.78,1,1538827561823,Sports,1.2168,0.56
NfBPcS4QZ77CX5wbv,ddac71718a68e648cbc43e79f5d1905b7169279d63e3b204c91ec3366163e790,7,0.77,1,1538827581965,Politics,1.1858,0.585
ydbWc52YiD2PmFtP7,ddac71718a68e648cbc43e79f5d1905b7169279d63e3b204c91ec3366163e790,8,0.84,1,1538827581966,Politics,0.05120000000000002,0.595
tSM3kWf2ohoSThQXf,ddac71718a68e648cbc43e79f5d1905b7169279d63e3b204c91ec3366163e790,9,0.8,1,1538827581967,Politics,1.2800000000000002,0.495
dZmmSDZd7jq9aEXuw,ddac71718a68e648cbc43e79f5d1905b7169279d63e3b204c91ec3366163e790,10,0.84,1,1538827581967,Politics,1.4111999999999998,0.425
P9DSxCPfhcQWkQRhS,ddac71718a68e648cbc43e79f5d1905b7169279d63e3b204c91ec3366163e790,11,0.14,1,1538827581967,Politics,0.039200000000000006,0.59
9dPSZHJRCurYatW9y,ddac71718a68e648cbc43e79f5d1905b7169279d63e3b204c91ec3366163e790,12,0.1,1,1538827581969,Politics,0.020000000000000004,0.455
BwRMdYKTBXcjFwjrX,ddac71718a68e648cbc43e79f5d1905b7169279d63e3b204c91ec3366163e790,13,1,1,1538827609547,Entertainment,2,0.55
NKDFn9XAqBXvsnDTQ,ddac71718a68e648cbc43e79f5d1905b7169279d63e3b204c91ec3366163e790,14,0.89,1,1538827609548,Entertainment,0.024199999999999996,0.555
jCvsTDguJDZvR2vzz,ddac71718a68e648cbc43e79f5d1905b7169279d63e3b204c91ec3366163e790,15,0.12,1,1538827609549,Entertainment,0.0288,0.405
WE6go2cZXHDpEcCfG,ddac71718a68e648cbc43e79f5d1905b7169279d63e3b204c91ec3366163e790,16,0.76,1,1538827609549,Entertainment,0.1152,0.64
LRc6AwZQBB88yiYFw,ddac71718a68e648cbc43e79f5d1905b7169279d63e3b204c91ec3366163e790,17,1,1,1538827609550,Entertainment,2,0.535
bvSkp53vHLJFTjCCq,ddac71718a68e648cbc43e79f5d1905b7169279d63e3b204c91ec3366163e790,18,0,1,1538827609551,Entertainment,0,0.285
dvj4pHXz4RYK2Q4Bq,89d47def827eb93f3db2360f8e884b0c8ba047f7ff2297392617c810aa477f35,13,0.1,1,1538827707619,Entertainment,0.020000000000000004,0.37
vtnSfn8PzFxsZrkuJ,89d47def827eb93f3db2360f8e884b0c8ba047f7ff2297392617c810aa477f35,14,0.75,1,1538827707620,Entertainment,0.125,0.635
7cm88YsfyytDWSBTy,89d47def827eb93f3db2360f8e884b0c8ba047f7ff2297392617c810aa477f35,15,0.25,1,1538827707621,Entertainment,0.125,0.485
gZs7qoaiREwajXsfu,89d47def827eb93f3db2360f8e884b0c8ba047f7ff2297392617c810aa477f35,16,0.4,1,1538827707621,Entertainment,0.72,0.69
J5sa6SfdwNZrMMYt6,89d47def827eb93f3db2360f8e884b0c8ba047f7ff2297392617c810aa477f35,17,0,1,1538827707621,Entertainment,0,0.33
D42yemTQYdcbqMPHT,89d47def827eb93f3db2360f8e884b0c8ba047f7ff2297392617c810aa477f35,18,0.2,1,1538827707621,Entertainment,0.08000000000000002,0.58
WzaK7cifoPrPASYXi,c16be9fab3d23537093e0a5e563239e17fa6ab61e49d76e26953b6f715fbfcbf,1,0.72,1,1538827850548,Sports,0.15680000000000002,0.575
4hof28bjo5EKbG39X,c16be9fab3d23537093e0a5e563239e17fa6ab61e49d76e26953b6f715fbfcbf,2,0.83,1,1538827850550,Sports,1.3778,0.585
aiNwfSideQfAvAfQ4,c16be9fab3d23537093e0a5e563239e17fa6ab61e49d76e26953b6f715fbfcbf,3,0.19,1,1538827850550,Sports,0.0722,0.44
GbPJQwDvEJTQNNarz,c16be9fab3d23537093e0a5e563239e17fa6ab61e49d76e26953b6f715fbfcbf,4,0.39,1,1538827850550,Sports,0.7442,0.725
JJCKNrZtLeGowPaax,c16be9fab3d23537093e0a5e563239e17fa6ab61e49d76e26953b6f715fbfcbf,5,0.78,1,1538827850552,Sports,1.2168,0.575
sSmN8boDptKapy5XX,c16be9fab3d23537093e0a5e563239e17fa6ab61e49d76e26953b6f715fbfcbf,6,0.86,1,1538827850552,Sports,1.4791999999999998,0.59
H5HxdjzfW4mYikpSg,c16be9fab3d23537093e0a5e563239e17fa6ab61e49d76e26953b6f715fbfcbf,7,0.73,1,1538827873883,Politics,1.0657999999999999,0.635
xhDTwnJMngr67bAA5,c16be9fab3d23537093e0a5e563239e17fa6ab61e49d76e26953b6f715fbfcbf,8,0.79,1,1538827873884,Politics,0.08819999999999997,0.575
REm8NARgmDWfBrsGi,c16be9fab3d23537093e0a5e563239e17fa6ab61e49d76e26953b6f715fbfcbf,9,0.8,1,1538827873885,Politics,1.2800000000000002,0.47
f8YFNroLMhFGdYe9E,c16be9fab3d23537093e0a5e563239e17fa6ab61e49d76e26953b6f715fbfcbf,10,0.2,1,1538827873886,Politics,0.08000000000000002,0.37
gZcw73zPgkmfo6ura,c16be9fab3d23537093e0a5e563239e17fa6ab61e49d76e26953b6f715fbfcbf,11,0.79,1,1538827873887,Politics,1.2482000000000002,0.48
9uZv4rJEfimWjhvEH,c16be9fab3d23537093e0a5e563239e17fa6ab61e49d76e26953b6f715fbfcbf,12,0,1,1538827873887,Politics,0,0.43
T94QxGr3izjPZnpHy,c16be9fab3d23537093e0a5e563239e17fa6ab61e49d76e26953b6f715fbfcbf,13,0.77,1,1538827895821,Entertainment,1.1858,0.56
cGKThiLb3ypYZugyH,c16be9fab3d23537093e0a5e563239e17fa6ab61e49d76e26953b6f715fbfcbf,14,0.92,1,1538827895822,Entertainment,0.012799999999999987,0.54
bwW5byN6bjh5xvQac,c16be9fab3d23537093e0a5e563239e17fa6ab61e49d76e26953b6f715fbfcbf,15,0.56,1,1538827895823,Entertainment,0.6272000000000001,0.655
svCisQ9rRMyoMQZBT,c16be9fab3d23537093e0a5e563239e17fa6ab61e49d76e26953b6f715fbfcbf,16,0.68,1,1538827895824,Entertainment,0.20479999999999993,0.52
zZ8dFKTeJZSxpeRGQ,c16be9fab3d23537093e0a5e563239e17fa6ab61e49d76e26953b6f715fbfcbf,17,0.76,1,1538827895825,Entertainment,1.1552,0.525
aGhhYMcvcFnigJxHv,c16be9fab3d23537093e0a5e563239e17fa6ab61e49d76e26953b6f715fbfcbf,18,0.61,1,1538827895825,Entertainment,0.7442,0.47
y4FDFyrtLrrGawp2T,770d730130faeb739dbf942e82c9588ea30a5672027d098b8a351fe1f15e46fa,1,0.72,1,1538828268502,Sports,0.15680000000000002,0.595
wXDsRsoR7LoagnZEa,770d730130faeb739dbf942e82c9588ea30a5672027d098b8a351fe1f15e46fa,2,0.9,1,1538828268503,Sports,1.62,0.585
NZNdqn7xiy4oYmusY,770d730130faeb739dbf942e82c9588ea30a5672027d098b8a351fe1f15e46fa,3,0.39,1,1538828268503,Sports,0.3042,0.59
ucxHd3kzfnKEysB4D,770d730130faeb739dbf942e82c9588ea30a5672027d098b8a351fe1f15e46fa,4,0.73,1,1538828268504,Sports,0.1458,0.62
NahZx7Q2dXQKzT5tu,770d730130faeb739dbf942e82c9588ea30a5672027d098b8a351fe1f15e46fa,5,0.72,1,1538828268504,Sports,1.0368,0.515
yjNtA5z9enCx6pEw5,770d730130faeb739dbf942e82c9588ea30a5672027d098b8a351fe1f15e46fa,6,0.33,1,1538828268504,Sports,0.21780000000000002,0.645
EXmd2MWzk6ekno2JF,770d730130faeb739dbf942e82c9588ea30a5672027d098b8a351fe1f15e46fa,7,0.87,1,1538828411060,Politics,1.5138,0.59
KFrYfdiCtG7wp8tNE,770d730130faeb739dbf942e82c9588ea30a5672027d098b8a351fe1f15e46fa,8,0.93,1,1538828411060,Politics,0.009799999999999986,0.535
rEBavmsq9mxdiD4r3,770d730130faeb739dbf942e82c9588ea30a5672027d098b8a351fe1f15e46fa,9,0.12,1,1538828411060,Politics,0.0288,0.365
a8uLJoNZd8ggeLWWW,770d730130faeb739dbf942e82c9588ea30a5672027d098b8a351fe1f15e46fa,10,0.26,1,1538828411060,Politics,0.13520000000000001,0.435
dcxrExkWxeSQPQD4F,770d730130faeb739dbf942e82c9588ea30a5672027d098b8a351fe1f15e46fa,11,0.77,1,1538828411060,Politics,1.1858,0.455
SEcwgoARR6kgZykSy,770d730130faeb739dbf942e82c9588ea30a5672027d098b8a351fe1f15e46fa,12,0.89,1,1538828411060,Politics,1.5842,0.39
BEWcCACCe3FkYg23H,770d730130faeb739dbf942e82c9588ea30a5672027d098b8a351fe1f15e46fa,13,0.3,1,1538828543056,Entertainment,0.18,0.63
t6ManX48b5sekP5Qx,770d730130faeb739dbf942e82c9588ea30a5672027d098b8a351fe1f15e46fa,14,0.92,1,1538828543056,Entertainment,0.012799999999999987,0.595
9FqdL4NXFXXfaKYWG,770d730130faeb739dbf942e82c9588ea30a5672027d098b8a351fe1f15e46fa,15,0.38,1,1538828543056,Entertainment,0.2888,0.635
SBCar4KvpsimbrsXg,770d730130faeb739dbf942e82c9588ea30a5672027d098b8a351fe1f15e46fa,16,0.23,1,1538828543056,Entertainment,1.1858,0.495
25FmJwX8AwWqiCaSo,770d730130faeb739dbf942e82c9588ea30a5672027d098b8a351fe1f15e46fa,17,0.22,1,1538828543057,Entertainment,0.0968,0.4
iMEA5HQzw5QPgMnmr,770d730130faeb739dbf942e82c9588ea30a5672027d098b8a351fe1f15e46fa,18,0.61,1,1538828543057,Entertainment,0.7442,0.455
7gcyCYJwWBt2jLjpZ,1333451a26f7a96e3b88174b756fbcb9c5123c9b7c83632268e6079e001f2946,1,0.78,1,1538828576744,Sports,0.09679999999999998,0.605
DQKQ8Nf54cev3thfM,1333451a26f7a96e3b88174b756fbcb9c5123c9b7c83632268e6079e001f2946,2,1,1,1538828576746,Sports,2,0.635
kTvAXXnF6aAKA247k,1333451a26f7a96e3b88174b756fbcb9c5123c9b7c83632268e6079e001f2946,3,0,1,1538828576748,Sports,0,0.295
byZihiEppaTf4Mf5t,1333451a26f7a96e3b88174b756fbcb9c5123c9b7c83632268e6079e001f2946,4,0.72,1,1538828576749,Sports,0.15680000000000002,0.6
QELMWtRriWdmh5veE,1333451a26f7a96e3b88174b756fbcb9c5123c9b7c83632268e6079e001f2946,5,0.92,1,1538828576750,Sports,1.6928,0.54
8to6jzkRKzgmYsduF,1333451a26f7a96e3b88174b756fbcb9c5123c9b7c83632268e6079e001f2946,6,0.56,1,1538828576752,Sports,0.6272000000000001,0.585
fx9s2DeakR5xkiT5F,1333451a26f7a96e3b88174b756fbcb9c5123c9b7c83632268e6079e001f2946,7,0.61,1,1538828664896,Politics,0.7442,0.61
z2gNZYcYNSZH4NGRw,1333451a26f7a96e3b88174b756fbcb9c5123c9b7c83632268e6079e001f2946,8,0.29,1,1538828664899,Politics,1.0082,0.44
ieDQpx2HAr26LjYwv,1333451a26f7a96e3b88174b756fbcb9c5123c9b7c83632268e6079e001f2946,9,0.12,1,1538828664901,Politics,0.0288,0.38
JnmP5ZS8pekPnwYfY,1333451a26f7a96e3b88174b756fbcb9c5123c9b7c83632268e6079e001f2946,10,0.56,1,1538828664903,Politics,0.6272000000000001,0.505
MCaJy4hcqDAKDc9pd,1333451a26f7a96e3b88174b756fbcb9c5123c9b7c83632268e6079e001f2946,11,0.59,1,1538828664905,Politics,0.6961999999999999,0.475
xMf3R3gsrmNzxLBuv,1333451a26f7a96e3b88174b756fbcb9c5123c9b7c83632268e6079e001f2946,12,0.83,1,1538828664907,Politics,1.3778,0.375
SamasTWDviiXeK2F8,1333451a26f7a96e3b88174b756fbcb9c5123c9b7c83632268e6079e001f2946,13,0.73,1,1538828740386,Entertainment,1.0657999999999999,0.57
xZxijyTXsBW2unLLw,1333451a26f7a96e3b88174b756fbcb9c5123c9b7c83632268e6079e001f2946,14,0.84,1,1538828740389,Entertainment,0.05120000000000002,0.595
8djFgiscEBS4TyNWg,1333451a26f7a96e3b88174b756fbcb9c5123c9b7c83632268e6079e001f2946,15,0.84,1,1538828740391,Entertainment,1.4111999999999998,0.525
w8CEdNvpsHjcaNtYj,1333451a26f7a96e3b88174b756fbcb9c5123c9b7c83632268e6079e001f2946,16,0.62,1,1538828740393,Entertainment,0.2888,0.525
BQixJ9Yc6gZdcHiWs,1333451a26f7a96e3b88174b756fbcb9c5123c9b7c83632268e6079e001f2946,17,0.41,1,1538828740396,Entertainment,0.33619999999999994,0.555
g7SGscGx9y5EJTwvN,1333451a26f7a96e3b88174b756fbcb9c5123c9b7c83632268e6079e001f2946,18,0.39,1,1538828740397,Entertainment,0.3042,0.59
FBn2W5DSiZJDjC5ug,7de09d8220106ea8d00909f91e364c653eaf22b6d928c63f605ed28edd406378,1,0.25,1,1538829206176,Sports,1.125,0.39
7ZPZh4YubQd38GTxh,7de09d8220106ea8d00909f91e364c653eaf22b6d928c63f605ed28edd406378,2,0.6,1,1538829206178,Sports,0.72,0.535
WPAmDaHAR7G3RLRhk,7de09d8220106ea8d00909f91e364c653eaf22b6d928c63f605ed28edd406378,3,0.25,1,1538829206179,Sports,0.125,0.455
6EdfYdPx5nvjFG7WQ,7de09d8220106ea8d00909f91e364c653eaf22b6d928c63f605ed28edd406378,4,0.2,1,1538829206179,Sports,1.2800000000000002,0.34
krRiDRX92SLrkNcMR,7de09d8220106ea8d00909f91e364c653eaf22b6d928c63f605ed28edd406378,5,0.5,1,1538829206179,Sports,0.5,0.585
QCrQ72NNhzpM3ziAr,7de09d8220106ea8d00909f91e364c653eaf22b6d928c63f605ed28edd406378,6,0.5,1,1538829206181,Sports,0.5,0.65
zaq4Sq6di9HEdPba2,95c0824066ea6ea81bc2df2af0c330c38a049d3b1e18d12a25bfb0c8cda88c1d,1,0.6,1,1538829495714,Sports,0.32000000000000006,0.605
jmMawgdj4MgYFp2sE,95c0824066ea6ea81bc2df2af0c330c38a049d3b1e18d12a25bfb0c8cda88c1d,2,0.6,1,1538829495714,Sports,0.72,0.59
oNdWr4s8jug4A2kLH,95c0824066ea6ea81bc2df2af0c330c38a049d3b1e18d12a25bfb0c8cda88c1d,3,0.72,1,1538829495715,Sports,1.0368,0.395
8XjNwcKYcPnGwjQyG,95c0824066ea6ea81bc2df2af0c330c38a049d3b1e18d12a25bfb0c8cda88c1d,4,0.81,1,1538829495715,Sports,0.07219999999999996,0.655
CRSz7YK7TiE4KtFHr,95c0824066ea6ea81bc2df2af0c330c38a049d3b1e18d12a25bfb0c8cda88c1d,5,0.33,1,1538829495716,Sports,0.21780000000000002,0.655
nsytScrTPAxtq5zW9,95c0824066ea6ea81bc2df2af0c330c38a049d3b1e18d12a25bfb0c8cda88c1d,6,0.35,1,1538829495717,Sports,0.24499999999999997,0.63
463EkZCNECBNMfHf8,95c0824066ea6ea81bc2df2af0c330c38a049d3b1e18d12a25bfb0c8cda88c1d,7,0.8,1,1538829544651,Politics,1.2800000000000002,0.575
p8P9G3pTLHNrnTP9M,95c0824066ea6ea81bc2df2af0c330c38a049d3b1e18d12a25bfb0c8cda88c1d,8,0.39,1,1538829544652,Politics,0.7442,0.66
g2yTpBf8iFKoFZgiC,95c0824066ea6ea81bc2df2af0c330c38a049d3b1e18d12a25bfb0c8cda88c1d,9,0.43,1,1538829544652,Politics,0.36979999999999996,0.51
Jd3am37RywnxYPyxS,95c0824066ea6ea81bc2df2af0c330c38a049d3b1e18d12a25bfb0c8cda88c1d,10,0.12,1,1538829544653,Politics,0.0288,0.59
QQ3Xnk6v65s2jiaie,95c0824066ea6ea81bc2df2af0c330c38a049d3b1e18d12a25bfb0c8cda88c1d,11,0.11,1,1538829544653,Politics,0.0242,0.515
r2yjhCafmCquxyxoE,95c0824066ea6ea81bc2df2af0c330c38a049d3b1e18d12a25bfb0c8cda88c1d,12,0.82,1,1538829544653,Politics,1.3447999999999998,0.385
PH5B3cse3PQbFMEAX,95c0824066ea6ea81bc2df2af0c330c38a049d3b1e18d12a25bfb0c8cda88c1d,13,0.38,1,1538829596853,Entertainment,0.2888,0.615
cdLjEZamTo6MNq65W,95c0824066ea6ea81bc2df2af0c330c38a049d3b1e18d12a25bfb0c8cda88c1d,14,0.85,1,1538829596854,Entertainment,0.04500000000000001,0.56
Le2ZcbwxovuLWXPjW,95c0824066ea6ea81bc2df2af0c330c38a049d3b1e18d12a25bfb0c8cda88c1d,15,0.4,1,1538829596854,Entertainment,0.32000000000000006,0.65
9D8fBQBy3LdjSGXbY,95c0824066ea6ea81bc2df2af0c330c38a049d3b1e18d12a25bfb0c8cda88c1d,16,0.09,1,1538829596856,Entertainment,1.6562000000000001,0.225
rWR5nFmAu48CLChJr,95c0824066ea6ea81bc2df2af0c330c38a049d3b1e18d12a25bfb0c8cda88c1d,17,0.21,1,1538829596856,Entertainment,0.08819999999999999,0.425
ArydX8ZFn73Bf2Qxp,95c0824066ea6ea81bc2df2af0c330c38a049d3b1e18d12a25bfb0c8cda88c1d,18,0.2,1,1538829596856,Entertainment,0.08000000000000002,0.495
HJqfvsYG5EpCchtZY,7de09d8220106ea8d00909f91e364c653eaf22b6d928c63f605ed28edd406378,7,0.6,1,1538829608719,Politics,0.72,0.61
bn2Z7juXopjRtdjWi,7de09d8220106ea8d00909f91e364c653eaf22b6d928c63f605ed28edd406378,8,0.4,1,1538829608720,Politics,0.72,0.605
nHwrR3Jm8GJCZJjKA,7de09d8220106ea8d00909f91e364c653eaf22b6d928c63f605ed28edd406378,9,0.5,1,1538829608721,Politics,0.5,0.56
bydbFfGNzSqAe2eRM,7de09d8220106ea8d00909f91e364c653eaf22b6d928c63f605ed28edd406378,10,0.3,1,1538829608721,Politics,0.18,0.565
H9NuG8HCF8tDoNL9S,7de09d8220106ea8d00909f91e364c653eaf22b6d928c63f605ed28edd406378,11,0.2,1,1538829608722,Politics,0.08000000000000002,0.48
5r5Ai9ZakBQAMozsT,7de09d8220106ea8d00909f91e364c653eaf22b6d928c63f605ed28edd406378,12,0.45,1,1538829608722,Politics,0.405,0.35
69pcyd3vkf6ZqPkkT,7de09d8220106ea8d00909f91e364c653eaf22b6d928c63f605ed28edd406378,13,0.75,1,1538829905435,Entertainment,1.125,0.525
4LEeLRvsrYBsEk7Ji,7de09d8220106ea8d00909f91e364c653eaf22b6d928c63f605ed28edd406378,14,0.6,1,1538829905436,Entertainment,0.32000000000000006,0.605
Eoj6p4SuqasJ2dgq6,7de09d8220106ea8d00909f91e364c653eaf22b6d928c63f605ed28edd406378,15,0.1,1,1538829905437,Entertainment,0.020000000000000004,0.32
3DqZSzb3yfwzodrYM,7de09d8220106ea8d00909f91e364c653eaf22b6d928c63f605ed28edd406378,16,0.3,1,1538829905438,Entertainment,0.9799999999999999,0.62
wSZMEszvwidKr4iiZ,7de09d8220106ea8d00909f91e364c653eaf22b6d928c63f605ed28edd406378,17,0.25,1,1538829905439,Entertainment,0.125,0.385
eQtbTcr5nuLWKBwEk,7de09d8220106ea8d00909f91e364c653eaf22b6d928c63f605ed28edd406378,18,0.6,1,1538829905439,Entertainment,0.72,0.48
2E9TxBciwyo3TELKu,e8969aaa4c1b658133775c6e36857b53a591167c8b3315243ec1f9d4a71ad387,1,0.81,1,1538829934421,Sports,0.07219999999999996,0.62
AjSmcr8hxeBBhCbYz,e8969aaa4c1b658133775c6e36857b53a591167c8b3315243ec1f9d4a71ad387,2,1,1,1538829934424,Sports,2,0.63
wd4KAYqjvGuDPewWd,e8969aaa4c1b658133775c6e36857b53a591167c8b3315243ec1f9d4a71ad387,3,0.07,1,1538829934426,Sports,0.009800000000000001,0.325
Ro65bu4ydyvxsmJ56,e8969aaa4c1b658133775c6e36857b53a591167c8b3315243ec1f9d4a71ad387,4,0.92,1,1538829934427,Sports,0.012799999999999987,0.655
mbK8xinTHa3EYn3br,e8969aaa4c1b658133775c6e36857b53a591167c8b3315243ec1f9d4a71ad387,5,0.04,1,1538829934429,Sports,0.0032,0.255
EXM9iT6B9Acj77pWf,e8969aaa4c1b658133775c6e36857b53a591167c8b3315243ec1f9d4a71ad387,6,0.6,1,1538829934430,Sports,0.72,0.57
aXwRNpqwztomyQkw4,e8969aaa4c1b658133775c6e36857b53a591167c8b3315243ec1f9d4a71ad387,7,0.21,1,1538829944693,Politics,0.08819999999999999,0.43
HnDhbM4Dj2yx9k8oB,e8969aaa4c1b658133775c6e36857b53a591167c8b3315243ec1f9d4a71ad387,8,0.87,1,1538829944694,Politics,0.033800000000000004,0.595
FrtakpoL8yL4aJwvu,e8969aaa4c1b658133775c6e36857b53a591167c8b3315243ec1f9d4a71ad387,9,0.67,1,1538829944695,Politics,0.8978000000000002,0.51
7Mrhiaue6aDaCDug9,e8969aaa4c1b658133775c6e36857b53a591167c8b3315243ec1f9d4a71ad387,10,0.19,1,1538829944695,Politics,0.0722,0.58
gpLKn3wyeaRPgdkMK,e8969aaa4c1b658133775c6e36857b53a591167c8b3315243ec1f9d4a71ad387,11,0.82,1,1538829944697,Politics,1.3447999999999998,0.395
zhwRE2fGHeruQRSiv,e8969aaa4c1b658133775c6e36857b53a591167c8b3315243ec1f9d4a71ad387,12,0.73,1,1538829944698,Politics,1.0657999999999999,0.42
RBgEY4jMg3H7JSH9n,e8969aaa4c1b658133775c6e36857b53a591167c8b3315243ec1f9d4a71ad387,13,0.77,1,1538829956188,Entertainment,1.1858,0.57
6HJdqKenrnc8QvmpG,e8969aaa4c1b658133775c6e36857b53a591167c8b3315243ec1f9d4a71ad387,14,0.29,1,1538829956189,Entertainment,1.0082,0.365
msbnLTHCbphK6PRHo,e8969aaa4c1b658133775c6e36857b53a591167c8b3315243ec1f9d4a71ad387,15,0.74,1,1538829956190,Entertainment,1.0952,0.58
r4Zexpmgya7ev5Ta2,e8969aaa4c1b658133775c6e36857b53a591167c8b3315243ec1f9d4a71ad387,16,0.29,1,1538829956191,Entertainment,1.0082,0.475
59LKxueNKefX5jkSe,e8969aaa4c1b658133775c6e36857b53a591167c8b3315243ec1f9d4a71ad387,17,0.33,1,1538829956192,Entertainment,0.21780000000000002,0.62
okejcqrB49tvbETxk,e8969aaa4c1b658133775c6e36857b53a591167c8b3315243ec1f9d4a71ad387,18,0.9,1,1538829956194,Entertainment,1.62,0.5
bQE4K7CyAurhrdnwk,e088a77ae757a1474e38ccbe9e30565536ae177d41ff696c0da9d7f06f608167,1,0.58,1,1538830342448,Sports,0.35280000000000006,0.675
fktN6Tdn6qtCb9q3c,e088a77ae757a1474e38ccbe9e30565536ae177d41ff696c0da9d7f06f608167,2,0.32,1,1538830342449,Sports,0.2048,0.695
9EzKDG8PEtrAyxXtp,e088a77ae757a1474e38ccbe9e30565536ae177d41ff696c0da9d7f06f608167,3,0.15,1,1538830342449,Sports,0.045,0.495
QAjTi9rDfZ8YnaGdu,e088a77ae757a1474e38ccbe9e30565536ae177d41ff696c0da9d7f06f608167,4,0.58,1,1538830342450,Sports,0.35280000000000006,0.665
LoCvAW4y3RXJKixxJ,e088a77ae757a1474e38ccbe9e30565536ae177d41ff696c0da9d7f06f608167,5,0.78,1,1538830342450,Sports,1.2168,0.535
p6sZ5cruhySTvagL3,e088a77ae757a1474e38ccbe9e30565536ae177d41ff696c0da9d7f06f608167,6,0.58,1,1538830342451,Sports,0.6728,0.69
he38CmQt8xSGR9J95,e088a77ae757a1474e38ccbe9e30565536ae177d41ff696c0da9d7f06f608167,7,0.85,1,1538830392429,Politics,1.4449999999999998,0.64
CfPgg3ssBhmBLoYEJ,e088a77ae757a1474e38ccbe9e30565536ae177d41ff696c0da9d7f06f608167,8,0.68,1,1538830392429,Politics,0.20479999999999993,0.54
KuqXuvJf93Zq92DAX,e088a77ae757a1474e38ccbe9e30565536ae177d41ff696c0da9d7f06f608167,9,0.18,1,1538830392430,Politics,0.0648,0.43
8XHCktBunYQ7F4weR,e088a77ae757a1474e38ccbe9e30565536ae177d41ff696c0da9d7f06f608167,10,0.05,1,1538830392430,Politics,0.005000000000000001,0.445
Dq6tREgYju4oJtsMi,e088a77ae757a1474e38ccbe9e30565536ae177d41ff696c0da9d7f06f608167,11,0.22,1,1538830392431,Politics,0.0968,0.505
wmALJvoreYJHM3kEt,e088a77ae757a1474e38ccbe9e30565536ae177d41ff696c0da9d7f06f608167,12,0.05,1,1538830392431,Politics,0.005000000000000001,0.38
9rJ3zBftp7ktdbQGf,e088a77ae757a1474e38ccbe9e30565536ae177d41ff696c0da9d7f06f608167,13,0.12,1,1538830442669,Entertainment,0.0288,0.39
5To7wDZfcJG4vaeJf,e088a77ae757a1474e38ccbe9e30565536ae177d41ff696c0da9d7f06f608167,14,0.08,1,1538830442669,Entertainment,1.6928,0.265
mZL3Ftf98duxGMmB5,e088a77ae757a1474e38ccbe9e30565536ae177d41ff696c0da9d7f06f608167,15,0.24,1,1538830442669,Entertainment,0.1152,0.425
jWwdozTLcaHqginHS,e088a77ae757a1474e38ccbe9e30565536ae177d41ff696c0da9d7f06f608167,16,0.35,1,1538830442670,Entertainment,0.8450000000000001,0.715
axLubRALqAFKXtyeF,e088a77ae757a1474e38ccbe9e30565536ae177d41ff696c0da9d7f06f608167,17,0.75,1,1538830442671,Entertainment,1.125,0.57
P3ZPnoTr9wH7GfDwz,e088a77ae757a1474e38ccbe9e30565536ae177d41ff696c0da9d7f06f608167,18,0.35,1,1538830442671,Entertainment,0.24499999999999997,0.635
7qyW3S2iMvDvpoNhw,6dd7b8b5929831e095d701a0adcae4dec6a7370af48bcbd958b4659ea3880e14,1,0.53,1,1538830467783,Sports,0.44179999999999997,0.695
x6NM7eeTaFCgmF3fZ,6dd7b8b5929831e095d701a0adcae4dec6a7370af48bcbd958b4659ea3880e14,2,0.29,1,1538830467785,Sports,0.1682,0.435
SLXm6YGuT2Sk3hk5z,6dd7b8b5929831e095d701a0adcae4dec6a7370af48bcbd958b4659ea3880e14,3,0.05,1,1538830467789,Sports,0.005000000000000001,0.305
XZMKgDefn86488oYh,6dd7b8b5929831e095d701a0adcae4dec6a7370af48bcbd958b4659ea3880e14,4,0.59,1,1538830467790,Sports,0.33620000000000005,0.68
wSvrxjTbvxmuqqEFw,6dd7b8b5929831e095d701a0adcae4dec6a7370af48bcbd958b4659ea3880e14,5,0.72,1,1538830467790,Sports,1.0368,0.545
DbPnNxBbnyoeQZ4S9,6dd7b8b5929831e095d701a0adcae4dec6a7370af48bcbd958b4659ea3880e14,6,0.4,1,1538830467790,Sports,0.32000000000000006,0.65
DPss8CJmougW5wFTA,6dd7b8b5929831e095d701a0adcae4dec6a7370af48bcbd958b4659ea3880e14,7,0.81,1,1538830558403,Politics,1.3122000000000003,0.625
r36RxR6nEuAQFeW2e,6dd7b8b5929831e095d701a0adcae4dec6a7370af48bcbd958b4659ea3880e14,8,0.62,1,1538830558405,Politics,0.2888,0.595
8njoXqjXbp33hw862,6dd7b8b5929831e095d701a0adcae4dec6a7370af48bcbd958b4659ea3880e14,9,0.75,1,1538830558406,Politics,1.125,0.52
83qnKBA2gY6g8dKXq,6dd7b8b5929831e095d701a0adcae4dec6a7370af48bcbd958b4659ea3880e14,10,0,1,1538830558407,Politics,0,0.35
Fe8izEmFsCE3M4C2u,6dd7b8b5929831e095d701a0adcae4dec6a7370af48bcbd958b4659ea3880e14,11,0.24,1,1538830558408,Politics,0.1152,0.51
2ciGtBYtqAYisyj4s,6dd7b8b5929831e095d701a0adcae4dec6a7370af48bcbd958b4659ea3880e14,12,0,1,1538830558409,Politics,0,0.4
C8RMPEZ8JYgWdfeKC,6dd7b8b5929831e095d701a0adcae4dec6a7370af48bcbd958b4659ea3880e14,13,0.22,1,1538830600593,Entertainment,0.0968,0.395
9FTQgKpweu9au7zJC,6dd7b8b5929831e095d701a0adcae4dec6a7370af48bcbd958b4659ea3880e14,14,0,1,1538830600594,Entertainment,2,0.21
BywoMWtnFisuQqsri,6dd7b8b5929831e095d701a0adcae4dec6a7370af48bcbd958b4659ea3880e14,15,0.55,1,1538830600600,Entertainment,0.6050000000000001,0.615
eC4ejCry8tbu76aNc,6dd7b8b5929831e095d701a0adcae4dec6a7370af48bcbd958b4659ea3880e14,16,0.48,1,1538830600601,Entertainment,0.5408000000000001,0.63
H5MPCW9oy9uhNQoa3,6dd7b8b5929831e095d701a0adcae4dec6a7370af48bcbd958b4659ea3880e14,17,0.54,1,1538830600603,Entertainment,0.5832,0.635
MDQgLJkYP7Y5tvsQw,6dd7b8b5929831e095d701a0adcae4dec6a7370af48bcbd958b4659ea3880e14,18,0.52,1,1538830600605,Entertainment,0.5408000000000001,0.595
XSMnxu86qigkb9Fvz,999f0f19538b28b4aa80a12d4feef89363f6176f5366d96d79b904ccf594ac3d,1,0.26,1,1538830624143,Sports,1.0952,0.415
Yfr9C2FEqYwwsfoZc,999f0f19538b28b4aa80a12d4feef89363f6176f5366d96d79b904ccf594ac3d,2,0.86,1,1538830624143,Sports,1.4791999999999998,0.535
fAeqGvmSCeFSxKCf3,999f0f19538b28b4aa80a12d4feef89363f6176f5366d96d79b904ccf594ac3d,3,0.34,1,1538830624143,Sports,0.23120000000000004,0.66
mvLRcTNWqxpKtCPkB,999f0f19538b28b4aa80a12d4feef89363f6176f5366d96d79b904ccf594ac3d,4,0.78,1,1538830624144,Sports,0.09679999999999998,0.625
Mji6pQoL4su3Hkzft,999f0f19538b28b4aa80a12d4feef89363f6176f5366d96d79b904ccf594ac3d,5,0.28,1,1538830624144,Sports,0.15680000000000002,0.465
5wcuSjmv6fCkMXiyk,999f0f19538b28b4aa80a12d4feef89363f6176f5366d96d79b904ccf594ac3d,6,0.55,1,1538830624144,Sports,0.6050000000000001,0.59
4uJjr2KhcasYQLrK3,999f0f19538b28b4aa80a12d4feef89363f6176f5366d96d79b904ccf594ac3d,7,0.67,1,1538830665470,Politics,0.8978000000000002,0.63
2jCZepbqaQjJeoXy6,999f0f19538b28b4aa80a12d4feef89363f6176f5366d96d79b904ccf594ac3d,8,0.29,1,1538830665472,Politics,1.0082,0.35
QBn4M5voWiyH3XcTA,999f0f19538b28b4aa80a12d4feef89363f6176f5366d96d79b904ccf594ac3d,9,0.86,1,1538830665472,Politics,1.4791999999999998,0.485
8Hv2D3v9mpGSZ35Zz,999f0f19538b28b4aa80a12d4feef89363f6176f5366d96d79b904ccf594ac3d,10,0.13,1,1538830665472,Politics,0.033800000000000004,0.56
iPk4eTe2xc2ijaBPH,999f0f19538b28b4aa80a12d4feef89363f6176f5366d96d79b904ccf594ac3d,11,0.37,1,1538830665474,Politics,0.2738,0.58
CboLqCZyeACNLvGHM,999f0f19538b28b4aa80a12d4feef89363f6176f5366d96d79b904ccf594ac3d,12,0.3,1,1538830665474,Politics,0.18,0.535
WCQzXKsHraNHqvps2,999f0f19538b28b4aa80a12d4feef89363f6176f5366d96d79b904ccf594ac3d,13,0.28,1,1538830701355,Entertainment,0.15680000000000002,0.42
sHj6pewjwxLGzcSgu,999f0f19538b28b4aa80a12d4feef89363f6176f5366d96d79b904ccf594ac3d,14,0.64,1,1538830701355,Entertainment,0.2592,0.6
heRmdRH2mmn6S3ye2,999f0f19538b28b4aa80a12d4feef89363f6176f5366d96d79b904ccf594ac3d,15,0.7,1,1538830701355,Entertainment,0.9799999999999999,0.56
i6wQjankWhctvtu32,999f0f19538b28b4aa80a12d4feef89363f6176f5366d96d79b904ccf594ac3d,16,0.26,1,1538830701356,Entertainment,1.0952,0.44
rKbvWnXkshruwwJjS,999f0f19538b28b4aa80a12d4feef89363f6176f5366d96d79b904ccf594ac3d,17,0.2,1,1538830701356,Entertainment,0.08000000000000002,0.43
A2pstyNbRn6WR3ez8,999f0f19538b28b4aa80a12d4feef89363f6176f5366d96d79b904ccf594ac3d,18,0.69,1,1538830701356,Entertainment,0.9521999999999998,0.515
RbnjPbvCa4H6FgsyM,4da31ac3c6ee9a1d2a32da131eb784786053ca97f0c9d20f39bc4b2b392a72cc,1,0.75,1,1538830960597,Sports,0.125,0.615
W2wRMDZzaZCsWWXkb,4da31ac3c6ee9a1d2a32da131eb784786053ca97f0c9d20f39bc4b2b392a72cc,2,0.75,1,1538830960597,Sports,1.125,0.555
Zd4h92s4H5iSuj4Jt,4da31ac3c6ee9a1d2a32da131eb784786053ca97f0c9d20f39bc4b2b392a72cc,3,0.4,1,1538830960598,Sports,0.32000000000000006,0.525
6NfGRZqgudKTcEuqN,4da31ac3c6ee9a1d2a32da131eb784786053ca97f0c9d20f39bc4b2b392a72cc,4,0.7,1,1538830960598,Sports,0.18000000000000005,0.6
GP6FykbuNMWyzyWji,4da31ac3c6ee9a1d2a32da131eb784786053ca97f0c9d20f39bc4b2b392a72cc,5,0.4,1,1538830960598,Sports,0.32000000000000006,0.55
XAXiQamGubYuyDzZ2,4da31ac3c6ee9a1d2a32da131eb784786053ca97f0c9d20f39bc4b2b392a72cc,6,0.35,1,1538830960598,Sports,0.24499999999999997,0.575
gKkLSGp4Ncwpcw8v9,4da31ac3c6ee9a1d2a32da131eb784786053ca97f0c9d20f39bc4b2b392a72cc,7,0.35,1,1538831028244,Politics,0.24499999999999997,0.63
Grd6sbaaig9MrPSLj,4da31ac3c6ee9a1d2a32da131eb784786053ca97f0c9d20f39bc4b2b392a72cc,8,0.29,1,1538831028245,Politics,1.0082,0.38
xPAd26BGp2Dex2qJe,4da31ac3c6ee9a1d2a32da131eb784786053ca97f0c9d20f39bc4b2b392a72cc,9,0.27,1,1538831028245,Politics,0.1458,0.425
xCLcYKLhtbdzXDZuk,4da31ac3c6ee9a1d2a32da131eb784786053ca97f0c9d20f39bc4b2b392a72cc,10,0.66,1,1538831028245,Politics,0.8712000000000001,0.27
yYhe57JT7DLbhfnZB,4da31ac3c6ee9a1d2a32da131eb784786053ca97f0c9d20f39bc4b2b392a72cc,11,0.33,1,1538831028246,Politics,0.21780000000000002,0.57
JAvxKJ6GkapxnoQwT,4da31ac3c6ee9a1d2a32da131eb784786053ca97f0c9d20f39bc4b2b392a72cc,12,0.81,1,1538831028246,Politics,1.3122000000000003,0.325
EgScwoqkJSecZfzZR,4da31ac3c6ee9a1d2a32da131eb784786053ca97f0c9d20f39bc4b2b392a72cc,13,0.28,1,1538831099827,Entertainment,0.15680000000000002,0.32
3FToci3DLkJiMygfz,4da31ac3c6ee9a1d2a32da131eb784786053ca97f0c9d20f39bc4b2b392a72cc,14,0.17,1,1538831099827,Entertainment,1.3778,0.22
bqgPnXiHgTc8ECCGY,4da31ac3c6ee9a1d2a32da131eb784786053ca97f0c9d20f39bc4b2b392a72cc,15,0.76,1,1538831099827,Entertainment,1.1552,0.47
rf9xkAqLDTmqy3yze,4da31ac3c6ee9a1d2a32da131eb784786053ca97f0c9d20f39bc4b2b392a72cc,16,0.33,1,1538831099827,Entertainment,0.8977999999999998,0.65
aSyiQAFSW3CGHGFYA,4da31ac3c6ee9a1d2a32da131eb784786053ca97f0c9d20f39bc4b2b392a72cc,17,0.3,1,1538831099828,Entertainment,0.18,0.605
wE6mENwJqm4XSYAEP,4da31ac3c6ee9a1d2a32da131eb784786053ca97f0c9d20f39bc4b2b392a72cc,18,0.33,1,1538831099829,Entertainment,0.21780000000000002,0.62
YXFo8AonLsgMycRJr,a71a2b29471812e8a695a162c525bcc0b77b8019c1c6c350364dd8b3621305f6,1,0.39,1,1538832012071,Sports,0.7442,0.615
78WvdybgETxapAheH,a71a2b29471812e8a695a162c525bcc0b77b8019c1c6c350364dd8b3621305f6,2,0.39,1,1538832012075,Sports,0.3042,0.615
vrQTBdiXgqXP6bAhS,a71a2b29471812e8a695a162c525bcc0b77b8019c1c6c350364dd8b3621305f6,3,0.47,1,1538832012080,Sports,0.44179999999999997,0.475
m5dLCHoA5NQEbxu4f,a71a2b29471812e8a695a162c525bcc0b77b8019c1c6c350364dd8b3621305f6,4,0.7,1,1538832012083,Sports,0.18000000000000005,0.585
cgzr7M5Pk5HL4WYyn,a71a2b29471812e8a695a162c525bcc0b77b8019c1c6c350364dd8b3621305f6,5,0.29,1,1538832012085,Sports,0.1682,0.395
bA5hEC5dbN2xkQbA2,a71a2b29471812e8a695a162c525bcc0b77b8019c1c6c350364dd8b3621305f6,6,0.71,1,1538832012087,Sports,1.0082,0.495
7dsRnu5B9qKscYC8M,a71a2b29471812e8a695a162c525bcc0b77b8019c1c6c350364dd8b3621305f6,7,0.4,1,1538832049998,Politics,0.32000000000000006,0.565
rzBgr32gcXc6JbML9,a71a2b29471812e8a695a162c525bcc0b77b8019c1c6c350364dd8b3621305f6,8,0.7,1,1538832050002,Politics,0.18000000000000005,0.475
oeyzZhogQC9g2ha9L,a71a2b29471812e8a695a162c525bcc0b77b8019c1c6c350364dd8b3621305f6,9,0.35,1,1538832050004,Politics,0.24499999999999997,0.62
473RFmZHiAkxmN5YK,a71a2b29471812e8a695a162c525bcc0b77b8019c1c6c350364dd8b3621305f6,10,0.43,1,1538832050006,Politics,0.36979999999999996,0.37
KE4qSpCHRzJWL7q4j,a71a2b29471812e8a695a162c525bcc0b77b8019c1c6c350364dd8b3621305f6,11,0.29,1,1538832050007,Politics,0.1682,0.405
CXhv2Bq7c7k5dXioW,a71a2b29471812e8a695a162c525bcc0b77b8019c1c6c350364dd8b3621305f6,12,0.42,1,1538832050016,Politics,0.35279999999999995,0.415
4LzrGn48MjYb2AR9t,a71a2b29471812e8a695a162c525bcc0b77b8019c1c6c350364dd8b3621305f6,13,0.73,1,1538832083406,Entertainment,1.0657999999999999,0.465
GR6W9caC7SMhJ6W6b,a71a2b29471812e8a695a162c525bcc0b77b8019c1c6c350364dd8b3621305f6,14,0.56,1,1538832083408,Entertainment,0.38719999999999993,0.59
7eMfiZT2W3WX9YRKv,a71a2b29471812e8a695a162c525bcc0b77b8019c1c6c350364dd8b3621305f6,15,0.49,1,1538832083411,Entertainment,0.48019999999999996,0.57
hwtPgvCqiFabSfSeB,a71a2b29471812e8a695a162c525bcc0b77b8019c1c6c350364dd8b3621305f6,16,0.35,1,1538832083413,Entertainment,0.8450000000000001,0.55
JFacpkKAiTYwtS2Ms,a71a2b29471812e8a695a162c525bcc0b77b8019c1c6c350364dd8b3621305f6,17,0.7,1,1538832083416,Entertainment,0.9799999999999999,0.475
KLnKaCMnPEZqjJvGB,a71a2b29471812e8a695a162c525bcc0b77b8019c1c6c350364dd8b3621305f6,18,0.54,1,1538832083419,Entertainment,0.5832,0.495
wfhwQysk3dBGmhksf,0508d1b794e7f8948d556c75f6509c422d607fbc4ac6dccddf6fac8792ed6df6,1,0.5,1,1538833413801,Sports,0.5,0.58
eH9Yqz8ygQMPirJ2m,0508d1b794e7f8948d556c75f6509c422d607fbc4ac6dccddf6fac8792ed6df6,2,0.4,1,1538833413804,Sports,0.32000000000000006,0.6
7eBztzPQN5RyjmRyw,0508d1b794e7f8948d556c75f6509c422d607fbc4ac6dccddf6fac8792ed6df6,3,0.5,1,1538833413806,Sports,0.5,0.48
7fXetWgAXHoaKs9Ff,0508d1b794e7f8948d556c75f6509c422d607fbc4ac6dccddf6fac8792ed6df6,4,0.7,1,1538833413807,Sports,0.18000000000000005,0.565
W98iuFXRy8P5p8Lcz,0508d1b794e7f8948d556c75f6509c422d607fbc4ac6dccddf6fac8792ed6df6,5,0.5,1,1538833413808,Sports,0.5,0.485
BxMsDHcwjEnpvXayX,0508d1b794e7f8948d556c75f6509c422d607fbc4ac6dccddf6fac8792ed6df6,6,0.3,1,1538833413809,Sports,0.18,0.59
kAdZaEKbzp6HS7FbL,0508d1b794e7f8948d556c75f6509c422d607fbc4ac6dccddf6fac8792ed6df6,7,0.5,1,1538833510167,Politics,0.5,0.58
fkHSp3o64EAcCZxnP,0508d1b794e7f8948d556c75f6509c422d607fbc4ac6dccddf6fac8792ed6df6,8,0.6,1,1538833510169,Politics,0.32000000000000006,0.465
K3c9tqSjPRwh3tHf2,0508d1b794e7f8948d556c75f6509c422d607fbc4ac6dccddf6fac8792ed6df6,9,0.61,1,1538833510169,Politics,0.7442,0.41
YSrBFqoG3jnX8HSz6,0508d1b794e7f8948d556c75f6509c422d607fbc4ac6dccddf6fac8792ed6df6,10,0.4,1,1538833510171,Politics,0.32000000000000006,0.36
n86fEs9y9yK57YQc9,0508d1b794e7f8948d556c75f6509c422d607fbc4ac6dccddf6fac8792ed6df6,11,0.4,1,1538833510171,Politics,0.32000000000000006,0.495
SRXGrWEMJDn2dHG24,0508d1b794e7f8948d556c75f6509c422d607fbc4ac6dccddf6fac8792ed6df6,12,0.3,1,1538833510172,Politics,0.18,0.45
9kqfDyHkvXutFGXxa,49096c731233fc6ef1b613abc104bf1590c818077ecc53ebdf28fab40ded46a1,1,0.34,1,1538833598940,Sports,0.8711999999999998,0.685
eoymvGpu9nEFrNBTh,49096c731233fc6ef1b613abc104bf1590c818077ecc53ebdf28fab40ded46a1,2,0.75,1,1538833598943,Sports,1.125,0.68
G9HsGfaLQgWwG3Ch3,49096c731233fc6ef1b613abc104bf1590c818077ecc53ebdf28fab40ded46a1,3,0.2,1,1538833598944,Sports,0.08000000000000002,0.505
xdxypSq9WoiJWhW5d,49096c731233fc6ef1b613abc104bf1590c818077ecc53ebdf28fab40ded46a1,4,0.45,1,1538833598945,Sports,0.6050000000000001,0.72
mnhvdDwc92n5dGwQH,49096c731233fc6ef1b613abc104bf1590c818077ecc53ebdf28fab40ded46a1,5,0.8,1,1538833598946,Sports,1.2800000000000002,0.55
vYM6Lys4MXeFhJorn,49096c731233fc6ef1b613abc104bf1590c818077ecc53ebdf28fab40ded46a1,6,0.7,1,1538833598948,Sports,0.9799999999999999,0.57
bi9HEnsmW7hfFfS7N,49096c731233fc6ef1b613abc104bf1590c818077ecc53ebdf28fab40ded46a1,7,0.65,1,1538833601096,Politics,0.8450000000000001,0.625
8iYjMgKxRhagXyhN4,49096c731233fc6ef1b613abc104bf1590c818077ecc53ebdf28fab40ded46a1,8,0.8,1,1538833601098,Politics,0.07999999999999996,0.575
xaHHotFDB8NXTtbCP,49096c731233fc6ef1b613abc104bf1590c818077ecc53ebdf28fab40ded46a1,9,0.2,1,1538833601099,Politics,0.08000000000000002,0.46
nZ6tmDbWPZW7PnDgp,49096c731233fc6ef1b613abc104bf1590c818077ecc53ebdf28fab40ded46a1,10,0.15,1,1538833601101,Politics,0.045,0.54
ZCo9yBYMCWamrRknC,49096c731233fc6ef1b613abc104bf1590c818077ecc53ebdf28fab40ded46a1,11,0.1,1,1538833601102,Politics,0.020000000000000004,0.53
6J4PCCXMWpbJ4rbLb,49096c731233fc6ef1b613abc104bf1590c818077ecc53ebdf28fab40ded46a1,12,0.05,1,1538833601105,Politics,0.005000000000000001,0.415
QQk74CAB4LW45YtbR,49096c731233fc6ef1b613abc104bf1590c818077ecc53ebdf28fab40ded46a1,13,0.8,1,1538833603596,Entertainment,1.2800000000000002,0.555
tuD4BaeF6GqQ9mygM,49096c731233fc6ef1b613abc104bf1590c818077ecc53ebdf28fab40ded46a1,14,0.9,1,1538833603598,Entertainment,0.01999999999999999,0.655
q8KGu5XCgbtpxPqpb,49096c731233fc6ef1b613abc104bf1590c818077ecc53ebdf28fab40ded46a1,15,0.3,1,1538833603599,Entertainment,0.18,0.675
NZ83z6WKnnZqWxrw6,49096c731233fc6ef1b613abc104bf1590c818077ecc53ebdf28fab40ded46a1,16,0.75,1,1538833603601,Entertainment,0.125,0.535
KQ7ZRQPqhcbWpKqzi,49096c731233fc6ef1b613abc104bf1590c818077ecc53ebdf28fab40ded46a1,17,0.05,1,1538833603602,Entertainment,0.005000000000000001,0.295
BNjn8bLM9MpqWEyr3,49096c731233fc6ef1b613abc104bf1590c818077ecc53ebdf28fab40ded46a1,18,0.7,1,1538833603606,Entertainment,0.9799999999999999,0.52
HdZ7Txzycbu8QSF2P,0508d1b794e7f8948d556c75f6509c422d607fbc4ac6dccddf6fac8792ed6df6,13,1,1,1538833763579,Entertainment,2,0.425
T95Y6mP2nGfcSyyec,0508d1b794e7f8948d556c75f6509c422d607fbc4ac6dccddf6fac8792ed6df6,14,0.5,1,1538833763580,Entertainment,0.5,0.57
HeKcyHEdq9Z6iua6E,0508d1b794e7f8948d556c75f6509c422d607fbc4ac6dccddf6fac8792ed6df6,15,0.4,1,1538833763582,Entertainment,0.32000000000000006,0.485
iWHvJzthDJTB5iRTu,0508d1b794e7f8948d556c75f6509c422d607fbc4ac6dccddf6fac8792ed6df6,16,0.7,1,1538833763582,Entertainment,0.18000000000000005,0.42
fCqarbpR5Mmxe2g8j,0508d1b794e7f8948d556c75f6509c422d607fbc4ac6dccddf6fac8792ed6df6,17,0.5,1,1538833763583,Entertainment,0.5,0.565
MEs3DY4jLp4LTM3Kd,0508d1b794e7f8948d556c75f6509c422d607fbc4ac6dccddf6fac8792ed6df6,18,0.5,1,1538833763585,Entertainment,0.5,0.51
ECHDnq5e4Y65hgMe4,67d81d6c714976b2b9497a12b30da5746ea3fc7375bb9bd91309fc1ccaef2c61,1,0.3,1,1538834272228,Sports,0.9799999999999999,0.805
tTgen8WBYCiG4Qbba,67d81d6c714976b2b9497a12b30da5746ea3fc7375bb9bd91309fc1ccaef2c61,2,1,1,1538834272229,Sports,2,0.745
eauuxyYC8qoiDqTpX,67d81d6c714976b2b9497a12b30da5746ea3fc7375bb9bd91309fc1ccaef2c61,3,0,1,1538834272230,Sports,0,0.49
sFSGgGMoyAvhwMGEQ,67d81d6c714976b2b9497a12b30da5746ea3fc7375bb9bd91309fc1ccaef2c61,4,0.75,1,1538834272230,Sports,0.125,0.76
fvub9nkxEiu7H5E89,67d81d6c714976b2b9497a12b30da5746ea3fc7375bb9bd91309fc1ccaef2c61,5,0,1,1538834272231,Sports,0,0.43
cu5Gzu7xcFFkoczEC,67d81d6c714976b2b9497a12b30da5746ea3fc7375bb9bd91309fc1ccaef2c61,6,0,1,1538834272232,Sports,0,0.33
9DxwoQ32qaWDqEumg,7ad8bfc19eb375f477323dca3e1344a98a09b0b88fc328da8949f4a6f7274996,1,0.25,1,1538834239099,Sports,1.125,0.435
dK9eQtjPEpHScEX7g,7ad8bfc19eb375f477323dca3e1344a98a09b0b88fc328da8949f4a6f7274996,2,0.35,1,1538834239099,Sports,0.24499999999999997,0.665
dmXkJF47gpBf5sum6,7ad8bfc19eb375f477323dca3e1344a98a09b0b88fc328da8949f4a6f7274996,3,0.15,1,1538834239099,Sports,0.045,0.51
4FfS3PoGqnets6Ytk,7ad8bfc19eb375f477323dca3e1344a98a09b0b88fc328da8949f4a6f7274996,4,0.75,1,1538834239100,Sports,0.125,0.65
ibEyYSX2BzuJXQuB8,7ad8bfc19eb375f477323dca3e1344a98a09b0b88fc328da8949f4a6f7274996,5,0.2,1,1538834239100,Sports,0.08000000000000002,0.41
yssDQgmvvQzBRkcbB,7ad8bfc19eb375f477323dca3e1344a98a09b0b88fc328da8949f4a6f7274996,6,0.4,1,1538834239101,Sports,0.32000000000000006,0.6
6cvLKJnN5bJ3HPCJg,67d81d6c714976b2b9497a12b30da5746ea3fc7375bb9bd91309fc1ccaef2c61,7,1,1,1538834432738,Politics,2,0.745
bhQEfRCKRnAb6L4RR,67d81d6c714976b2b9497a12b30da5746ea3fc7375bb9bd91309fc1ccaef2c61,8,1,1,1538834432739,Politics,0,0.7
SfrBrbYGngqXsizsq,67d81d6c714976b2b9497a12b30da5746ea3fc7375bb9bd91309fc1ccaef2c61,9,0,1,1538834432739,Politics,0,0.415
uSeqXC65Bj5AfNdfF,67d81d6c714976b2b9497a12b30da5746ea3fc7375bb9bd91309fc1ccaef2c61,10,0,1,1538834432740,Politics,0,0.575
Rxw7EJEWipXjTc2tS,67d81d6c714976b2b9497a12b30da5746ea3fc7375bb9bd91309fc1ccaef2c61,11,0,1,1538834432741,Politics,0,0.475
KQfwDD3SyDTX38yAm,67d81d6c714976b2b9497a12b30da5746ea3fc7375bb9bd91309fc1ccaef2c61,12,0,1,1538834432742,Politics,0,0.595
KnJkbhvmH3rkGH8cp,62a7845d38ffa931b8f7c228281da837f871c3a51db7f0fca601ab2f64f1b7d9,1,0.69,1,1538834308355,Sports,0.19220000000000007,0.525
nFnaCa7tGBLGBwHoy,62a7845d38ffa931b8f7c228281da837f871c3a51db7f0fca601ab2f64f1b7d9,2,0.85,1,1538834308358,Sports,1.4449999999999998,0.545
gq44dFwBFQWMgWQEM,62a7845d38ffa931b8f7c228281da837f871c3a51db7f0fca601ab2f64f1b7d9,3,0.3,1,1538834308360,Sports,0.18,0.58
kuAhbThKCLDextCzF,62a7845d38ffa931b8f7c228281da837f871c3a51db7f0fca601ab2f64f1b7d9,4,0.29,1,1538834308361,Sports,1.0082,0.355
wfsTXZkCXYfdm8Mwm,62a7845d38ffa931b8f7c228281da837f871c3a51db7f0fca601ab2f64f1b7d9,5,0.28,1,1538834308362,Sports,0.15680000000000002,0.405
jh6zZvJcdFLBk2gLQ,62a7845d38ffa931b8f7c228281da837f871c3a51db7f0fca601ab2f64f1b7d9,6,0.28,1,1538834308363,Sports,0.15680000000000002,0.41
9zMZrr9hgLfCHK2rh,7ad8bfc19eb375f477323dca3e1344a98a09b0b88fc328da8949f4a6f7274996,7,0.25,1,1538834316759,Politics,0.125,0.4
sistjH4yC4f4miXY3,7ad8bfc19eb375f477323dca3e1344a98a09b0b88fc328da8949f4a6f7274996,8,0.7,1,1538834316759,Politics,0.18000000000000005,0.575
k7KdZRJhtTJWtGmsP,7ad8bfc19eb375f477323dca3e1344a98a09b0b88fc328da8949f4a6f7274996,9,0.35,1,1538834316759,Politics,0.24499999999999997,0.635
Ktooa4R7aY6nxe3oi,7ad8bfc19eb375f477323dca3e1344a98a09b0b88fc328da8949f4a6f7274996,10,0.1,1,1538834316760,Politics,0.020000000000000004,0.515
HEGydd6ZRKZ9sMc7J,7ad8bfc19eb375f477323dca3e1344a98a09b0b88fc328da8949f4a6f7274996,11,0.2,1,1538834316760,Politics,0.08000000000000002,0.485
YETezRkMaeF9gB4sw,7ad8bfc19eb375f477323dca3e1344a98a09b0b88fc328da8949f4a6f7274996,12,0.1,1,1538834316761,Politics,0.020000000000000004,0.6
6XMGDjDLw8MwmutMj,67d81d6c714976b2b9497a12b30da5746ea3fc7375bb9bd91309fc1ccaef2c61,13,0,1,1538834473298,Entertainment,0,0.465
XN5kNMKSuvAPXZST9,67d81d6c714976b2b9497a12b30da5746ea3fc7375bb9bd91309fc1ccaef2c61,14,1,1,1538834473299,Entertainment,0,0.695
9tRk6n9XS4ho9xn8B,67d81d6c714976b2b9497a12b30da5746ea3fc7375bb9bd91309fc1ccaef2c61,15,0,1,1538834473299,Entertainment,0,0.4
Bsi7zdpNgDqJ9AnnB,67d81d6c714976b2b9497a12b30da5746ea3fc7375bb9bd91309fc1ccaef2c61,16,0,1,1538834473300,Entertainment,2,0.39
3rWQFejZ46CtpSBE9,67d81d6c714976b2b9497a12b30da5746ea3fc7375bb9bd91309fc1ccaef2c61,17,0,1,1538834473300,Entertainment,0,0.425
AYk5pDFtMTsGspbLt,67d81d6c714976b2b9497a12b30da5746ea3fc7375bb9bd91309fc1ccaef2c61,18,0,1,1538834473301,Entertainment,0,0.415
pZRHd52zdnT3NXrpu,62a7845d38ffa931b8f7c228281da837f871c3a51db7f0fca601ab2f64f1b7d9,7,0.63,1,1538834346230,Politics,0.7938000000000001,0.57
5jKfgJkiMtbWxowib,62a7845d38ffa931b8f7c228281da837f871c3a51db7f0fca601ab2f64f1b7d9,8,0.64,1,1538834346232,Politics,0.2592,0.52
WKoqyLpwpLrkAPzXZ,62a7845d38ffa931b8f7c228281da837f871c3a51db7f0fca601ab2f64f1b7d9,9,0.68,1,1538834346233,Politics,0.9248000000000002,0.465
Z4rqaHahukobghZh3,62a7845d38ffa931b8f7c228281da837f871c3a51db7f0fca601ab2f64f1b7d9,10,0.36,1,1538834346234,Politics,0.2592,0.47
gkHdbeDP5KmrBNqXw,62a7845d38ffa931b8f7c228281da837f871c3a51db7f0fca601ab2f64f1b7d9,11,0.36,1,1538834346234,Politics,0.2592,0.57
wfN3kySWgvXWJWyJ8,62a7845d38ffa931b8f7c228281da837f871c3a51db7f0fca601ab2f64f1b7d9,12,0.36,1,1538834346238,Politics,0.2592,0.475
S9ir2qxKkEmxGQ8LP,62a7845d38ffa931b8f7c228281da837f871c3a51db7f0fca601ab2f64f1b7d9,13,0.64,1,1538834371930,Entertainment,0.8192,0.545
Hi58FePk7HLbMz3xa,62a7845d38ffa931b8f7c228281da837f871c3a51db7f0fca601ab2f64f1b7d9,14,0.32,1,1538834371932,Entertainment,0.9247999999999998,0.665
uTNeqqi3QR9igJWbQ,62a7845d38ffa931b8f7c228281da837f871c3a51db7f0fca601ab2f64f1b7d9,15,0.69,1,1538834371932,Entertainment,0.9521999999999998,0.475
tJ8WuDr5H9ASGEBZ2,62a7845d38ffa931b8f7c228281da837f871c3a51db7f0fca601ab2f64f1b7d9,16,0.69,1,1538834371933,Entertainment,0.19220000000000007,0.47
3PaRYQ3S22XBFiBXf,62a7845d38ffa931b8f7c228281da837f871c3a51db7f0fca601ab2f64f1b7d9,17,0.7,1,1538834371933,Entertainment,0.9799999999999999,0.45
uyEZ3sTEfRN7Tj5Np,62a7845d38ffa931b8f7c228281da837f871c3a51db7f0fca601ab2f64f1b7d9,18,0.7,1,1538834371934,Entertainment,0.9799999999999999,0.44
xEQ7WPL5CKGJdiKGp,7ad8bfc19eb375f477323dca3e1344a98a09b0b88fc328da8949f4a6f7274996,13,0.8,1,1538834383132,Entertainment,1.2800000000000002,0.54
5ch8qwxCEe3awLqAo,7ad8bfc19eb375f477323dca3e1344a98a09b0b88fc328da8949f4a6f7274996,14,0.4,1,1538834383133,Entertainment,0.72,0.595
BGBRjdQjsyKPfycLv,7ad8bfc19eb375f477323dca3e1344a98a09b0b88fc328da8949f4a6f7274996,15,0.3,1,1538834383133,Entertainment,0.18,0.705
sry35PzFhQMZs5gvG,7ad8bfc19eb375f477323dca3e1344a98a09b0b88fc328da8949f4a6f7274996,16,0.65,1,1538834383134,Entertainment,0.24499999999999997,0.54
RK8jJCngXzeTQswqk,7ad8bfc19eb375f477323dca3e1344a98a09b0b88fc328da8949f4a6f7274996,17,0.65,1,1538834383134,Entertainment,0.8450000000000001,0.555
BJcX6N2FgexwxiuPo,7ad8bfc19eb375f477323dca3e1344a98a09b0b88fc328da8949f4a6f7274996,18,0.7,1,1538834383134,Entertainment,0.9799999999999999,0.465
57JtCckqd5TTEztmT,8eb12c21bf7a03a27a9e2163f2ecf0cbbf05ce1d3835deb24634aad074f413f4,1,0.11,1,1538834530471,Sports,1.5842,0.335
JQXMZKzcYWGsLg2ME,8eb12c21bf7a03a27a9e2163f2ecf0cbbf05ce1d3835deb24634aad074f413f4,2,0.68,1,1538834530472,Sports,0.9248000000000002,0.61
r9dp8CTFd8WJ6BkYf,8eb12c21bf7a03a27a9e2163f2ecf0cbbf05ce1d3835deb24634aad074f413f4,3,0.2,1,1538834530473,Sports,0.08000000000000002,0.5
tKoZwgq2q43EN7Bpv,8eb12c21bf7a03a27a9e2163f2ecf0cbbf05ce1d3835deb24634aad074f413f4,4,0.57,1,1538834530475,Sports,0.3698000000000001,0.64
nveQCZRo2qJxpcwWn,8eb12c21bf7a03a27a9e2163f2ecf0cbbf05ce1d3835deb24634aad074f413f4,5,0.65,1,1538834530476,Sports,0.8450000000000001,0.485
cc7PNxERGPqub3g9G,8eb12c21bf7a03a27a9e2163f2ecf0cbbf05ce1d3835deb24634aad074f413f4,6,0.31,1,1538834530476,Sports,0.1922,0.695
LomAWsFLektHXLoEa,8eb12c21bf7a03a27a9e2163f2ecf0cbbf05ce1d3835deb24634aad074f413f4,7,0.61,1,1538834645213,Politics,0.7442,0.56
jcN4iQyas3WvjGKX4,8eb12c21bf7a03a27a9e2163f2ecf0cbbf05ce1d3835deb24634aad074f413f4,8,0.76,1,1538834645213,Politics,0.1152,0.555
k3Lst9oBFMQ3YNruF,8eb12c21bf7a03a27a9e2163f2ecf0cbbf05ce1d3835deb24634aad074f413f4,9,0.66,1,1538834645215,Politics,0.8712000000000001,0.44
48ggD6asBZrkgP9sR,8eb12c21bf7a03a27a9e2163f2ecf0cbbf05ce1d3835deb24634aad074f413f4,10,0.06,1,1538834645215,Politics,0.0072,0.46
TRpazWRMudg5BbGBY,8eb12c21bf7a03a27a9e2163f2ecf0cbbf05ce1d3835deb24634aad074f413f4,11,0.24,1,1538834645217,Politics,0.1152,0.525
hhXFNkvn6XDjf6Qps,8eb12c21bf7a03a27a9e2163f2ecf0cbbf05ce1d3835deb24634aad074f413f4,12,0.17,1,1538834645218,Politics,0.05780000000000001,0.535
nDEfjqPKgtHTaoTNJ,8eb12c21bf7a03a27a9e2163f2ecf0cbbf05ce1d3835deb24634aad074f413f4,13,0.35,1,1538834740350,Entertainment,0.24499999999999997,0.635
P4N4v9uwRusu3zMha,8eb12c21bf7a03a27a9e2163f2ecf0cbbf05ce1d3835deb24634aad074f413f4,14,0.78,1,1538834740352,Entertainment,0.09679999999999998,0.62
DGAkQebdkgyi8oo4o,8eb12c21bf7a03a27a9e2163f2ecf0cbbf05ce1d3835deb24634aad074f413f4,15,0.28,1,1538834740353,Entertainment,0.15680000000000002,0.385
d72Sf4MGBwpWvRCZb,8eb12c21bf7a03a27a9e2163f2ecf0cbbf05ce1d3835deb24634aad074f413f4,16,0.61,1,1538834740354,Entertainment,0.3042,0.555
44ax2dMFDSKXpcCLt,8eb12c21bf7a03a27a9e2163f2ecf0cbbf05ce1d3835deb24634aad074f413f4,17,0.37,1,1538834740355,Entertainment,0.2738,0.615
J9eDfDGMZQsYm2okS,8eb12c21bf7a03a27a9e2163f2ecf0cbbf05ce1d3835deb24634aad074f413f4,18,0.28,1,1538834740356,Entertainment,0.15680000000000002,0.495
CyRLkn4NBmGjNXZHT,0830970e255d6ba3af23e215860776f0088a7e3cf5af4fb19d83024538897148,1,0.78,1,1538834861597,Sports,0.09679999999999998,0.525
L2u6TQaRLtdPRehgt,0830970e255d6ba3af23e215860776f0088a7e3cf5af4fb19d83024538897148,2,0.78,1,1538834861598,Sports,1.2168,0.585
Mif4GfQtnqB7nRCjF,0830970e255d6ba3af23e215860776f0088a7e3cf5af4fb19d83024538897148,3,0.36,1,1538834861599,Sports,0.2592,0.535
scBk2DWjunNj86d2E,0830970e255d6ba3af23e215860776f0088a7e3cf5af4fb19d83024538897148,4,0.68,1,1538834861601,Sports,0.20479999999999993,0.595
FS9TxKh2BSQK7XDPJ,0830970e255d6ba3af23e215860776f0088a7e3cf5af4fb19d83024538897148,5,0.83,1,1538834861601,Sports,1.3778,0.485
yfJiAKYN2vtYGxQiT,0830970e255d6ba3af23e215860776f0088a7e3cf5af4fb19d83024538897148,6,0.76,1,1538834861602,Sports,1.1552,0.51
ovWiWpEKrcimQqQf7,0830970e255d6ba3af23e215860776f0088a7e3cf5af4fb19d83024538897148,7,0.26,1,1538834895282,Politics,0.13520000000000001,0.305
TzznLW5Njwd8ewTLL,0830970e255d6ba3af23e215860776f0088a7e3cf5af4fb19d83024538897148,8,0.31,1,1538834895283,Politics,0.9521999999999998,0.645
SjJWCszf35HjySAuf,0830970e255d6ba3af23e215860776f0088a7e3cf5af4fb19d83024538897148,9,0.32,1,1538834895284,Politics,0.2048,0.63
BM5KuK3vTn5FDruYM,0830970e255d6ba3af23e215860776f0088a7e3cf5af4fb19d83024538897148,10,0.73,1,1538834895285,Politics,1.0657999999999999,0.33
pKbQ8wQukHMyqM7Ey,0830970e255d6ba3af23e215860776f0088a7e3cf5af4fb19d83024538897148,11,0.75,1,1538834895285,Politics,1.125,0.325
ovCT34hhxgmnFNi57,0830970e255d6ba3af23e215860776f0088a7e3cf5af4fb19d83024538897148,12,0.22,1,1538834895286,Politics,0.0968,0.425
G5g2rw5WFPvauYvJu,0830970e255d6ba3af23e215860776f0088a7e3cf5af4fb19d83024538897148,13,0.24,1,1538834931604,Entertainment,0.1152,0.33
rZgd4GmhLKPyj7NqM,0830970e255d6ba3af23e215860776f0088a7e3cf5af4fb19d83024538897148,14,0.5,1,1538834931604,Entertainment,0.5,0.595
hN5MbPu8NvdQZZuH8,0830970e255d6ba3af23e215860776f0088a7e3cf5af4fb19d83024538897148,15,0.73,1,1538834931604,Entertainment,1.0657999999999999,0.465
3FvbR2d6sgN84Xqbi,0830970e255d6ba3af23e215860776f0088a7e3cf5af4fb19d83024538897148,16,0.32,1,1538834931605,Entertainment,0.9247999999999998,0.635
6nGEk4xoBSD4tuCHT,0830970e255d6ba3af23e215860776f0088a7e3cf5af4fb19d83024538897148,17,0.81,1,1538834931605,Entertainment,1.3122000000000003,0.49
Ke3TxL2nEbau2775i,0830970e255d6ba3af23e215860776f0088a7e3cf5af4fb19d83024538897148,18,0.29,1,1538834931605,Entertainment,0.1682,0.43
eF4xd8juoBRJkHDH6,faf1b8f6204963ca59a48229f0cb6525d143cefdcbba6940ded4d19084cd023e,1,0.8,1,1538835284617,Sports,0.07999999999999996,0.625
BZW6zPEC7dSDpNQ8z,faf1b8f6204963ca59a48229f0cb6525d143cefdcbba6940ded4d19084cd023e,2,0.75,1,1538835284617,Sports,1.125,0.64
ucAgATEZnMmCtz5SA,faf1b8f6204963ca59a48229f0cb6525d143cefdcbba6940ded4d19084cd023e,3,0.25,1,1538835284617,Sports,0.125,0.55
eePjFD4ZbAAr35Zbz,faf1b8f6204963ca59a48229f0cb6525d143cefdcbba6940ded4d19084cd023e,4,0.2,1,1538835284618,Sports,1.2800000000000002,0.39
HNxucFYP5gsXnLSaY,faf1b8f6204963ca59a48229f0cb6525d143cefdcbba6940ded4d19084cd023e,5,0.9,1,1538835284618,Sports,1.62,0.55
gQA3aQRREQaDvdtvf,faf1b8f6204963ca59a48229f0cb6525d143cefdcbba6940ded4d19084cd023e,6,0.1,1,1538835284619,Sports,0.020000000000000004,0.4
mhqLTdE456gv7Xu9b,faf1b8f6204963ca59a48229f0cb6525d143cefdcbba6940ded4d19084cd023e,7,0.15,1,1538835366704,Politics,0.045,0.305
wnJG3cxMyi4pMu4zJ,faf1b8f6204963ca59a48229f0cb6525d143cefdcbba6940ded4d19084cd023e,8,0.6,1,1538835366704,Politics,0.32000000000000006,0.585
AiHbLidzJRRNpk3Sn,faf1b8f6204963ca59a48229f0cb6525d143cefdcbba6940ded4d19084cd023e,9,0.55,1,1538835366704,Politics,0.6050000000000001,0.62
9AXj4dGEuf7nTXf3k,faf1b8f6204963ca59a48229f0cb6525d143cefdcbba6940ded4d19084cd023e,10,0.1,1,1538835366704,Politics,0.020000000000000004,0.545
aJ4hKrwPSGscG6eCQ,faf1b8f6204963ca59a48229f0cb6525d143cefdcbba6940ded4d19084cd023e,11,0.05,1,1538835366705,Politics,0.005000000000000001,0.4
RqHBnbqu6BmTQzy4J,faf1b8f6204963ca59a48229f0cb6525d143cefdcbba6940ded4d19084cd023e,12,0.05,1,1538835366705,Politics,0.005000000000000001,0.415
4YvH2LQgXoLQpNwzN,d23cdf946d6e626612feffb6523664d5e561285b5d99195a36aee54709e72237,1,0.6,1,1538835394869,Sports,0.32000000000000006,0.52
6uE9H4zLGf8cpWYWz,d23cdf946d6e626612feffb6523664d5e561285b5d99195a36aee54709e72237,2,0.4,1,1538835394870,Sports,0.32000000000000006,0.61
NmQXcyECtCPm6W9Ft,d23cdf946d6e626612feffb6523664d5e561285b5d99195a36aee54709e72237,3,0.5,1,1538835394872,Sports,0.5,0.445
woc7XSmZ5FcYczYND,d23cdf946d6e626612feffb6523664d5e561285b5d99195a36aee54709e72237,4,0.3,1,1538835394873,Sports,0.9799999999999999,0.63
3n6yeSDnfit9pmJnZ,d23cdf946d6e626612feffb6523664d5e561285b5d99195a36aee54709e72237,5,0.7,1,1538835394874,Sports,0.9799999999999999,0.51
iYtqntNFCRYPL4qKM,d23cdf946d6e626612feffb6523664d5e561285b5d99195a36aee54709e72237,6,0.5,1,1538835394874,Sports,0.5,0.57
MtzsdJCiBRuh4HrZ2,faf1b8f6204963ca59a48229f0cb6525d143cefdcbba6940ded4d19084cd023e,13,0.7,1,1538835458223,Entertainment,0.9799999999999999,0.57
xhnQdggPKpBebciZe,faf1b8f6204963ca59a48229f0cb6525d143cefdcbba6940ded4d19084cd023e,14,0.35,1,1538835458224,Entertainment,0.8450000000000001,0.695
rrewQhfkygedfw7Pg,faf1b8f6204963ca59a48229f0cb6525d143cefdcbba6940ded4d19084cd023e,15,0.15,1,1538835458224,Entertainment,0.045,0.375
rdWLDTwAhLzWMzSia,faf1b8f6204963ca59a48229f0cb6525d143cefdcbba6940ded4d19084cd023e,16,0.55,1,1538835458224,Entertainment,0.4049999999999999,0.665
oD9ZMq2pTpzzepiqZ,faf1b8f6204963ca59a48229f0cb6525d143cefdcbba6940ded4d19084cd023e,17,0.85,1,1538835458225,Entertainment,1.4449999999999998,0.505
WGpW5wGYGKMzoYAYP,faf1b8f6204963ca59a48229f0cb6525d143cefdcbba6940ded4d19084cd023e,18,0.45,1,1538835458226,Entertainment,0.405,0.595
Pg287RFjQi63cvtCW,d23cdf946d6e626612feffb6523664d5e561285b5d99195a36aee54709e72237,7,0.9,1,1538835474088,Politics,1.62,0.55
qd4fJLsmAQTQeqz93,d23cdf946d6e626612feffb6523664d5e561285b5d99195a36aee54709e72237,8,0.7,1,1538835474088,Politics,0.18000000000000005,0.52
NjoPbZmnJAwC3NwDt,d23cdf946d6e626612feffb6523664d5e561285b5d99195a36aee54709e72237,9,0.6,1,1538835474088,Politics,0.72,0.405
uWqh4JJpHM7eP5z4q,d23cdf946d6e626612feffb6523664d5e561285b5d99195a36aee54709e72237,10,0.2,1,1538835474090,Politics,0.08000000000000002,0.43
xCPPrCCkksuWetsko,d23cdf946d6e626612feffb6523664d5e561285b5d99195a36aee54709e72237,11,0.25,1,1538835474090,Politics,0.125,0.445
p7t47nejGppRH9b8M,d23cdf946d6e626612feffb6523664d5e561285b5d99195a36aee54709e72237,12,0.3,1,1538835474091,Politics,0.18,0.48
CqpiB3CyQEHQiJLgK,d23cdf946d6e626612feffb6523664d5e561285b5d99195a36aee54709e72237,13,0.85,1,1538835556790,Entertainment,1.4449999999999998,0.48
K9Xq8dwAQXTGpzkWT,d23cdf946d6e626612feffb6523664d5e561285b5d99195a36aee54709e72237,14,0.35,1,1538835556791,Entertainment,0.8450000000000001,0.575
65idLJhQ9q6voWThL,d23cdf946d6e626612feffb6523664d5e561285b5d99195a36aee54709e72237,15,0.6,1,1538835556792,Entertainment,0.72,0.49
exFfgaSRGsGPZPLMR,d23cdf946d6e626612feffb6523664d5e561285b5d99195a36aee54709e72237,16,0.4,1,1538835556792,Entertainment,0.72,0.575
2uRo6d86xHiGB6y7H,d23cdf946d6e626612feffb6523664d5e561285b5d99195a36aee54709e72237,17,0.7,1,1538835556793,Entertainment,0.9799999999999999,0.47
Kof8HwYRcEYWEdvks,d23cdf946d6e626612feffb6523664d5e561285b5d99195a36aee54709e72237,18,0.45,1,1538835556794,Entertainment,0.405,0.505
JNvLLchTSgMYT57qi,062f3638becf07e38bdb6d7854955424fefb114f6c98f88559833ca21c293724,1,0.65,1,1538835750996,Sports,0.24499999999999997,0.555
FWuYTTSf5JrsLgWwM,062f3638becf07e38bdb6d7854955424fefb114f6c98f88559833ca21c293724,2,0.59,1,1538835750996,Sports,0.6961999999999999,0.59
uQTcms993iSTCJA2j,062f3638becf07e38bdb6d7854955424fefb114f6c98f88559833ca21c293724,3,0.28,1,1538835750997,Sports,0.15680000000000002,0.445
HeeSYTmNKoyzJSnpp,062f3638becf07e38bdb6d7854955424fefb114f6c98f88559833ca21c293724,4,0.59,1,1538835750997,Sports,0.33620000000000005,0.61
vDXJo9YNSbGTyHiim,062f3638becf07e38bdb6d7854955424fefb114f6c98f88559833ca21c293724,5,0.59,1,1538835750998,Sports,0.6961999999999999,0.515
6ooCF8ngQ4HJDvAdy,062f3638becf07e38bdb6d7854955424fefb114f6c98f88559833ca21c293724,6,0.39,1,1538835750999,Sports,0.3042,0.585
sbdHzSa4SPc4uXrBi,062f3638becf07e38bdb6d7854955424fefb114f6c98f88559833ca21c293724,7,0.4,1,1538835812063,Politics,0.32000000000000006,0.59
fP2deDhSkdnWb42GQ,062f3638becf07e38bdb6d7854955424fefb114f6c98f88559833ca21c293724,8,0.62,1,1538835812064,Politics,0.2888,0.52
8qjoAgTHRm77LcpvG,062f3638becf07e38bdb6d7854955424fefb114f6c98f88559833ca21c293724,9,0.58,1,1538835812064,Politics,0.6728,0.495
8idmLTyqyq6qz6nso,062f3638becf07e38bdb6d7854955424fefb114f6c98f88559833ca21c293724,10,0.25,1,1538835812065,Politics,0.125,0.415
2TRqSb8px6WwafyiH,062f3638becf07e38bdb6d7854955424fefb114f6c98f88559833ca21c293724,11,0.53,1,1538835812065,Politics,0.5618000000000001,0.48
neLyB57gb337nTY4N,062f3638becf07e38bdb6d7854955424fefb114f6c98f88559833ca21c293724,12,0.75,1,1538835812065,Politics,1.125,0.33
287EWqbJLNejk8QXe,2019d0c1d2e91c1615a04b24cbaac79c6d66a14eda5121831e6009582f354281,7,0.31,1,1538835839627,Politics,0.1922,0.69
Hyk2wXFyE3QpTkjAF,2019d0c1d2e91c1615a04b24cbaac79c6d66a14eda5121831e6009582f354281,8,0.32,1,1538835839627,Politics,0.9247999999999998,0.7
bwcWAn2Cq3xWQ6Gfi,2019d0c1d2e91c1615a04b24cbaac79c6d66a14eda5121831e6009582f354281,9,0.38,1,1538835839627,Politics,0.2888,0.635
4mjRRt4d8fdRhevAd,2019d0c1d2e91c1615a04b24cbaac79c6d66a14eda5121831e6009582f354281,10,0.05,1,1538835839627,Politics,0.005000000000000001,0.405
zpHxdGgCfC2akmQqm,2019d0c1d2e91c1615a04b24cbaac79c6d66a14eda5121831e6009582f354281,11,0.16,1,1538835839628,Politics,0.0512,0.535
G45zdR9ixqn8c4rTL,2019d0c1d2e91c1615a04b24cbaac79c6d66a14eda5121831e6009582f354281,12,0.1,1,1538835839628,Politics,0.020000000000000004,0.605
7zntkqLQydtB3yQTM,062f3638becf07e38bdb6d7854955424fefb114f6c98f88559833ca21c293724,13,0.67,1,1538835850624,Entertainment,0.8978000000000002,0.43
HhvmHnRoBGpLk24Bz,062f3638becf07e38bdb6d7854955424fefb114f6c98f88559833ca21c293724,14,0.8,1,1538835850625,Entertainment,0.07999999999999996,0.49
GS5rv4CF6EKNJk7wt,062f3638becf07e38bdb6d7854955424fefb114f6c98f88559833ca21c293724,15,0.58,1,1538835850626,Entertainment,0.6728,0.545
aCNZ4T55ZMAh9vsWk,062f3638becf07e38bdb6d7854955424fefb114f6c98f88559833ca21c293724,16,0.36,1,1538835850626,Entertainment,0.8192,0.56
X6wQgtmJcC4SBwyXm,062f3638becf07e38bdb6d7854955424fefb114f6c98f88559833ca21c293724,17,0.6,1,1538835850626,Entertainment,0.72,0.44
dgShWqroTZAaeeyox,062f3638becf07e38bdb6d7854955424fefb114f6c98f88559833ca21c293724,18,0.32,1,1538835850627,Entertainment,0.2048,0.63
bCuKr5MwKJ8vouCtq,2019d0c1d2e91c1615a04b24cbaac79c6d66a14eda5121831e6009582f354281,13,0.69,1,1538835878846,Entertainment,0.9521999999999998,0.61
GzWCjSq4X6FoLx9ZN,2019d0c1d2e91c1615a04b24cbaac79c6d66a14eda5121831e6009582f354281,14,0.65,1,1538835878846,Entertainment,0.24499999999999997,0.605
sAZd7T9oWGapdHMJ5,2019d0c1d2e91c1615a04b24cbaac79c6d66a14eda5121831e6009582f354281,15,0.76,1,1538835878846,Entertainment,1.1552,0.555
T5BRjRnc6pYKRHqHA,2019d0c1d2e91c1615a04b24cbaac79c6d66a14eda5121831e6009582f354281,16,0.72,1,1538835878847,Entertainment,0.15680000000000002,0.56
Homvrt43YNTpRt89S,2019d0c1d2e91c1615a04b24cbaac79c6d66a14eda5121831e6009582f354281,17,0.33,1,1538835878847,Entertainment,0.21780000000000002,0.595
DdFbxHKg7jdKk939e,2019d0c1d2e91c1615a04b24cbaac79c6d66a14eda5121831e6009582f354281,18,0.05,1,1538835878847,Entertainment,0.005000000000000001,0.28
BAB2mKQSQC8SecYQ6,2019d0c1d2e91c1615a04b24cbaac79c6d66a14eda5121831e6009582f354281,1,0.13,1,1538836507446,Sports,1.5138,0.36
DzTqxwc6W9YkairQG,2019d0c1d2e91c1615a04b24cbaac79c6d66a14eda5121831e6009582f354281,2,0.84,1,1538836507447,Sports,1.4111999999999998,0.64
Pt72oY8MpmDcKQXoy,2019d0c1d2e91c1615a04b24cbaac79c6d66a14eda5121831e6009582f354281,3,0.17,1,1538836507448,Sports,0.05780000000000001,0.43
xgM2NbH5axBQhWPRR,2019d0c1d2e91c1615a04b24cbaac79c6d66a14eda5121831e6009582f354281,4,0.86,1,1538836507448,Sports,0.039200000000000006,0.63
e2LpHpAZAwkaL3FGs,2019d0c1d2e91c1615a04b24cbaac79c6d66a14eda5121831e6009582f354281,5,0.24,1,1538836507448,Sports,0.1152,0.5
EAHuhSNKMWSBoLsAH,2019d0c1d2e91c1615a04b24cbaac79c6d66a14eda5121831e6009582f354281,6,0.25,1,1538836507448,Sports,0.125,0.565
RqoZqKb6dbkQgpjxJ,77b43448f48e81597ac4e738a459ffdc0f8c57537f32be41ba1e0f8a219699d3,1,0.2,1,1538837275681,Sports,1.2800000000000002,0.44
wrr8dcAEJY7QbkLfa,77b43448f48e81597ac4e738a459ffdc0f8c57537f32be41ba1e0f8a219699d3,2,0.2,1,1538837275683,Sports,0.08000000000000002,0.415
hGrNwYhvwF2mQZ4S6,77b43448f48e81597ac4e738a459ffdc0f8c57537f32be41ba1e0f8a219699d3,3,0.8,1,1538837275684,Sports,1.2800000000000002,0.5
gmYHk9setFWR2krdX,77b43448f48e81597ac4e738a459ffdc0f8c57537f32be41ba1e0f8a219699d3,4,0.5,1,1538837275685,Sports,0.5,0.72
8L5TYR8NXQrdk4YPu,77b43448f48e81597ac4e738a459ffdc0f8c57537f32be41ba1e0f8a219699d3,5,0.2,1,1538837275687,Sports,0.08000000000000002,0.515
HtqYtNGxGJei2hswH,77b43448f48e81597ac4e738a459ffdc0f8c57537f32be41ba1e0f8a219699d3,6,0.5,1,1538837275688,Sports,0.5,0.645
sNfYiXkNL4zHWLyHt,77b43448f48e81597ac4e738a459ffdc0f8c57537f32be41ba1e0f8a219699d3,7,1,1,1538837356554,Politics,2,0.63
JmT68jiWM7kaKenqy,77b43448f48e81597ac4e738a459ffdc0f8c57537f32be41ba1e0f8a219699d3,8,0.75,1,1538837356557,Politics,0.125,0.68
RhrC8GABsvA7QZK5M,77b43448f48e81597ac4e738a459ffdc0f8c57537f32be41ba1e0f8a219699d3,9,0.21,1,1538837356559,Politics,0.08819999999999999,0.5
KLwgNPkgk2ecaZZxM,77b43448f48e81597ac4e738a459ffdc0f8c57537f32be41ba1e0f8a219699d3,10,0.13,1,1538837356560,Politics,0.033800000000000004,0.55
d9EJkrtFPny3cWdNE,77b43448f48e81597ac4e738a459ffdc0f8c57537f32be41ba1e0f8a219699d3,11,0.11,1,1538837356561,Politics,0.0242,0.485
6yLKtqNH7oM32XkjB,77b43448f48e81597ac4e738a459ffdc0f8c57537f32be41ba1e0f8a219699d3,12,0.09,1,1538837356563,Politics,0.0162,0.42
aQct8ERLExR7SjjMx,77b43448f48e81597ac4e738a459ffdc0f8c57537f32be41ba1e0f8a219699d3,13,1,1,1538837424681,Entertainment,2,0.555
Q5SyE9mGDhvKYWvLT,77b43448f48e81597ac4e738a459ffdc0f8c57537f32be41ba1e0f8a219699d3,14,1,1,1538837424683,Entertainment,0,0.595
FB5rk7MhJTg7NPBER,77b43448f48e81597ac4e738a459ffdc0f8c57537f32be41ba1e0f8a219699d3,15,0.28,1,1538837424685,Entertainment,0.15680000000000002,0.475
vkpWWiECmfcLK2F2H,77b43448f48e81597ac4e738a459ffdc0f8c57537f32be41ba1e0f8a219699d3,16,0.29,1,1538837424686,Entertainment,1.0082,0.525
wDoHzZqE6PJpfpGDo,77b43448f48e81597ac4e738a459ffdc0f8c57537f32be41ba1e0f8a219699d3,17,0.52,1,1538837424687,Entertainment,0.5408000000000001,0.62
f3YMyPpbBNabkLQac,77b43448f48e81597ac4e738a459ffdc0f8c57537f32be41ba1e0f8a219699d3,18,0.14,1,1538837424688,Entertainment,0.039200000000000006,0.405
njYm3wRLow49SbSTc,d2ca42bbe42cb17ba44269d08fcb763fc80570c63ed18e8778d4817bfc9cc6a0,1,0.6,1,1538837936796,Sports,0.32000000000000006,0.51
6ATDDhM6ktHFFZvae,d2ca42bbe42cb17ba44269d08fcb763fc80570c63ed18e8778d4817bfc9cc6a0,2,0.6,1,1538837936797,Sports,0.72,0.55
BpwHxe9cjhgNEu7NQ,d2ca42bbe42cb17ba44269d08fcb763fc80570c63ed18e8778d4817bfc9cc6a0,3,0.5,1,1538837936797,Sports,0.5,0.465
pDeKPq3PX3ihQE3fK,d2ca42bbe42cb17ba44269d08fcb763fc80570c63ed18e8778d4817bfc9cc6a0,4,0.6,1,1538837936798,Sports,0.32000000000000006,0.59
7uYFoXErPnkY9hLuu,d2ca42bbe42cb17ba44269d08fcb763fc80570c63ed18e8778d4817bfc9cc6a0,5,0.4,1,1538837936798,Sports,0.32000000000000006,0.475
23ddJmNu7HcWrjm7K,d2ca42bbe42cb17ba44269d08fcb763fc80570c63ed18e8778d4817bfc9cc6a0,6,0.5,1,1538837936799,Sports,0.5,0.525
PGBv6M23oRR8t6hGb,d2ca42bbe42cb17ba44269d08fcb763fc80570c63ed18e8778d4817bfc9cc6a0,7,0.6,1,1538837939252,Politics,0.72,0.595
asw5gKJrFZXyDs39M,d2ca42bbe42cb17ba44269d08fcb763fc80570c63ed18e8778d4817bfc9cc6a0,8,0.6,1,1538837939253,Politics,0.32000000000000006,0.53
a7oagFhfjRq3h5YMS,d2ca42bbe42cb17ba44269d08fcb763fc80570c63ed18e8778d4817bfc9cc6a0,9,0.6,1,1538837939254,Politics,0.72,0.435
yabx7R8XTkWB3DZoz,d2ca42bbe42cb17ba44269d08fcb763fc80570c63ed18e8778d4817bfc9cc6a0,10,0.4,1,1538837939254,Politics,0.32000000000000006,0.365
KqQPM66AgPB2eZkaR,d2ca42bbe42cb17ba44269d08fcb763fc80570c63ed18e8778d4817bfc9cc6a0,11,0.6,1,1538837939255,Politics,0.72,0.36
ZBkNbrSTRj8XPKWvK,d2ca42bbe42cb17ba44269d08fcb763fc80570c63ed18e8778d4817bfc9cc6a0,12,0.4,1,1538837939256,Politics,0.32000000000000006,0.37
N3tj5mne8GqTgJrm5,d2ca42bbe42cb17ba44269d08fcb763fc80570c63ed18e8778d4817bfc9cc6a0,13,0.6,1,1538837941328,Entertainment,0.72,0.51
rL7d3t9HhHv3Lrg4q,d2ca42bbe42cb17ba44269d08fcb763fc80570c63ed18e8778d4817bfc9cc6a0,14,0.4,1,1538837941329,Entertainment,0.72,0.56
6uo2RGBftPa3zcMH8,d2ca42bbe42cb17ba44269d08fcb763fc80570c63ed18e8778d4817bfc9cc6a0,15,0.4,1,1538837941329,Entertainment,0.32000000000000006,0.52
47FB9c7S5q5w5yx5d,d2ca42bbe42cb17ba44269d08fcb763fc80570c63ed18e8778d4817bfc9cc6a0,16,0.4,1,1538837941330,Entertainment,0.72,0.59
K9zBBkSisAn22dX7A,d2ca42bbe42cb17ba44269d08fcb763fc80570c63ed18e8778d4817bfc9cc6a0,17,0.6,1,1538837941331,Entertainment,0.72,0.485
vPJS4eRRMJcDRJsQF,d2ca42bbe42cb17ba44269d08fcb763fc80570c63ed18e8778d4817bfc9cc6a0,18,0.4,1,1538837941331,Entertainment,0.32000000000000006,0.56
joFWm3S7xFtgKcNBy,c84f263efad445ea830f7ad88e62c8c708427cd2a36be2d8b2f08c0b1a78c88f,1,0.51,1,1538838865219,Sports,0.48019999999999996,0.6
Ey9SCHQt6br66mcy9,c84f263efad445ea830f7ad88e62c8c708427cd2a36be2d8b2f08c0b1a78c88f,2,0.5,1,1538838865222,Sports,0.5,0.59
64zM8pzbNSFZ8XMdk,c84f263efad445ea830f7ad88e62c8c708427cd2a36be2d8b2f08c0b1a78c88f,3,0.36,1,1538838865222,Sports,0.2592,0.49
4qtrKyygZaXKM8Rqu,c84f263efad445ea830f7ad88e62c8c708427cd2a36be2d8b2f08c0b1a78c88f,4,0.66,1,1538838865223,Sports,0.23119999999999996,0.535
BMkWTZoNKzAjPyueg,c84f263efad445ea830f7ad88e62c8c708427cd2a36be2d8b2f08c0b1a78c88f,5,0.62,1,1538838865224,Sports,0.7688,0.455
CR8QBnjKtg5qyYHLc,c84f263efad445ea830f7ad88e62c8c708427cd2a36be2d8b2f08c0b1a78c88f,6,0.46,1,1538838865225,Sports,0.4232,0.565
huppiC8NYabd72Epj,c84f263efad445ea830f7ad88e62c8c708427cd2a36be2d8b2f08c0b1a78c88f,7,0.7,1,1538839028819,Politics,0.9799999999999999,0.535
aSbAM2ih2qW5q47jt,c84f263efad445ea830f7ad88e62c8c708427cd2a36be2d8b2f08c0b1a78c88f,8,0.65,1,1538839028820,Politics,0.24499999999999997,0.465
x8XxJixKdszSnrnyX,c84f263efad445ea830f7ad88e62c8c708427cd2a36be2d8b2f08c0b1a78c88f,9,0.47,1,1538839028820,Politics,0.44179999999999997,0.48
budzu2wWjayd5KMuE,c84f263efad445ea830f7ad88e62c8c708427cd2a36be2d8b2f08c0b1a78c88f,10,0.25,1,1538839028821,Politics,0.125,0.415
FP4JYXMAHbZveH62G,c84f263efad445ea830f7ad88e62c8c708427cd2a36be2d8b2f08c0b1a78c88f,11,0.47,1,1538839028823,Politics,0.44179999999999997,0.525
K9oRFbzCCWaTYAPJa,c84f263efad445ea830f7ad88e62c8c708427cd2a36be2d8b2f08c0b1a78c88f,12,0.32,1,1538839028823,Politics,0.2048,0.45
cu2LkFbD7M29bKFwQ,c84f263efad445ea830f7ad88e62c8c708427cd2a36be2d8b2f08c0b1a78c88f,13,0.44,1,1538839252440,Entertainment,0.3872,0.585
kusNurgT6fJrxtjxu,c84f263efad445ea830f7ad88e62c8c708427cd2a36be2d8b2f08c0b1a78c88f,14,0.42,1,1538839252440,Entertainment,0.6728000000000002,0.56
FZXguCTNGFAp76RDL,c84f263efad445ea830f7ad88e62c8c708427cd2a36be2d8b2f08c0b1a78c88f,15,0.36,1,1538839252440,Entertainment,0.2592,0.58
ihxddsrmTyJun9BwQ,c84f263efad445ea830f7ad88e62c8c708427cd2a36be2d8b2f08c0b1a78c88f,16,0.51,1,1538839252441,Entertainment,0.48019999999999996,0.545
7BgFzAngg8bu2zdos,c84f263efad445ea830f7ad88e62c8c708427cd2a36be2d8b2f08c0b1a78c88f,17,0.4,1,1538839252441,Entertainment,0.32000000000000006,0.525
p2BQ4LKQmgvfzYN6A,c84f263efad445ea830f7ad88e62c8c708427cd2a36be2d8b2f08c0b1a78c88f,18,0.5,1,1538839252442,Entertainment,0.5,0.52
4BucK5hZWZstCqvxx,8f48dcbfc22a4fb3fc210cc87dbcd539b537903c88a8fd2d4d9c08110fd44fb5,1,0.15,1,1538839336662,Sports,1.4449999999999998,0.375
PiMsNt6Ny8XKWuCJm,8f48dcbfc22a4fb3fc210cc87dbcd539b537903c88a8fd2d4d9c08110fd44fb5,2,0.25,1,1538839336663,Sports,0.125,0.405
d962rtHafsTQpzdfq,8f48dcbfc22a4fb3fc210cc87dbcd539b537903c88a8fd2d4d9c08110fd44fb5,3,0.7,1,1538839336663,Sports,0.9799999999999999,0.495
RQA3cTiooXj7nvbFW,8f48dcbfc22a4fb3fc210cc87dbcd539b537903c88a8fd2d4d9c08110fd44fb5,4,0.78,1,1538839336663,Sports,0.09679999999999998,0.625
DWeGGuXqE6pkMznaD,8f48dcbfc22a4fb3fc210cc87dbcd539b537903c88a8fd2d4d9c08110fd44fb5,5,0.77,1,1538839336664,Sports,1.1858,0.575
RmQAemEjM6RHKpkbp,8f48dcbfc22a4fb3fc210cc87dbcd539b537903c88a8fd2d4d9c08110fd44fb5,6,0.2,1,1538839336664,Sports,0.08000000000000002,0.48
QzpubaXWEGQww8qa3,8f48dcbfc22a4fb3fc210cc87dbcd539b537903c88a8fd2d4d9c08110fd44fb5,7,0.35,1,1538839436250,Politics,0.24499999999999997,0.63
MnxWi97DWaHNy5iDr,8f48dcbfc22a4fb3fc210cc87dbcd539b537903c88a8fd2d4d9c08110fd44fb5,8,0.3,1,1538839436251,Politics,0.9799999999999999,0.655
EJYvRmcqSrGDAustz,8f48dcbfc22a4fb3fc210cc87dbcd539b537903c88a8fd2d4d9c08110fd44fb5,9,0.31,1,1538839436251,Politics,0.1922,0.665
g6NvSuph2LCTgt7me,8f48dcbfc22a4fb3fc210cc87dbcd539b537903c88a8fd2d4d9c08110fd44fb5,10,0.1,1,1538839436252,Politics,0.020000000000000004,0.525
k7W4oJTRtCNPyWrNL,8f48dcbfc22a4fb3fc210cc87dbcd539b537903c88a8fd2d4d9c08110fd44fb5,11,0.1,1,1538839436252,Politics,0.020000000000000004,0.51
66fFLGNAnEGPfFzyE,8f48dcbfc22a4fb3fc210cc87dbcd539b537903c88a8fd2d4d9c08110fd44fb5,12,0.1,1,1538839436253,Politics,0.020000000000000004,0.495
RNKCMiK9SegX3TP9e,6f70627234923e138eacde451e88fdf025b4d44d63f3a6eb0345eb93d978d664,1,1,1,1538839583149,Sports,0,0.57
SdAtAEF5otQ4BS489,6f70627234923e138eacde451e88fdf025b4d44d63f3a6eb0345eb93d978d664,2,1,1,1538839583153,Sports,2,0.59
Bj6xbikmDyCxAPzoY,6f70627234923e138eacde451e88fdf025b4d44d63f3a6eb0345eb93d978d664,3,0.23,1,1538839583157,Sports,0.1058,0.48
WQWkLRqMqLWmLoob3,6f70627234923e138eacde451e88fdf025b4d44d63f3a6eb0345eb93d978d664,4,0.95,1,1538839583159,Sports,0.005000000000000009,0.6
4noJNoP5zLnMTevY3,6f70627234923e138eacde451e88fdf025b4d44d63f3a6eb0345eb93d978d664,5,0.38,1,1538839583161,Sports,0.2888,0.665
KXMG23aZZmM9s4d8M,6f70627234923e138eacde451e88fdf025b4d44d63f3a6eb0345eb93d978d664,6,0.82,1,1538839583162,Sports,1.3447999999999998,0.595
ku9pFGTHKhTonTaoC,dab201b03ef0a2cf3d71ca2882236da3d4e2560790732ee7c52c12b1ec456b13,1,0.26,1,1538839614664,Sports,1.0952,0.475
sB3m8ARazvCDwHEuN,dab201b03ef0a2cf3d71ca2882236da3d4e2560790732ee7c52c12b1ec456b13,2,0.56,1,1538839614670,Sports,0.6272000000000001,0.625
6ruq8ivcQhfHKXx8p,dab201b03ef0a2cf3d71ca2882236da3d4e2560790732ee7c52c12b1ec456b13,3,0.09,1,1538839614672,Sports,0.0162,0.27
HP4MXa67heXmqTFc4,dab201b03ef0a2cf3d71ca2882236da3d4e2560790732ee7c52c12b1ec456b13,4,0.69,1,1538839614677,Sports,0.19220000000000007,0.63
idkGqG8ejK64ngfsc,dab201b03ef0a2cf3d71ca2882236da3d4e2560790732ee7c52c12b1ec456b13,5,0.36,1,1538839614680,Sports,0.2592,0.605
z5rf6Cgfp6Pppx5tR,dab201b03ef0a2cf3d71ca2882236da3d4e2560790732ee7c52c12b1ec456b13,6,0.6,1,1538839614686,Sports,0.72,0.59
pEYBWymzDehBK6H6j,6f70627234923e138eacde451e88fdf025b4d44d63f3a6eb0345eb93d978d664,7,0.18,1,1538839622847,Politics,0.0648,0.365
FogF5gYwqFpzK8Yxy,6f70627234923e138eacde451e88fdf025b4d44d63f3a6eb0345eb93d978d664,8,0.81,1,1538839622852,Politics,0.07219999999999996,0.645
6fM8KaBMdv46Jhefm,6f70627234923e138eacde451e88fdf025b4d44d63f3a6eb0345eb93d978d664,9,0.88,1,1538839622856,Politics,1.5488,0.54
dtGiEQLvLYC3RdyNo,6f70627234923e138eacde451e88fdf025b4d44d63f3a6eb0345eb93d978d664,10,0.17,1,1538839622859,Politics,0.05780000000000001,0.525
sdCFzGznfpezn3kwe,6f70627234923e138eacde451e88fdf025b4d44d63f3a6eb0345eb93d978d664,11,0,1,1538839622862,Politics,0,0.325
epxGM2bAS6pCW2HKp,6f70627234923e138eacde451e88fdf025b4d44d63f3a6eb0345eb93d978d664,12,0,1,1538839622862,Politics,0,0.375
jCj7kiYBrSWTGGMbH,23e86604f627bc6d22a65437aa919b23be5fa3304bc643f72a3881b8deec1023,1,0.25,1,1538839812549,Sports,1.125,0.5
zFt7mXC28M6zs8Ro3,23e86604f627bc6d22a65437aa919b23be5fa3304bc643f72a3881b8deec1023,2,0.6,1,1538839812550,Sports,0.72,0.665
SGmGzMSSwKS3Q3fcd,23e86604f627bc6d22a65437aa919b23be5fa3304bc643f72a3881b8deec1023,3,0.3,1,1538839812551,Sports,0.18,0.645
y4zftK8uQzRXvYowJ,23e86604f627bc6d22a65437aa919b23be5fa3304bc643f72a3881b8deec1023,4,0.3,1,1538839812553,Sports,0.9799999999999999,0.755
DP5xDNBCupsDT8AS3,23e86604f627bc6d22a65437aa919b23be5fa3304bc643f72a3881b8deec1023,5,0.1,1,1538839812553,Sports,0.020000000000000004,0.485
ga47cLRJWGtT3B9xH,23e86604f627bc6d22a65437aa919b23be5fa3304bc643f72a3881b8deec1023,6,0.25,1,1538839812555,Sports,0.125,0.535
uX8Xyj4fyiY6teKto,dab201b03ef0a2cf3d71ca2882236da3d4e2560790732ee7c52c12b1ec456b13,7,0.66,1,1538839662120,Politics,0.8712000000000001,0.555
4T9wG7xG68Zfr6eKX,dab201b03ef0a2cf3d71ca2882236da3d4e2560790732ee7c52c12b1ec456b13,8,0.25,1,1538839662124,Politics,1.125,0.4
GREcuuHFPHpDrQLFd,dab201b03ef0a2cf3d71ca2882236da3d4e2560790732ee7c52c12b1ec456b13,9,0.19,1,1538839662125,Politics,0.0722,0.4
EAA4ooivBHsS5xrfx,dab201b03ef0a2cf3d71ca2882236da3d4e2560790732ee7c52c12b1ec456b13,10,0.64,1,1538839662132,Politics,0.8192,0.29
QG36bQE4CoanLXWee,dab201b03ef0a2cf3d71ca2882236da3d4e2560790732ee7c52c12b1ec456b13,11,0.67,1,1538839662136,Politics,0.8978000000000002,0.415
nJ8xtj3BZMBJQS3ny,dab201b03ef0a2cf3d71ca2882236da3d4e2560790732ee7c52c12b1ec456b13,12,0.32,1,1538839662138,Politics,0.2048,0.535
9vfvkhGcnRcWgWhAw,dab201b03ef0a2cf3d71ca2882236da3d4e2560790732ee7c52c12b1ec456b13,13,0.3,1,1538839698457,Entertainment,0.18,0.58
XkWHYoHZyoBWyP62E,dab201b03ef0a2cf3d71ca2882236da3d4e2560790732ee7c52c12b1ec456b13,14,0.75,1,1538839698460,Entertainment,0.125,0.575
qHk69pT3yTpXDwjsP,dab201b03ef0a2cf3d71ca2882236da3d4e2560790732ee7c52c12b1ec456b13,15,0.69,1,1538839698464,Entertainment,0.9521999999999998,0.595
fpJpEPDrfEodxLpHa,dab201b03ef0a2cf3d71ca2882236da3d4e2560790732ee7c52c12b1ec456b13,16,0.23,1,1538839698466,Entertainment,1.1858,0.395
wPaMpsBLhimAhPGpb,dab201b03ef0a2cf3d71ca2882236da3d4e2560790732ee7c52c12b1ec456b13,17,0.35,1,1538839698468,Entertainment,0.24499999999999997,0.605
KbbT9Fm6arRFLpvZk,dab201b03ef0a2cf3d71ca2882236da3d4e2560790732ee7c52c12b1ec456b13,18,0.63,1,1538839698472,Entertainment,0.7938000000000001,0.47
jTSzSKFNByhZ6jjBa,6f70627234923e138eacde451e88fdf025b4d44d63f3a6eb0345eb93d978d664,13,0.79,1,1538839702740,Entertainment,1.2482000000000002,0.565
zC9LDeedMPnWj7SrB,6f70627234923e138eacde451e88fdf025b4d44d63f3a6eb0345eb93d978d664,14,0.29,1,1538839702744,Entertainment,1.0082,0.41
3CSr3fyWk65StHeKf,6f70627234923e138eacde451e88fdf025b4d44d63f3a6eb0345eb93d978d664,15,1,1,1538839702748,Entertainment,2,0.495
LynNoEKk6kRP26qiJ,6f70627234923e138eacde451e88fdf025b4d44d63f3a6eb0345eb93d978d664,16,0.88,1,1538839702750,Entertainment,0.0288,0.63
BxQ5bjF3eDRJmrwgW,6f70627234923e138eacde451e88fdf025b4d44d63f3a6eb0345eb93d978d664,17,0.42,1,1538839702754,Entertainment,0.35279999999999995,0.59
vbE2K4HtkBKXMhhGv,6f70627234923e138eacde451e88fdf025b4d44d63f3a6eb0345eb93d978d664,18,0.37,1,1538839702755,Entertainment,0.2738,0.69
BAH9fCTPNTLih53LN,d6dccc2e549c432e0586aa84bf902905ce4386078f3f759b3072eac2bfeb8652,1,0.39,1,1538839779311,Sports,0.7442,0.66
rLmvgqJpfgPmKo8mZ,d6dccc2e549c432e0586aa84bf902905ce4386078f3f759b3072eac2bfeb8652,2,0.31,1,1538839779317,Sports,0.1922,0.685
j8zsKyA3jCwpRBH7J,d6dccc2e549c432e0586aa84bf902905ce4386078f3f759b3072eac2bfeb8652,3,0.24,1,1538839779318,Sports,0.1152,0.42
YKquFGFdtgp8Z4u9h,d6dccc2e549c432e0586aa84bf902905ce4386078f3f759b3072eac2bfeb8652,4,0.48,1,1538839779320,Sports,0.5408000000000001,0.645
WbmkM4q93XcBbqboC,d6dccc2e549c432e0586aa84bf902905ce4386078f3f759b3072eac2bfeb8652,5,0.19,1,1538839779321,Sports,0.0722,0.37
TE6KZ84v2bwcbZ8XQ,d6dccc2e549c432e0586aa84bf902905ce4386078f3f759b3072eac2bfeb8652,6,0.38,1,1538839779323,Sports,0.2888,0.68
y35yGAmBBxkrzF3qT,23e86604f627bc6d22a65437aa919b23be5fa3304bc643f72a3881b8deec1023,7,0.6,1,1538839957480,Politics,0.72,0.675
GvWXtotEAhXinWwLY,23e86604f627bc6d22a65437aa919b23be5fa3304bc643f72a3881b8deec1023,8,0.85,1,1538839957481,Politics,0.04500000000000001,0.64
x5Wa7eGztoEnFdmG4,23e86604f627bc6d22a65437aa919b23be5fa3304bc643f72a3881b8deec1023,9,0.35,1,1538839957482,Politics,0.24499999999999997,0.69
bTR2ugi6S5Qr7bw3w,23e86604f627bc6d22a65437aa919b23be5fa3304bc643f72a3881b8deec1023,10,0.03,1,1538839957483,Politics,0.0018,0.41
yJNjxbj5nNe9S6BRe,23e86604f627bc6d22a65437aa919b23be5fa3304bc643f72a3881b8deec1023,11,0.03,1,1538839957487,Politics,0.0018,0.455
vfw8a3eAtDYxFNZQN,23e86604f627bc6d22a65437aa919b23be5fa3304bc643f72a3881b8deec1023,12,0.03,1,1538839957488,Politics,0.0018,0.475
h6oLeJSd4cfhv4pke,8f48dcbfc22a4fb3fc210cc87dbcd539b537903c88a8fd2d4d9c08110fd44fb5,13,1,1,1538839815543,Entertainment,2,0.555
htcW8cJFNeyHZDq7q,8f48dcbfc22a4fb3fc210cc87dbcd539b537903c88a8fd2d4d9c08110fd44fb5,14,0.19,1,1538839815544,Entertainment,1.3122000000000003,0.295
8W4me2qZJA85fFC6R,8f48dcbfc22a4fb3fc210cc87dbcd539b537903c88a8fd2d4d9c08110fd44fb5,15,0.4,1,1538839815545,Entertainment,0.32000000000000006,0.59
93t8dd5KH7XQPRGdv,8f48dcbfc22a4fb3fc210cc87dbcd539b537903c88a8fd2d4d9c08110fd44fb5,16,0.4,1,1538839815546,Entertainment,0.72,0.62
4u7b6zrucaPga9gBj,8f48dcbfc22a4fb3fc210cc87dbcd539b537903c88a8fd2d4d9c08110fd44fb5,17,0.41,1,1538839815546,Entertainment,0.33619999999999994,0.56
w2ttZNJ2iFsBuce9Z,8f48dcbfc22a4fb3fc210cc87dbcd539b537903c88a8fd2d4d9c08110fd44fb5,18,0.09,1,1538839815546,Entertainment,0.0162,0.265
TRqZ3g5rWe5QQaFaP,d6dccc2e549c432e0586aa84bf902905ce4386078f3f759b3072eac2bfeb8652,7,0.2,1,1538839844640,Politics,0.08000000000000002,0.38
htNuv87Xe8oDDD3gh,d6dccc2e549c432e0586aa84bf902905ce4386078f3f759b3072eac2bfeb8652,8,0.77,1,1538839844643,Politics,0.10579999999999998,0.61
vJfajNXESk3ukZc9W,d6dccc2e549c432e0586aa84bf902905ce4386078f3f759b3072eac2bfeb8652,9,0.35,1,1538839844646,Politics,0.24499999999999997,0.65
gDLzt2k5rtRdJQNos,d6dccc2e549c432e0586aa84bf902905ce4386078f3f759b3072eac2bfeb8652,10,0.11,1,1538839844648,Politics,0.0242,0.465
Pb7tuPHFpSfyboiHs,d6dccc2e549c432e0586aa84bf902905ce4386078f3f759b3072eac2bfeb8652,11,0.24,1,1538839844649,Politics,0.1152,0.44
KHGz38nQs9zQNPmPc,d6dccc2e549c432e0586aa84bf902905ce4386078f3f759b3072eac2bfeb8652,12,0.31,1,1538839844650,Politics,0.1922,0.51
QApt5wXvBnFjun5CH,d6dccc2e549c432e0586aa84bf902905ce4386078f3f759b3072eac2bfeb8652,13,0.09,1,1538839909941,Entertainment,0.0162,0.265
d3Q9MJ2nKnRxY9v8X,d6dccc2e549c432e0586aa84bf902905ce4386078f3f759b3072eac2bfeb8652,14,0.34,1,1538839909943,Entertainment,0.8711999999999998,0.69
ubNp2jjAHTZHfxgDq,d6dccc2e549c432e0586aa84bf902905ce4386078f3f759b3072eac2bfeb8652,15,0.89,1,1538839909947,Entertainment,1.5842,0.535
ap9Js3sR7njJ7EfZ6,d6dccc2e549c432e0586aa84bf902905ce4386078f3f759b3072eac2bfeb8652,16,0.2,1,1538839909948,Entertainment,1.2800000000000002,0.47
iJqQBkbE98NEYAkJm,d6dccc2e549c432e0586aa84bf902905ce4386078f3f759b3072eac2bfeb8652,17,0.62,1,1538839909949,Entertainment,0.7688,0.515
KdFipRyLcQHQmDtt8,d6dccc2e549c432e0586aa84bf902905ce4386078f3f759b3072eac2bfeb8652,18,0.23,1,1538839909950,Entertainment,0.1058,0.47
JFsGP5HpPQBWPRDq5,6f9d24b801a018056f8996270e788cdea98743c27ba153a901c491fd481d7d21,1,0.3,1,1538840063643,Sports,0.9799999999999999,0.625
JjP6rBKFpcD5QGg92,6f9d24b801a018056f8996270e788cdea98743c27ba153a901c491fd481d7d21,2,0.96,1,1538840063646,Sports,1.8432,0.585
R2X4SkcdxEB7e4BRZ,6f9d24b801a018056f8996270e788cdea98743c27ba153a901c491fd481d7d21,3,0.04,1,1538840063649,Sports,0.0032,0.315
yqrgGnzHKKcaQqYvW,6f9d24b801a018056f8996270e788cdea98743c27ba153a901c491fd481d7d21,4,0.36,1,1538840063650,Sports,0.8192,0.69
dBKiP4NvrwBsfXNAr,6f9d24b801a018056f8996270e788cdea98743c27ba153a901c491fd481d7d21,5,0.71,1,1538840063652,Sports,1.0082,0.475
GrHBCu3Rqi32g7QFJ,6f9d24b801a018056f8996270e788cdea98743c27ba153a901c491fd481d7d21,6,0.5,1,1538840063654,Sports,0.5,0.595
vdgRzq3835mfd4PmZ,6f9d24b801a018056f8996270e788cdea98743c27ba153a901c491fd481d7d21,7,0.47,1,1538840210653,Politics,0.44179999999999997,0.625
aiJSSDq4u2MzA26og,6f9d24b801a018056f8996270e788cdea98743c27ba153a901c491fd481d7d21,8,0.78,1,1538840210656,Politics,0.09679999999999998,0.55
jmBzLh5tCcY7Sowo6,6f9d24b801a018056f8996270e788cdea98743c27ba153a901c491fd481d7d21,9,0.63,1,1538840210661,Politics,0.7938000000000001,0.445
KmmZvhK5YZbG9Dntu,6f9d24b801a018056f8996270e788cdea98743c27ba153a901c491fd481d7d21,10,0.26,1,1538840210663,Politics,0.13520000000000001,0.38
zymn9BqKuvHtmkGDm,6f9d24b801a018056f8996270e788cdea98743c27ba153a901c491fd481d7d21,11,0.38,1,1538840210665,Politics,0.2888,0.575
wMSXs3kv9kxXdtuT4,6f9d24b801a018056f8996270e788cdea98743c27ba153a901c491fd481d7d21,12,0.63,1,1538840210667,Politics,0.7938000000000001,0.35
oyQw7pGMtNxyMYuGi,6f9d24b801a018056f8996270e788cdea98743c27ba153a901c491fd481d7d21,13,0.9,1,1538840278624,Entertainment,1.62,0.515
meLaqjp5mdsKkm8J9,6f9d24b801a018056f8996270e788cdea98743c27ba153a901c491fd481d7d21,14,0.67,1,1538840278627,Entertainment,0.21779999999999994,0.625
4WZ3r9BA4zPyWeSBc,6f9d24b801a018056f8996270e788cdea98743c27ba153a901c491fd481d7d21,15,0.28,1,1538840278631,Entertainment,0.15680000000000002,0.4
vjkRwRLByCx32nHC3,6f9d24b801a018056f8996270e788cdea98743c27ba153a901c491fd481d7d21,16,0.48,1,1538840278633,Entertainment,0.5408000000000001,0.56
MWQN86zd6uR9Awmak,6f9d24b801a018056f8996270e788cdea98743c27ba153a901c491fd481d7d21,17,0.77,1,1538840278636,Entertainment,1.1858,0.52
y9vq5M25JTgzKbn3f,6f9d24b801a018056f8996270e788cdea98743c27ba153a901c491fd481d7d21,18,0.39,1,1538840278641,Entertainment,0.3042,0.58
TE2LMc4GyXuXfneM6,23e86604f627bc6d22a65437aa919b23be5fa3304bc643f72a3881b8deec1023,13,0.02,1,1538840501154,Entertainment,8e-4,0.385
hpp5HpduJnf6txPtS,23e86604f627bc6d22a65437aa919b23be5fa3304bc643f72a3881b8deec1023,14,0.97,1,1538840501157,Entertainment,0.0018000000000000032,0.62
g5BRzWEdjHcySkh7g,23e86604f627bc6d22a65437aa919b23be5fa3304bc643f72a3881b8deec1023,15,0.1,1,1538840501159,Entertainment,0.020000000000000004,0.39
E83qfrrd7nzSjgGN5,23e86604f627bc6d22a65437aa919b23be5fa3304bc643f72a3881b8deec1023,16,0.95,1,1538840501161,Entertainment,0.005000000000000009,0.635
Fa9ftu8E8aHesvDCF,23e86604f627bc6d22a65437aa919b23be5fa3304bc643f72a3881b8deec1023,17,0.05,1,1538840501163,Entertainment,0.005000000000000001,0.305
HGQAcBgXZbsc5cCoM,23e86604f627bc6d22a65437aa919b23be5fa3304bc643f72a3881b8deec1023,18,0,1,1538840501163,Entertainment,0,0.375
vGPMK9kL5CNhL8GgB,ef4778444caa71e7b90b8941fbf40f0909424708666558fa4767df08e539c09e,1,0.72,1,1538840400035,Sports,0.15680000000000002,0.575
MSQxkdmz3cARKwLaZ,ef4778444caa71e7b90b8941fbf40f0909424708666558fa4767df08e539c09e,2,0.4,1,1538840400039,Sports,0.32000000000000006,0.65
MKqJEMeGxHgjgpZx6,ef4778444caa71e7b90b8941fbf40f0909424708666558fa4767df08e539c09e,3,0.12,1,1538840400040,Sports,0.0288,0.455
7EyCKmEWauoCu2AD7,ef4778444caa71e7b90b8941fbf40f0909424708666558fa4767df08e539c09e,4,0.76,1,1538840400041,Sports,0.1152,0.62
yFYBipPTrjccdrJL5,ef4778444caa71e7b90b8941fbf40f0909424708666558fa4767df08e539c09e,5,0.78,1,1538840400043,Sports,1.2168,0.525
ugxktiSK9PGeEk7gd,ef4778444caa71e7b90b8941fbf40f0909424708666558fa4767df08e539c09e,6,0.66,1,1538840400045,Sports,0.8712000000000001,0.515
KFcoZkTNmDe8zuYCY,ef4778444caa71e7b90b8941fbf40f0909424708666558fa4767df08e539c09e,7,0.71,1,1538840424822,Politics,1.0082,0.645
RXT2k2PymZz5Gt7At,ef4778444caa71e7b90b8941fbf40f0909424708666558fa4767df08e539c09e,8,0.4,1,1538840424832,Politics,0.72,0.585
thoPrpwzynGGhWy22,ef4778444caa71e7b90b8941fbf40f0909424708666558fa4767df08e539c09e,9,0.38,1,1538840424837,Politics,0.2888,0.605
Nxa6c8EktGocn8FLk,ef4778444caa71e7b90b8941fbf40f0909424708666558fa4767df08e539c09e,10,0.11,1,1538840424839,Politics,0.0242,0.5
GqTo3PKLRvJqmLr2s,ef4778444caa71e7b90b8941fbf40f0909424708666558fa4767df08e539c09e,11,0.24,1,1538840424841,Politics,0.1152,0.455
vEPAN52DfnyKZAukb,ef4778444caa71e7b90b8941fbf40f0909424708666558fa4767df08e539c09e,12,0.33,1,1538840424844,Politics,0.21780000000000002,0.55
L9PtSDjweD9uvSwy5,ef4778444caa71e7b90b8941fbf40f0909424708666558fa4767df08e539c09e,13,0.67,1,1538840457573,Entertainment,0.8978000000000002,0.525
RigD5SAKtSBbaWrCr,ef4778444caa71e7b90b8941fbf40f0909424708666558fa4767df08e539c09e,14,1,1,1538840457577,Entertainment,0,0.61
6EX9kZn2tihPxvgHW,ef4778444caa71e7b90b8941fbf40f0909424708666558fa4767df08e539c09e,15,0.67,1,1538840457581,Entertainment,0.8978000000000002,0.55
sF7ymGn9AMJn3tFLf,ef4778444caa71e7b90b8941fbf40f0909424708666558fa4767df08e539c09e,16,0.24,1,1538840457588,Entertainment,1.1552,0.525
MH8L5KjgG3bY9zzcz,ef4778444caa71e7b90b8941fbf40f0909424708666558fa4767df08e539c09e,17,0.63,1,1538840457590,Entertainment,0.7938000000000001,0.455
uRk8JDXjcXHRj24EZ,ef4778444caa71e7b90b8941fbf40f0909424708666558fa4767df08e539c09e,18,0.31,1,1538840457592,Entertainment,0.1922,0.62
nMFuDRTRw8NZ8v6fN,d46f467f95e232caced3c9e81aa866bb39e7dc4425caf35f72420822c3192848,1,0.4,1,1538840484859,Sports,0.72,0.605
c2DbxQ2tBYRp7yPh5,d46f467f95e232caced3c9e81aa866bb39e7dc4425caf35f72420822c3192848,2,0.2,1,1538840484860,Sports,0.08000000000000002,0.335
7eD8tzvygeKZMjjNc,d46f467f95e232caced3c9e81aa866bb39e7dc4425caf35f72420822c3192848,3,0.1,1,1538840484860,Sports,0.020000000000000004,0.43
kFj8WYkEktudNdchv,d46f467f95e232caced3c9e81aa866bb39e7dc4425caf35f72420822c3192848,4,0.65,1,1538840484861,Sports,0.24499999999999997,0.6
Qfe2bs6jKCDSrCJog,d46f467f95e232caced3c9e81aa866bb39e7dc4425caf35f72420822c3192848,5,0.5,1,1538840484861,Sports,0.5,0.575
MK5DXZiKssWtj4bDS,d46f467f95e232caced3c9e81aa866bb39e7dc4425caf35f72420822c3192848,6,0.7,1,1538840484861,Sports,0.9799999999999999,0.54
4ZChPQwfknWeki5yf,d46f467f95e232caced3c9e81aa866bb39e7dc4425caf35f72420822c3192848,7,0.7,1,1538840544206,Politics,0.9799999999999999,0.595
2Hbwn4b4qjijGEtMx,d46f467f95e232caced3c9e81aa866bb39e7dc4425caf35f72420822c3192848,8,0.3,1,1538840544206,Politics,0.9799999999999999,0.61
yiTE4xB4pm6ThAQXZ,d46f467f95e232caced3c9e81aa866bb39e7dc4425caf35f72420822c3192848,9,0.75,1,1538840544207,Politics,1.125,0.43
TrBYthAYSbkRMKi3d,d46f467f95e232caced3c9e81aa866bb39e7dc4425caf35f72420822c3192848,10,0.65,1,1538840544207,Politics,0.8450000000000001,0.365
9fciuhnijKruXWQNu,d46f467f95e232caced3c9e81aa866bb39e7dc4425caf35f72420822c3192848,11,0.65,1,1538840544208,Politics,0.8450000000000001,0.415
WM5GBvcBKd4azx99R,d46f467f95e232caced3c9e81aa866bb39e7dc4425caf35f72420822c3192848,12,0.2,1,1538840544208,Politics,0.08000000000000002,0.4
ntoKykWiHHmdNcEHk,d46f467f95e232caced3c9e81aa866bb39e7dc4425caf35f72420822c3192848,13,0.3,1,1538840591179,Entertainment,0.18,0.575
QFFAMw5XGj2ZHiS9d,d46f467f95e232caced3c9e81aa866bb39e7dc4425caf35f72420822c3192848,14,0.2,1,1538840591180,Entertainment,1.2800000000000002,0.365
kfyiqub5ziLLturGQ,d46f467f95e232caced3c9e81aa866bb39e7dc4425caf35f72420822c3192848,15,0.5,1,1538840591180,Entertainment,0.5,0.57
fonkf6ZSKpdrztPfj,d46f467f95e232caced3c9e81aa866bb39e7dc4425caf35f72420822c3192848,16,0.5,1,1538840591181,Entertainment,0.5,0.58
v3ocFYWQsh2k7iZ56,d46f467f95e232caced3c9e81aa866bb39e7dc4425caf35f72420822c3192848,17,0.6,1,1538840591181,Entertainment,0.72,0.535
R2nCAwdCQCxrt3i2h,d46f467f95e232caced3c9e81aa866bb39e7dc4425caf35f72420822c3192848,18,0.7,1,1538840591181,Entertainment,0.9799999999999999,0.475
CmLpEQT9FdCeQWzZk,5a161c853cb93e41380064f17e5d8f04ee27a246dffba3bb190c08f5201ab2a9,1,1,1,1538841459882,Sports,0,0.65
gccTcunQi7jNC7aaQ,5a161c853cb93e41380064f17e5d8f04ee27a246dffba3bb190c08f5201ab2a9,2,0,1,1538841459882,Sports,0,0.205
arZshKeDbxfY28mco,5a161c853cb93e41380064f17e5d8f04ee27a246dffba3bb190c08f5201ab2a9,3,0.76,1,1538841459882,Sports,1.1552,0.42
5tJnWpZy3MfarHCkT,5a161c853cb93e41380064f17e5d8f04ee27a246dffba3bb190c08f5201ab2a9,4,0.56,1,1538841459882,Sports,0.38719999999999993,0.7
rLqYsvCERdfDFe7gi,5a161c853cb93e41380064f17e5d8f04ee27a246dffba3bb190c08f5201ab2a9,5,0,1,1538841459882,Sports,0,0.32
4KWk5NEXGABKDGaBs,5a161c853cb93e41380064f17e5d8f04ee27a246dffba3bb190c08f5201ab2a9,6,1,1,1538841459882,Sports,2,0.575
mhrTJ6rMatdfgv4Jq,5a161c853cb93e41380064f17e5d8f04ee27a246dffba3bb190c08f5201ab2a9,7,0.8,1,1538841542665,Politics,1.2800000000000002,0.585
wXt8TSMPE5hsmoZMK,5a161c853cb93e41380064f17e5d8f04ee27a246dffba3bb190c08f5201ab2a9,8,0,1,1538841542665,Politics,2,0.235
JKgYo8P9W3Kc7Ejmr,5a161c853cb93e41380064f17e5d8f04ee27a246dffba3bb190c08f5201ab2a9,9,1,1,1538841542665,Politics,2,0.5
NBFGJg8sXCsGWZDSG,5a161c853cb93e41380064f17e5d8f04ee27a246dffba3bb190c08f5201ab2a9,10,0,1,1538841542665,Politics,0,0.425
xJihc85LJKLpD9kQE,5a161c853cb93e41380064f17e5d8f04ee27a246dffba3bb190c08f5201ab2a9,11,1,1,1538841542665,Politics,2,0.365
uNhzmSQvX6vSNsuGP,5a161c853cb93e41380064f17e5d8f04ee27a246dffba3bb190c08f5201ab2a9,12,1,1,1538841542665,Politics,2,0.36
kNhK7FnoBMtSiKWY3,5a161c853cb93e41380064f17e5d8f04ee27a246dffba3bb190c08f5201ab2a9,13,1,1,1538841609399,Entertainment,2,0.57
ct5qpxcdHg2i7K2Bi,5a161c853cb93e41380064f17e5d8f04ee27a246dffba3bb190c08f5201ab2a9,14,1,1,1538841609399,Entertainment,0,0.555
wwDrDExj5jKkyX7Nu,5a161c853cb93e41380064f17e5d8f04ee27a246dffba3bb190c08f5201ab2a9,15,0.4,1,1538841609399,Entertainment,0.32000000000000006,0.685
vESJtwDteGRCToaCA,5a161c853cb93e41380064f17e5d8f04ee27a246dffba3bb190c08f5201ab2a9,16,0.2,1,1538841609399,Entertainment,1.2800000000000002,0.465
Wh5vrcwynvEEXo8nC,5a161c853cb93e41380064f17e5d8f04ee27a246dffba3bb190c08f5201ab2a9,17,0.81,1,1538841609399,Entertainment,1.3122000000000003,0.525
GRFS9yMJ8KoBzqMHW,5a161c853cb93e41380064f17e5d8f04ee27a246dffba3bb190c08f5201ab2a9,18,0.82,1,1538841609399,Entertainment,1.3447999999999998,0.47
tAuKrHJEqdy7SZHjJ,46344c2e2584c80b2d4e19cae78de5be0a1475fd36bee121b2c1b7c3eea7f889,1,0.82,1,1538841807650,Sports,0.06480000000000004,0.605
924TCpMgS57b2WZun,46344c2e2584c80b2d4e19cae78de5be0a1475fd36bee121b2c1b7c3eea7f889,2,1,1,1538841807650,Sports,2,0.67
NjEfW7a4SezbBFKAw,46344c2e2584c80b2d4e19cae78de5be0a1475fd36bee121b2c1b7c3eea7f889,3,0,1,1538841807651,Sports,0,0.375
QYRaNmYfnLqtAwJkY,46344c2e2584c80b2d4e19cae78de5be0a1475fd36bee121b2c1b7c3eea7f889,4,0.8,1,1538841807651,Sports,0.07999999999999996,0.66
nc8wetyv9H3WFk3fg,46344c2e2584c80b2d4e19cae78de5be0a1475fd36bee121b2c1b7c3eea7f889,5,0.9,1,1538841807652,Sports,1.62,0.59
3rtK4YKkQjn7PNADT,46344c2e2584c80b2d4e19cae78de5be0a1475fd36bee121b2c1b7c3eea7f889,6,0.89,1,1538841807652,Sports,1.5842,0.615
fm86XfqsTtA6aWE2G,46344c2e2584c80b2d4e19cae78de5be0a1475fd36bee121b2c1b7c3eea7f889,7,0.15,1,1538841810218,Politics,0.045,0.275
AhF3eMaivMTRGDsqo,46344c2e2584c80b2d4e19cae78de5be0a1475fd36bee121b2c1b7c3eea7f889,8,0.9,1,1538841810218,Politics,0.01999999999999999,0.56
L9mprjzhxjmaZYYmN,46344c2e2584c80b2d4e19cae78de5be0a1475fd36bee121b2c1b7c3eea7f889,9,0.08,1,1538841810218,Politics,0.0128,0.34
stbuNX8pveTd3w5fR,46344c2e2584c80b2d4e19cae78de5be0a1475fd36bee121b2c1b7c3eea7f889,10,1,1,1538841810219,Politics,2,0.4
cr5co5T3gRiGWGNuR,46344c2e2584c80b2d4e19cae78de5be0a1475fd36bee121b2c1b7c3eea7f889,11,0.2,1,1538841810219,Politics,0.08000000000000002,0.51
RRkrWWK59QHNqKrAj,46344c2e2584c80b2d4e19cae78de5be0a1475fd36bee121b2c1b7c3eea7f889,12,0.17,1,1538841810220,Politics,0.05780000000000001,0.565
ZQkWsaaYNWosWtB8f,46344c2e2584c80b2d4e19cae78de5be0a1475fd36bee121b2c1b7c3eea7f889,13,1,1,1538841813522,Entertainment,2,0.555
pqzozcK6ZgJ48mym3,46344c2e2584c80b2d4e19cae78de5be0a1475fd36bee121b2c1b7c3eea7f889,14,0.98,1,1538841813523,Entertainment,8.000000000000014e-4,0.6
hHXmZzG9f5Fpr3kDn,46344c2e2584c80b2d4e19cae78de5be0a1475fd36bee121b2c1b7c3eea7f889,15,0.85,1,1538841813523,Entertainment,1.4449999999999998,0.565
Z9ibxcb2beFjf5dmZ,46344c2e2584c80b2d4e19cae78de5be0a1475fd36bee121b2c1b7c3eea7f889,16,0.2,1,1538841813523,Entertainment,1.2800000000000002,0.475
2pWMQStT5rt8b6SMC,46344c2e2584c80b2d4e19cae78de5be0a1475fd36bee121b2c1b7c3eea7f889,17,0.81,1,1538841813523,Entertainment,1.3122000000000003,0.535
pAyeJd73mtPkEYCQt,46344c2e2584c80b2d4e19cae78de5be0a1475fd36bee121b2c1b7c3eea7f889,18,0.19,1,1538841813523,Entertainment,0.0722,0.42
By7CyhAc65nF4Lcy6,2d76f954b53cd7e983392c30392b9ed919581d80d1172f858a25e9952c6d65fe,1,0.54,1,1538842347473,Sports,0.4231999999999999,0.655
cuNnMZeKmRCvpZzYz,2d76f954b53cd7e983392c30392b9ed919581d80d1172f858a25e9952c6d65fe,2,0.48,1,1538842347476,Sports,0.4608,0.69
AnAt8W4cAgWPBuk6z,2d76f954b53cd7e983392c30392b9ed919581d80d1172f858a25e9952c6d65fe,3,0.074,1,1538842347477,Sports,0.010951999999999998,0.345
MSKCj7967PZ8M89Sg,2d76f954b53cd7e983392c30392b9ed919581d80d1172f858a25e9952c6d65fe,4,0.599,1,1538842347478,Sports,0.32160200000000005,0.635
pm7dBpeQNbuHzL8kx,2d76f954b53cd7e983392c30392b9ed919581d80d1172f858a25e9952c6d65fe,5,0.701,1,1538842347480,Sports,0.9828019999999998,0.55
tmJkjSAid5k6eGFFQ,2d76f954b53cd7e983392c30392b9ed919581d80d1172f858a25e9952c6d65fe,6,0.5,1,1538842347481,Sports,0.5,0.66
KEeMTLwaKyBZPvZ8Z,fe31a80b9bf38f888eeb16300e261071011ce9c02eb50cf187f2fd76264d0fc3,1,0.33,1,1538842396080,Sports,0.8977999999999998,0.695
KrDdT5XzFzfu48PHF,fe31a80b9bf38f888eeb16300e261071011ce9c02eb50cf187f2fd76264d0fc3,2,0.5,1,1538842396081,Sports,0.5,0.665
363A94oPPvrLxHcvi,fe31a80b9bf38f888eeb16300e261071011ce9c02eb50cf187f2fd76264d0fc3,3,0.15,1,1538842396081,Sports,0.045,0.495
wFfv4qFeLc2hjEanw,fe31a80b9bf38f888eeb16300e261071011ce9c02eb50cf187f2fd76264d0fc3,4,0.5,1,1538842396083,Sports,0.5,0.605
i7Rz2snWjRQi2FjYr,fe31a80b9bf38f888eeb16300e261071011ce9c02eb50cf187f2fd76264d0fc3,5,0.65,1,1538842396084,Sports,0.8450000000000001,0.46
RJYuHeP7LitEA4J5y,fe31a80b9bf38f888eeb16300e261071011ce9c02eb50cf187f2fd76264d0fc3,6,0.01,1,1538842396085,Sports,2e-4,0.215
BXa758QZGBqDF6a98,2d76f954b53cd7e983392c30392b9ed919581d80d1172f858a25e9952c6d65fe,7,0.201,1,1538842564417,Politics,0.08080200000000001,0.38
yBGJuQzMpvxsWAyg8,2d76f954b53cd7e983392c30392b9ed919581d80d1172f858a25e9952c6d65fe,8,0.301,1,1538842564418,Politics,0.9772020000000002,0.675
EXBdZ69Bz3ATMP8SQ,2d76f954b53cd7e983392c30392b9ed919581d80d1172f858a25e9952c6d65fe,9,0.09,1,1538842564418,Politics,0.0162,0.32
R78SuiSisjKYE4YNR,2d76f954b53cd7e983392c30392b9ed919581d80d1172f858a25e9952c6d65fe,10,0.01,1,1538842564419,Politics,2e-4,0.385
PzGGipkjPS4o2p38T,2d76f954b53cd7e983392c30392b9ed919581d80d1172f858a25e9952c6d65fe,11,0.52,1,1538842564420,Politics,0.5408000000000001,0.525
3zkWMXHnbcFNX289H,2d76f954b53cd7e983392c30392b9ed919581d80d1172f858a25e9952c6d65fe,12,0.02,1,1538842564420,Politics,8e-4,0.425
YGGp8tK2FsoMraF9q,fe31a80b9bf38f888eeb16300e261071011ce9c02eb50cf187f2fd76264d0fc3,7,0.48,1,1538842791628,Politics,0.4608,0.63
avAZHKLiZWAyhTzkH,fe31a80b9bf38f888eeb16300e261071011ce9c02eb50cf187f2fd76264d0fc3,8,0.05,1,1538842791629,Politics,1.805,0.26
2i5MChYwsGpMB66BL,fe31a80b9bf38f888eeb16300e261071011ce9c02eb50cf187f2fd76264d0fc3,9,0.05,1,1538842791630,Politics,0.005000000000000001,0.34
WSA5kT24b75naqHPf,fe31a80b9bf38f888eeb16300e261071011ce9c02eb50cf187f2fd76264d0fc3,10,0.33,1,1538842791632,Politics,0.21780000000000002,0.58
sTgCHr7MbgpkgFrGr,fe31a80b9bf38f888eeb16300e261071011ce9c02eb50cf187f2fd76264d0fc3,11,0.5,1,1538842791633,Politics,0.5,0.535
4zwNgPsYfwEC95Xoq,fe31a80b9bf38f888eeb16300e261071011ce9c02eb50cf187f2fd76264d0fc3,12,0.1,1,1538842791634,Politics,0.020000000000000004,0.56
REfwzN74ca7X3t9Yd,2d76f954b53cd7e983392c30392b9ed919581d80d1172f858a25e9952c6d65fe,13,0.11,1,1538842889194,Entertainment,0.0242,0.36
dKHzTGMTZXrgEomG7,2d76f954b53cd7e983392c30392b9ed919581d80d1172f858a25e9952c6d65fe,14,0.901,1,1538842889195,Entertainment,0.01960199999999999,0.6
zdACHeYZwbopro7Nv,2d76f954b53cd7e983392c30392b9ed919581d80d1172f858a25e9952c6d65fe,15,0.15,1,1538842889197,Entertainment,0.045,0.405
n7rKBYbc4bQbr9ydb,2d76f954b53cd7e983392c30392b9ed919581d80d1172f858a25e9952c6d65fe,16,0.801,1,1538842889198,Entertainment,0.07920199999999997,0.575
zuJeZ5e3xP93tyuRf,2d76f954b53cd7e983392c30392b9ed919581d80d1172f858a25e9952c6d65fe,17,0.901,1,1538842889199,Entertainment,1.623602,0.54
NiEnzE7ECrWeCdpMz,2d76f954b53cd7e983392c30392b9ed919581d80d1172f858a25e9952c6d65fe,18,0.33,1,1538842889201,Entertainment,0.21780000000000002,0.62
c8Ysd5TFviMA9gasf,fe31a80b9bf38f888eeb16300e261071011ce9c02eb50cf187f2fd76264d0fc3,13,0.8,1,1538842973582,Entertainment,1.2800000000000002,0.61
Lx8epkKogtif8Afo7,fe31a80b9bf38f888eeb16300e261071011ce9c02eb50cf187f2fd76264d0fc3,14,0.7,1,1538842973583,Entertainment,0.18000000000000005,0.575
Jw3Kr22zxDjoFcv2x,fe31a80b9bf38f888eeb16300e261071011ce9c02eb50cf187f2fd76264d0fc3,15,0.35,1,1538842973584,Entertainment,0.24499999999999997,0.635
RpP8Gs4NpgxvvbQgW,fe31a80b9bf38f888eeb16300e261071011ce9c02eb50cf187f2fd76264d0fc3,16,0.37,1,1538842973586,Entertainment,0.7938000000000001,0.655
pYAR6yfezw47vh4Le,fe31a80b9bf38f888eeb16300e261071011ce9c02eb50cf187f2fd76264d0fc3,17,0.6,1,1538842973587,Entertainment,0.72,0.525
yxx4oT4miYQfZSGwH,fe31a80b9bf38f888eeb16300e261071011ce9c02eb50cf187f2fd76264d0fc3,18,0.65,1,1538842973589,Entertainment,0.8450000000000001,0.485
LHGD9brDLjj3BYyNL,beca63fff76cb904d12117ea0a1bfb99432814979357155e7e4d65f32c723777,1,0.56,1,1538843499383,Sports,0.38719999999999993,0.63
FCc3y7CgaTorhLXr9,beca63fff76cb904d12117ea0a1bfb99432814979357155e7e4d65f32c723777,2,0.59,1,1538843499385,Sports,0.6961999999999999,0.625
pFeh9Fgi56mfvSjQE,beca63fff76cb904d12117ea0a1bfb99432814979357155e7e4d65f32c723777,3,0.63,1,1538843499385,Sports,0.7938000000000001,0.4
Qo5jzpgYFZYX2yW7o,beca63fff76cb904d12117ea0a1bfb99432814979357155e7e4d65f32c723777,4,0.66,1,1538843499385,Sports,0.23119999999999996,0.615
hnnqkctzkp3uaJ2H5,beca63fff76cb904d12117ea0a1bfb99432814979357155e7e4d65f32c723777,5,0.61,1,1538843499387,Sports,0.7442,0.45
Ct6fw6Jii7srDzmXT,beca63fff76cb904d12117ea0a1bfb99432814979357155e7e4d65f32c723777,6,0.59,1,1538843499387,Sports,0.6961999999999999,0.635
riCZEeNsTSvGbFuWG,beca63fff76cb904d12117ea0a1bfb99432814979357155e7e4d65f32c723777,7,0.8,1,1538843553270,Politics,1.2800000000000002,0.575
X7JW5sYzQ3hwZriLb,beca63fff76cb904d12117ea0a1bfb99432814979357155e7e4d65f32c723777,8,0.43,1,1538843553271,Politics,0.6498000000000002,0.64
bhc9cNsCdx4BMt54n,beca63fff76cb904d12117ea0a1bfb99432814979357155e7e4d65f32c723777,9,0.43,1,1538843553272,Politics,0.36979999999999996,0.56
o4tRhDs5cNkgSTpwB,beca63fff76cb904d12117ea0a1bfb99432814979357155e7e4d65f32c723777,10,0.14,1,1538843553273,Politics,0.039200000000000006,0.49
9rJBPDd9uo8SRni2H,beca63fff76cb904d12117ea0a1bfb99432814979357155e7e4d65f32c723777,11,0.38,1,1538843553274,Politics,0.2888,0.55
iZxNXNdRp8pLwEG8K,beca63fff76cb904d12117ea0a1bfb99432814979357155e7e4d65f32c723777,12,0.05,1,1538843553276,Politics,0.005000000000000001,0.35
vAkPquXNTSLv3dpaH,beca63fff76cb904d12117ea0a1bfb99432814979357155e7e4d65f32c723777,13,0.2,1,1538843583190,Entertainment,0.08000000000000002,0.35
pumS7kN4CJ2LkYvA5,beca63fff76cb904d12117ea0a1bfb99432814979357155e7e4d65f32c723777,14,0.39,1,1538843583191,Entertainment,0.7442,0.65
EBL8h3bwcrcMj9aAc,beca63fff76cb904d12117ea0a1bfb99432814979357155e7e4d65f32c723777,15,0.76,1,1538843583192,Entertainment,1.1552,0.505
6BamjZeGEA9yeEMAT,beca63fff76cb904d12117ea0a1bfb99432814979357155e7e4d65f32c723777,16,0.46,1,1538843583192,Entertainment,0.5832,0.57
726rcBuNvQF2YdE3N,beca63fff76cb904d12117ea0a1bfb99432814979357155e7e4d65f32c723777,17,0.61,1,1538843583193,Entertainment,0.7442,0.485
xcCvPqDpHEMD5bwf8,beca63fff76cb904d12117ea0a1bfb99432814979357155e7e4d65f32c723777,18,0.63,1,1538843583194,Entertainment,0.7938000000000001,0.48
6ii8WkD3Pon9Gz3Zv,90e0c5b2a7500835b26a8940f50e7510b436067dfbe275fcb478b48283af938b,1,1,1,1538843709188,Sports,0,0.67
bq4EQGiKALddxtR42,90e0c5b2a7500835b26a8940f50e7510b436067dfbe275fcb478b48283af938b,2,1,1,1538843709189,Sports,2,0.635
kvFfWcqLAQnEWrLRC,90e0c5b2a7500835b26a8940f50e7510b436067dfbe275fcb478b48283af938b,3,0,1,1538843709190,Sports,0,0.345
BrpK3QgAKcw3G8SKv,90e0c5b2a7500835b26a8940f50e7510b436067dfbe275fcb478b48283af938b,4,1,1,1538843709193,Sports,0,0.68
KX66hggRdwW5yvR5v,90e0c5b2a7500835b26a8940f50e7510b436067dfbe275fcb478b48283af938b,5,0,1,1538843709193,Sports,0,0.365
jbQyX9FoKSWyeLhg7,90e0c5b2a7500835b26a8940f50e7510b436067dfbe275fcb478b48283af938b,6,1,1,1538843709194,Sports,2,0.715
2x5yQH7i2xidLa9oE,90e0c5b2a7500835b26a8940f50e7510b436067dfbe275fcb478b48283af938b,7,1,1,1538843711942,Politics,2,0.695
WAHjcZEn5TvxZcBve,90e0c5b2a7500835b26a8940f50e7510b436067dfbe275fcb478b48283af938b,8,0.77,1,1538843711943,Politics,0.10579999999999998,0.625
L7y3DwTGqvSbQatLS,90e0c5b2a7500835b26a8940f50e7510b436067dfbe275fcb478b48283af938b,9,0.61,1,1538843711944,Politics,0.7442,0.625
2xoHoyrRzXe8Nr4Hb,90e0c5b2a7500835b26a8940f50e7510b436067dfbe275fcb478b48283af938b,10,0,1,1538843711946,Politics,0,0.405
vPyTvdm27QEMgC2XR,90e0c5b2a7500835b26a8940f50e7510b436067dfbe275fcb478b48283af938b,11,0,1,1538843711947,Politics,0,0.37
fsF7tphC9QJBLGjkh,90e0c5b2a7500835b26a8940f50e7510b436067dfbe275fcb478b48283af938b,12,0,1,1538843711948,Politics,0,0.53
nudfSFAkWxLt9Sszx,90e0c5b2a7500835b26a8940f50e7510b436067dfbe275fcb478b48283af938b,13,1,1,1538843714581,Entertainment,2,0.6
6RgPNPL3Jq4SbSSSK,90e0c5b2a7500835b26a8940f50e7510b436067dfbe275fcb478b48283af938b,14,1,1,1538843714583,Entertainment,0,0.62
Ln9cNjqNBEhSpF2RD,90e0c5b2a7500835b26a8940f50e7510b436067dfbe275fcb478b48283af938b,15,0.73,1,1538843714584,Entertainment,1.0657999999999999,0.555
a7H97cDM5ptwjM5gK,90e0c5b2a7500835b26a8940f50e7510b436067dfbe275fcb478b48283af938b,16,0.29,1,1538843714586,Entertainment,1.0082,0.54
iPPkuYNFWhddRCnaY,90e0c5b2a7500835b26a8940f50e7510b436067dfbe275fcb478b48283af938b,17,0.68,1,1538843714587,Entertainment,0.9248000000000002,0.66
2zsHj8S4rsBLSqug8,90e0c5b2a7500835b26a8940f50e7510b436067dfbe275fcb478b48283af938b,18,0,1,1538843714587,Entertainment,0,0.365
mydBLJ7TBs9Gx7wr7,948f423d5964cd5db85307375b1c28a589e6df5840d8d76624961bf8c2435fe3,1,1,1,1538844383972,Sports,0,0.715
QfbQzKte9FLChdwvz,948f423d5964cd5db85307375b1c28a589e6df5840d8d76624961bf8c2435fe3,2,1,1,1538844383976,Sports,2,0.78
Jc7eJ6afhykvtWWja,948f423d5964cd5db85307375b1c28a589e6df5840d8d76624961bf8c2435fe3,3,0,1,1538844383979,Sports,0,0.52
LDdtTDd4gtHjn3Boo,948f423d5964cd5db85307375b1c28a589e6df5840d8d76624961bf8c2435fe3,4,1,1,1538844383982,Sports,0,0.795
pz5ppLurqzq8fnraX,948f423d5964cd5db85307375b1c28a589e6df5840d8d76624961bf8c2435fe3,5,0,1,1538844383984,Sports,0,0.415
M69SkWxcn5iw3Td5g,948f423d5964cd5db85307375b1c28a589e6df5840d8d76624961bf8c2435fe3,6,1,1,1538844383986,Sports,2,0.76
x3uy7s8FJQGwYtTX3,948f423d5964cd5db85307375b1c28a589e6df5840d8d76624961bf8c2435fe3,7,0,1,1538844421577,Politics,0,0.38
xmKBN2EPxBGmf6QMt,948f423d5964cd5db85307375b1c28a589e6df5840d8d76624961bf8c2435fe3,8,0,1,1538844421580,Politics,2,0.36
kK386C8697uhraDnp,948f423d5964cd5db85307375b1c28a589e6df5840d8d76624961bf8c2435fe3,9,0,1,1538844421583,Politics,0,0.475
RTi4EFddr8heQAcPJ,948f423d5964cd5db85307375b1c28a589e6df5840d8d76624961bf8c2435fe3,10,0,1,1538844421586,Politics,0,0.615
gMkCfwtqJaDFEogA7,948f423d5964cd5db85307375b1c28a589e6df5840d8d76624961bf8c2435fe3,11,0,1,1538844421588,Politics,0,0.515
QzLf4TL2WbbgAxc8H,948f423d5964cd5db85307375b1c28a589e6df5840d8d76624961bf8c2435fe3,12,0,1,1538844421591,Politics,0,0.575
pg6C88nGf3KCzLwtJ,948f423d5964cd5db85307375b1c28a589e6df5840d8d76624961bf8c2435fe3,13,0,1,1538844469024,Entertainment,0,0.49
X7bHNeqn48pEtfAxx,948f423d5964cd5db85307375b1c28a589e6df5840d8d76624961bf8c2435fe3,14,0,1,1538844469026,Entertainment,2,0.42
bjLHxKZqZb3oNzDZa,948f423d5964cd5db85307375b1c28a589e6df5840d8d76624961bf8c2435fe3,15,0,1,1538844469031,Entertainment,0,0.4
sXtmkRDNmPMrFdLPW,948f423d5964cd5db85307375b1c28a589e6df5840d8d76624961bf8c2435fe3,16,0,1,1538844469034,Entertainment,2,0.37
8hngg6eR5WfD2gNq4,948f423d5964cd5db85307375b1c28a589e6df5840d8d76624961bf8c2435fe3,17,0,1,1538844469036,Entertainment,0,0.43
rcqDKo2ARwRc5eRZn,948f423d5964cd5db85307375b1c28a589e6df5840d8d76624961bf8c2435fe3,18,0,1,1538844469042,Entertainment,0,0.475
FRejHJ7hA9yWuF6Nn,2c54065eb933476b2c0db9bc23071bdbdeb55dffbcfcb95f4e224752c22a623f,1,0.7,1,1538844742149,Sports,0.18000000000000005,0.595
PCPsh8F4QZGHsYvCL,2c54065eb933476b2c0db9bc23071bdbdeb55dffbcfcb95f4e224752c22a623f,2,0.7,1,1538844742152,Sports,0.9799999999999999,0.64
wcKRpB9RXi7Gf93FM,2c54065eb933476b2c0db9bc23071bdbdeb55dffbcfcb95f4e224752c22a623f,3,0.24,1,1538844742152,Sports,0.1152,0.51
xqrvi2WPpnjWbCQMM,2c54065eb933476b2c0db9bc23071bdbdeb55dffbcfcb95f4e224752c22a623f,4,0.6,1,1538844742152,Sports,0.32000000000000006,0.63
AnFd6ogGqa4XL3LMg,2c54065eb933476b2c0db9bc23071bdbdeb55dffbcfcb95f4e224752c22a623f,5,0.3,1,1538844742153,Sports,0.18,0.61
Wee6oHEgm4P4Xe9n9,2c54065eb933476b2c0db9bc23071bdbdeb55dffbcfcb95f4e224752c22a623f,6,0.52,1,1538844742153,Sports,0.5408000000000001,0.545
9g52755ap9Ajd7A4J,2c54065eb933476b2c0db9bc23071bdbdeb55dffbcfcb95f4e224752c22a623f,7,0.38,1,1538844746769,Politics,0.2888,0.69
8Cnt3fmescFmc5ghb,2c54065eb933476b2c0db9bc23071bdbdeb55dffbcfcb95f4e224752c22a623f,8,0.6,1,1538844746769,Politics,0.32000000000000006,0.57
NaJnD6zEYPrjMkwdJ,2c54065eb933476b2c0db9bc23071bdbdeb55dffbcfcb95f4e224752c22a623f,9,0.4,1,1538844746770,Politics,0.32000000000000006,0.575
69sJEi7ZxZdsPwZYo,2c54065eb933476b2c0db9bc23071bdbdeb55dffbcfcb95f4e224752c22a623f,10,0.2,1,1538844746770,Politics,0.08000000000000002,0.38
k6HYzM8wAPNCPTyCb,2c54065eb933476b2c0db9bc23071bdbdeb55dffbcfcb95f4e224752c22a623f,11,0.19,1,1538844746772,Politics,0.0722,0.42
9GFkhxQBs64A6pCRm,2c54065eb933476b2c0db9bc23071bdbdeb55dffbcfcb95f4e224752c22a623f,12,0.19,1,1538844746773,Politics,0.0722,0.48
2FjPkKkr8iJrS4Lv8,2c54065eb933476b2c0db9bc23071bdbdeb55dffbcfcb95f4e224752c22a623f,13,0.3,1,1538844748871,Entertainment,0.18,0.61
GzSCzKRx74oFxxCiW,2c54065eb933476b2c0db9bc23071bdbdeb55dffbcfcb95f4e224752c22a623f,14,0.19,1,1538844748871,Entertainment,1.3122000000000003,0.295
c59bfsN9L7ft9QEzZ,2c54065eb933476b2c0db9bc23071bdbdeb55dffbcfcb95f4e224752c22a623f,15,0.2,1,1538844748872,Entertainment,0.08000000000000002,0.415
4PFkZm8SnAKNyKm9s,2c54065eb933476b2c0db9bc23071bdbdeb55dffbcfcb95f4e224752c22a623f,16,0.73,1,1538844748872,Entertainment,0.1458,0.555
k2oYSRw2M4fFydiXH,2c54065eb933476b2c0db9bc23071bdbdeb55dffbcfcb95f4e224752c22a623f,17,0.5,1,1538844748874,Entertainment,0.5,0.555
9HEHy8LNozvnjysbv,2c54065eb933476b2c0db9bc23071bdbdeb55dffbcfcb95f4e224752c22a623f,18,0.6,1,1538844748875,Entertainment,0.72,0.485
y9SqnpyKY7sxZkCjg,afbdaaf0b19f20e3c493ad49d656b276159e88c85b27102ed7690af5ee44a987,1,0.73,1,1538844974443,Sports,0.1458,0.575
h2qMJJvHZpg35dCQr,afbdaaf0b19f20e3c493ad49d656b276159e88c85b27102ed7690af5ee44a987,2,0.68,1,1538844974444,Sports,0.9248000000000002,0.595
nRJeSBNx3WQ5SPLHd,afbdaaf0b19f20e3c493ad49d656b276159e88c85b27102ed7690af5ee44a987,3,0.38,1,1538844974446,Sports,0.2888,0.565
EiwCueLppB8QRxhsn,afbdaaf0b19f20e3c493ad49d656b276159e88c85b27102ed7690af5ee44a987,4,0.82,1,1538844974446,Sports,0.06480000000000004,0.61
3QMuWYdsXAFJy92wQ,afbdaaf0b19f20e3c493ad49d656b276159e88c85b27102ed7690af5ee44a987,5,0.39,1,1538844974446,Sports,0.3042,0.59
4hENGFPjHHGryjsZH,afbdaaf0b19f20e3c493ad49d656b276159e88c85b27102ed7690af5ee44a987,6,0.19,1,1538844974446,Sports,0.0722,0.31
wmwnkTjfS6ipdcdM3,c5e3e84d30dc2f7aba67a8d85841a077b1df42070c9bec62608139b40715d41a,1,0.65,1,1538845104701,Sports,0.24499999999999997,0.59
WZXxvkjZyf9Rg4J5x,c5e3e84d30dc2f7aba67a8d85841a077b1df42070c9bec62608139b40715d41a,2,0.26,1,1538845104701,Sports,0.13520000000000001,0.325
7FT7rBLKRgS4jBZo5,c5e3e84d30dc2f7aba67a8d85841a077b1df42070c9bec62608139b40715d41a,3,0.88,1,1538845104701,Sports,1.5488,0.4
LLBva8uMw9biZwjFQ,c5e3e84d30dc2f7aba67a8d85841a077b1df42070c9bec62608139b40715d41a,4,0.14,1,1538845104703,Sports,1.4791999999999998,0.25
kXJXgB9HfPHmXL9C6,c5e3e84d30dc2f7aba67a8d85841a077b1df42070c9bec62608139b40715d41a,5,0.31,1,1538845104703,Sports,0.1922,0.575
Hukvue5PLuChwbN5f,c5e3e84d30dc2f7aba67a8d85841a077b1df42070c9bec62608139b40715d41a,6,0.25,1,1538845104703,Sports,0.125,0.48
LLrzsFJAW3D6KwhtW,c5e3e84d30dc2f7aba67a8d85841a077b1df42070c9bec62608139b40715d41a,7,0.71,1,1538845139003,Politics,1.0082,0.58
mRZA5bcguEfQFTRfi,c5e3e84d30dc2f7aba67a8d85841a077b1df42070c9bec62608139b40715d41a,8,0.2,1,1538845139003,Politics,1.2800000000000002,0.375
ZYaqgxRQTNC4Y4pbT,c5e3e84d30dc2f7aba67a8d85841a077b1df42070c9bec62608139b40715d41a,9,0.37,1,1538845139003,Politics,0.2738,0.615
NiiKrZLmndbwQip59,c5e3e84d30dc2f7aba67a8d85841a077b1df42070c9bec62608139b40715d41a,10,0.54,1,1538845139004,Politics,0.5832,0.415
PZSET462BQQcBEFtm,c5e3e84d30dc2f7aba67a8d85841a077b1df42070c9bec62608139b40715d41a,11,0.35,1,1538845139005,Politics,0.24499999999999997,0.535
E8eQ8yHXkpcBEXQTR,c5e3e84d30dc2f7aba67a8d85841a077b1df42070c9bec62608139b40715d41a,12,0.71,1,1538845139005,Politics,1.0082,0.325
GxDw5t5JBzqM95f4L,c5e3e84d30dc2f7aba67a8d85841a077b1df42070c9bec62608139b40715d41a,13,0.77,1,1538845172246,Entertainment,1.1858,0.495
WgxveizfPSfgeKZvm,c5e3e84d30dc2f7aba67a8d85841a077b1df42070c9bec62608139b40715d41a,14,0.24,1,1538845172247,Entertainment,1.1552,0.38
pFCMqB8JLmh7eAsB8,c5e3e84d30dc2f7aba67a8d85841a077b1df42070c9bec62608139b40715d41a,15,0.58,1,1538845172248,Entertainment,0.6728,0.57
Xw7kuJ3oDeApg7cZp,c5e3e84d30dc2f7aba67a8d85841a077b1df42070c9bec62608139b40715d41a,16,0.31,1,1538845172249,Entertainment,0.9521999999999998,0.615
mqPZQh9WmRGyBbHdi,c5e3e84d30dc2f7aba67a8d85841a077b1df42070c9bec62608139b40715d41a,17,0.62,1,1538845172250,Entertainment,0.7688,0.535
s4wLRSdj69X3tj73R,c5e3e84d30dc2f7aba67a8d85841a077b1df42070c9bec62608139b40715d41a,18,0.36,1,1538845172250,Entertainment,0.2592,0.625
JnzD6XQ4nyQgvGbRj,afbdaaf0b19f20e3c493ad49d656b276159e88c85b27102ed7690af5ee44a987,7,0.94,1,1538845205716,Politics,1.7671999999999999,0.56
XSjwvfsX7z2GEmoZF,afbdaaf0b19f20e3c493ad49d656b276159e88c85b27102ed7690af5ee44a987,8,0.79,1,1538845205716,Politics,0.08819999999999997,0.565
Th7u3BtLDbvqvq6Bx,afbdaaf0b19f20e3c493ad49d656b276159e88c85b27102ed7690af5ee44a987,9,0.84,1,1538845205716,Politics,1.4111999999999998,0.49
kTPrvBihwHr9QPaLv,afbdaaf0b19f20e3c493ad49d656b276159e88c85b27102ed7690af5ee44a987,10,0.33,1,1538845205725,Politics,0.21780000000000002,0.5
xun6XeiB7dNRubBwD,afbdaaf0b19f20e3c493ad49d656b276159e88c85b27102ed7690af5ee44a987,11,0.36,1,1538845205725,Politics,0.2592,0.555
7X5xFWnD5MYuiPpG2,afbdaaf0b19f20e3c493ad49d656b276159e88c85b27102ed7690af5ee44a987,12,0.3,1,1538845205726,Politics,0.18,0.47
AgqAo6c98Qtvzg6nx,afbdaaf0b19f20e3c493ad49d656b276159e88c85b27102ed7690af5ee44a987,13,0.4,1,1538845478373,Entertainment,0.32000000000000006,0.545
3BqgFWoEenS2KPKmG,afbdaaf0b19f20e3c493ad49d656b276159e88c85b27102ed7690af5ee44a987,14,0.94,1,1538845478373,Entertainment,0.007200000000000013,0.49
tX65YApkDuiMoom34,afbdaaf0b19f20e3c493ad49d656b276159e88c85b27102ed7690af5ee44a987,15,0.05,1,1538845478373,Entertainment,0.005000000000000001,0.235
xxGZRHKvZpwG4a2c9,afbdaaf0b19f20e3c493ad49d656b276159e88c85b27102ed7690af5ee44a987,16,0.27,1,1538845478373,Entertainment,1.0657999999999999,0.385
tFmeAYiKTpMbrngCq,afbdaaf0b19f20e3c493ad49d656b276159e88c85b27102ed7690af5ee44a987,17,0.59,1,1538845478375,Entertainment,0.6961999999999999,0.55
oawXyFFv9tJMGN5H5,afbdaaf0b19f20e3c493ad49d656b276159e88c85b27102ed7690af5ee44a987,18,0.42,1,1538845478375,Entertainment,0.35279999999999995,0.545
3ZxmBDeWHLXJ6aZ5n,19896153fc17f2c0109dac4bf4a93d58c941f6cdf1a09698c84c3dda1632e0ba,1,0.6,1,1538845799561,Sports,0.32000000000000006,0.51
YTSSDrbDsZvmtBdM8,19896153fc17f2c0109dac4bf4a93d58c941f6cdf1a09698c84c3dda1632e0ba,2,0.8,1,1538845799562,Sports,1.2800000000000002,0.52
m7rbTuKm4YaKbZaMS,19896153fc17f2c0109dac4bf4a93d58c941f6cdf1a09698c84c3dda1632e0ba,3,0.33,1,1538845799563,Sports,0.21780000000000002,0.575
s9YcQMSd4jdhSLFbC,19896153fc17f2c0109dac4bf4a93d58c941f6cdf1a09698c84c3dda1632e0ba,4,0.75,1,1538845799564,Sports,0.125,0.535
5RHaoi2mC7Ygi4z4b,19896153fc17f2c0109dac4bf4a93d58c941f6cdf1a09698c84c3dda1632e0ba,5,0.43,1,1538845799565,Sports,0.36979999999999996,0.49
EzqZpq7kSkfyGZACw,19896153fc17f2c0109dac4bf4a93d58c941f6cdf1a09698c84c3dda1632e0ba,6,0.36,1,1538845799566,Sports,0.2592,0.575
ujAB5ZktunYXxqf92,19896153fc17f2c0109dac4bf4a93d58c941f6cdf1a09698c84c3dda1632e0ba,7,0.34,1,1538845856009,Politics,0.23120000000000004,0.595
XmbcXADo6k4cy8ori,19896153fc17f2c0109dac4bf4a93d58c941f6cdf1a09698c84c3dda1632e0ba,8,0.59,1,1538845856010,Politics,0.33620000000000005,0.525
Ph9GKn3EiyKMLsL8k,19896153fc17f2c0109dac4bf4a93d58c941f6cdf1a09698c84c3dda1632e0ba,9,0.43,1,1538845856010,Politics,0.36979999999999996,0.535
P3bZ89jhCWo5MkeLf,19896153fc17f2c0109dac4bf4a93d58c941f6cdf1a09698c84c3dda1632e0ba,10,0.52,1,1538845856012,Politics,0.5408000000000001,0.355
QX2A9Eapg79i26YMF,19896153fc17f2c0109dac4bf4a93d58c941f6cdf1a09698c84c3dda1632e0ba,11,0.65,1,1538845856014,Politics,0.8450000000000001,0.4
ECkRrPJywJ3kDDYzL,19896153fc17f2c0109dac4bf4a93d58c941f6cdf1a09698c84c3dda1632e0ba,12,0.4,1,1538845856014,Politics,0.32000000000000006,0.34
qo7XJJpwicGz86p98,19896153fc17f2c0109dac4bf4a93d58c941f6cdf1a09698c84c3dda1632e0ba,13,0.38,1,1538845892276,Entertainment,0.2888,0.555
NAQSWsQq9B2PMnCWW,19896153fc17f2c0109dac4bf4a93d58c941f6cdf1a09698c84c3dda1632e0ba,14,0.24,1,1538845892276,Entertainment,1.1552,0.31
LEtFwiKSTcDxYwAb5,19896153fc17f2c0109dac4bf4a93d58c941f6cdf1a09698c84c3dda1632e0ba,15,0.46,1,1538845892278,Entertainment,0.4232,0.525
ACfp39MMQTSgcRkYN,19896153fc17f2c0109dac4bf4a93d58c941f6cdf1a09698c84c3dda1632e0ba,16,0.65,1,1538845892279,Entertainment,0.24499999999999997,0.485
XfKbwAP38Rjpf3sGL,19896153fc17f2c0109dac4bf4a93d58c941f6cdf1a09698c84c3dda1632e0ba,17,0.69,1,1538845892279,Entertainment,0.9521999999999998,0.455
wjJmdpC49LQk2RYs2,19896153fc17f2c0109dac4bf4a93d58c941f6cdf1a09698c84c3dda1632e0ba,18,0.4,1,1538845892281,Entertainment,0.32000000000000006,0.515
X3tjYyznczJJ5xrg9,dd0e4b291925bb60b2d55ee2ddcbb1aae90ab8f729480cf8ecf8ad79c306c479,1,0.6,1,1538846447251,Sports,0.32000000000000006,0.555
tdJABDcTMcgvGityK,dd0e4b291925bb60b2d55ee2ddcbb1aae90ab8f729480cf8ecf8ad79c306c479,2,0.75,1,1538846447255,Sports,1.125,0.57
8WTFKkZE9qz6noyC9,dd0e4b291925bb60b2d55ee2ddcbb1aae90ab8f729480cf8ecf8ad79c306c479,3,0.1,1,1538846447257,Sports,0.020000000000000004,0.41
CZ7vfNWcTSzn9FHCW,dd0e4b291925bb60b2d55ee2ddcbb1aae90ab8f729480cf8ecf8ad79c306c479,4,0.4,1,1538846447258,Sports,0.72,0.695
5jypMfh5AwgT8pTGc,dd0e4b291925bb60b2d55ee2ddcbb1aae90ab8f729480cf8ecf8ad79c306c479,5,0.3,1,1538846447259,Sports,0.18,0.6
shkwKgp4jXMheWNTX,dd0e4b291925bb60b2d55ee2ddcbb1aae90ab8f729480cf8ecf8ad79c306c479,6,0.5,1,1538846447261,Sports,0.5,0.59
QyXBPyAEySe6RNzS6,dd0e4b291925bb60b2d55ee2ddcbb1aae90ab8f729480cf8ecf8ad79c306c479,7,0.4,1,1538846587039,Politics,0.32000000000000006,0.58
yqRGMyqM6EFZZcScS,dd0e4b291925bb60b2d55ee2ddcbb1aae90ab8f729480cf8ecf8ad79c306c479,8,0.5,1,1538846587045,Politics,0.5,0.615
FoyPxJmxW2LGCqK9f,dd0e4b291925bb60b2d55ee2ddcbb1aae90ab8f729480cf8ecf8ad79c306c479,9,0.25,1,1538846587047,Politics,0.125,0.385
kENCCS5mYxM8Ezvhs,dd0e4b291925bb60b2d55ee2ddcbb1aae90ab8f729480cf8ecf8ad79c306c479,10,0.3,1,1538846587048,Politics,0.18,0.485
dKJvtb3YnMsTGFjF5,dd0e4b291925bb60b2d55ee2ddcbb1aae90ab8f729480cf8ecf8ad79c306c479,11,0.3,1,1538846587050,Politics,0.18,0.565
XHbWQLp8cCsTBYdqC,dd0e4b291925bb60b2d55ee2ddcbb1aae90ab8f729480cf8ecf8ad79c306c479,12,0.1,1,1538846587052,Politics,0.020000000000000004,0.46
CZowNQbP9Gg5pZEm4,dd0e4b291925bb60b2d55ee2ddcbb1aae90ab8f729480cf8ecf8ad79c306c479,13,0.7,1,1538846722296,Entertainment,0.9799999999999999,0.47
yNzFrPs3seYbd4w4o,dd0e4b291925bb60b2d55ee2ddcbb1aae90ab8f729480cf8ecf8ad79c306c479,14,0.3,1,1538846722302,Entertainment,0.9799999999999999,0.635
C5KvtKzrZ3udtrDFA,dd0e4b291925bb60b2d55ee2ddcbb1aae90ab8f729480cf8ecf8ad79c306c479,15,0.6,1,1538846722303,Entertainment,0.72,0.49
gbdaaBkYAhwL62N7R,dd0e4b291925bb60b2d55ee2ddcbb1aae90ab8f729480cf8ecf8ad79c306c479,16,0.5,1,1538846722305,Entertainment,0.5,0.515
bDQpCRRL9m4fvAsYn,dd0e4b291925bb60b2d55ee2ddcbb1aae90ab8f729480cf8ecf8ad79c306c479,17,0.3,1,1538846722306,Entertainment,0.18,0.56
5PzFGbZKkMyjLc8sN,dd0e4b291925bb60b2d55ee2ddcbb1aae90ab8f729480cf8ecf8ad79c306c479,18,0.65,1,1538846722307,Entertainment,0.8450000000000001,0.48
Acea8mQgW9HhGgoj8,b9b89278a8a8172dedb3b1f26c6de6eee9c21355e97d7b706ccbdec71f6b7de1,1,0.47,1,1538847227747,Sports,0.5618000000000001,0.615
Wdpm7nwvQe8WaipY6,b9b89278a8a8172dedb3b1f26c6de6eee9c21355e97d7b706ccbdec71f6b7de1,2,0.8,1,1538847227756,Sports,1.2800000000000002,0.52
JDx62BZvyMsfnucYr,b9b89278a8a8172dedb3b1f26c6de6eee9c21355e97d7b706ccbdec71f6b7de1,3,0.06,1,1538847227760,Sports,0.0072,0.285
frPnxadbtbcquZkvg,b9b89278a8a8172dedb3b1f26c6de6eee9c21355e97d7b706ccbdec71f6b7de1,4,0.54,1,1538847227762,Sports,0.4231999999999999,0.66
rLSgRPcqNLPwzCYHp,b9b89278a8a8172dedb3b1f26c6de6eee9c21355e97d7b706ccbdec71f6b7de1,5,0.37,1,1538847227765,Sports,0.2738,0.635
wLRhZCLK9nrBwJQz4,b9b89278a8a8172dedb3b1f26c6de6eee9c21355e97d7b706ccbdec71f6b7de1,6,0.59,1,1538847227768,Sports,0.6961999999999999,0.55
M5evgXp2e4w4wyBas,b9b89278a8a8172dedb3b1f26c6de6eee9c21355e97d7b706ccbdec71f6b7de1,7,0.24,1,1538847260773,Politics,0.1152,0.31
CWEQN5kNZYuP52ahW,b9b89278a8a8172dedb3b1f26c6de6eee9c21355e97d7b706ccbdec71f6b7de1,8,0.54,1,1538847260782,Politics,0.4231999999999999,0.61
kvyfAS5ny6dyh6ekH,b9b89278a8a8172dedb3b1f26c6de6eee9c21355e97d7b706ccbdec71f6b7de1,9,0.21,1,1538847260785,Politics,0.08819999999999999,0.4
j6GGxhK22hyFZTc9J,b9b89278a8a8172dedb3b1f26c6de6eee9c21355e97d7b706ccbdec71f6b7de1,10,0.55,1,1538847260787,Politics,0.6050000000000001,0.4
gMfTZnki47tr2nTGJ,b9b89278a8a8172dedb3b1f26c6de6eee9c21355e97d7b706ccbdec71f6b7de1,11,0.54,1,1538847260790,Politics,0.5832,0.435
aPCiSBMm9aCNPpWsP,b9b89278a8a8172dedb3b1f26c6de6eee9c21355e97d7b706ccbdec71f6b7de1,12,0.21,1,1538847260794,Politics,0.08819999999999999,0.43
FKrkDvrgKrYwCkHHC,b9b89278a8a8172dedb3b1f26c6de6eee9c21355e97d7b706ccbdec71f6b7de1,13,0.99,1,1538847309138,Entertainment,1.9602,0.525
C9kcZadRiEj3aqWJ7,b9b89278a8a8172dedb3b1f26c6de6eee9c21355e97d7b706ccbdec71f6b7de1,14,0.65,1,1538847309144,Entertainment,0.24499999999999997,0.57
yCQDZc4XTxvrpwMYQ,b9b89278a8a8172dedb3b1f26c6de6eee9c21355e97d7b706ccbdec71f6b7de1,15,0.7,1,1538847309148,Entertainment,0.9799999999999999,0.47
iFLGkvq3TuAtygCn7,b9b89278a8a8172dedb3b1f26c6de6eee9c21355e97d7b706ccbdec71f6b7de1,16,0.57,1,1538847309150,Entertainment,0.3698000000000001,0.55
DFBHcooi8ZgjWm9MZ,b9b89278a8a8172dedb3b1f26c6de6eee9c21355e97d7b706ccbdec71f6b7de1,17,0.76,1,1538847309153,Entertainment,1.1552,0.445
YTHpFbRPtx2bqMnK9,b9b89278a8a8172dedb3b1f26c6de6eee9c21355e97d7b706ccbdec71f6b7de1,18,0.3,1,1538847309156,Entertainment,0.18,0.57
aEGh4mpAzHNXizKHH,9a2fee9f8efbee4769d54d5ca917bbdc7618906d8075c4ce0c4c6113c738d025,1,0.5,1,1538847933126,Sports,0.5,0.525
t33uWEaJFyXNy3sMM,9a2fee9f8efbee4769d54d5ca917bbdc7618906d8075c4ce0c4c6113c738d025,2,0.49,1,1538847933128,Sports,0.48019999999999996,0.565
eirtpt774NfSeRFDt,9a2fee9f8efbee4769d54d5ca917bbdc7618906d8075c4ce0c4c6113c738d025,3,0.55,1,1538847933131,Sports,0.6050000000000001,0.475
ZuCsTJLNrpkWHPHqk,9a2fee9f8efbee4769d54d5ca917bbdc7618906d8075c4ce0c4c6113c738d025,4,0.5,1,1538847933134,Sports,0.5,0.555
eqAEHy2DNJMYsXyYW,9a2fee9f8efbee4769d54d5ca917bbdc7618906d8075c4ce0c4c6113c738d025,5,0.51,1,1538847933135,Sports,0.5202,0.54
QeAQdssWLQHabcaez,9a2fee9f8efbee4769d54d5ca917bbdc7618906d8075c4ce0c4c6113c738d025,6,0.53,1,1538847933136,Sports,0.5618000000000001,0.59
5PT6xctkpEAjGkK8k,9a2fee9f8efbee4769d54d5ca917bbdc7618906d8075c4ce0c4c6113c738d025,7,0.54,1,1538847958563,Politics,0.5832,0.57
JmivteezoNR2GsKPK,9a2fee9f8efbee4769d54d5ca917bbdc7618906d8075c4ce0c4c6113c738d025,8,0.5,1,1538847958565,Politics,0.5,0.515
cbq2a4CsBDS4dfFcN,9a2fee9f8efbee4769d54d5ca917bbdc7618906d8075c4ce0c4c6113c738d025,9,0.56,1,1538847958566,Politics,0.6272000000000001,0.5
AAnimdFhj7NWfvAB4,9a2fee9f8efbee4769d54d5ca917bbdc7618906d8075c4ce0c4c6113c738d025,10,0.57,1,1538847958569,Politics,0.6497999999999999,0.32
WxzCyoXPM8Pnswmma,9a2fee9f8efbee4769d54d5ca917bbdc7618906d8075c4ce0c4c6113c738d025,11,0.55,1,1538847958571,Politics,0.6050000000000001,0.41
w9MftRT3Hjkf9ZaNh,9a2fee9f8efbee4769d54d5ca917bbdc7618906d8075c4ce0c4c6113c738d025,12,0.54,1,1538847958573,Politics,0.5832,0.36
2HeXqjCJW9gFbnKPr,9a2fee9f8efbee4769d54d5ca917bbdc7618906d8075c4ce0c4c6113c738d025,13,0.55,1,1538847982242,Entertainment,0.6050000000000001,0.5
BPBZJ5eG22edfmYFX,9a2fee9f8efbee4769d54d5ca917bbdc7618906d8075c4ce0c4c6113c738d025,14,0.63,1,1538847982244,Entertainment,0.2738,0.47
WJfEsDvxCugkasBrC,9a2fee9f8efbee4769d54d5ca917bbdc7618906d8075c4ce0c4c6113c738d025,15,0.55,1,1538847982247,Entertainment,0.6050000000000001,0.52
mjdLerubuf76rc77h,9a2fee9f8efbee4769d54d5ca917bbdc7618906d8075c4ce0c4c6113c738d025,16,0.54,1,1538847982249,Entertainment,0.4231999999999999,0.55
JtPiudeuYCSumGzGa,9a2fee9f8efbee4769d54d5ca917bbdc7618906d8075c4ce0c4c6113c738d025,17,0.54,1,1538847982251,Entertainment,0.5832,0.455
aBRtqv5ELkA5n75qS,9a2fee9f8efbee4769d54d5ca917bbdc7618906d8075c4ce0c4c6113c738d025,18,0.55,1,1538847982252,Entertainment,0.6050000000000001,0.475
vQ844qPLfiyXXn53Q,18a2620abe32f5c67a4b8d8e5156bf2f3d7fe2e4e1af49562dfb5ef6f426d29e,1,0.1,1,1538848521358,Sports,1.62,0.365
noEDATsP5rJpqfxHc,18a2620abe32f5c67a4b8d8e5156bf2f3d7fe2e4e1af49562dfb5ef6f426d29e,2,1,1,1538848521361,Sports,2,0.59
wW7gwzZRhhu3StMC3,18a2620abe32f5c67a4b8d8e5156bf2f3d7fe2e4e1af49562dfb5ef6f426d29e,3,0.2,1,1538848521364,Sports,0.08000000000000002,0.465
zc2d2eREKSDtuc47o,18a2620abe32f5c67a4b8d8e5156bf2f3d7fe2e4e1af49562dfb5ef6f426d29e,4,1,1,1538848521365,Sports,0,0.66
MPh6tZFziYxbmWpNc,18a2620abe32f5c67a4b8d8e5156bf2f3d7fe2e4e1af49562dfb5ef6f426d29e,5,0.1,1,1538848521367,Sports,0.020000000000000004,0.44
i5xxcR7hbErXwtCmN,18a2620abe32f5c67a4b8d8e5156bf2f3d7fe2e4e1af49562dfb5ef6f426d29e,6,0.5,1,1538848521368,Sports,0.5,0.615
rJjLHnQt7jXbcGBAu,a535f441f8f376fdeac1bca87154a617f29eb3b02df22c4bef7b66cbc983d22d,1,0.41,1,1538848498446,Sports,0.6962000000000002,0.56
yETyXxfkaAfbcXZhJ,a535f441f8f376fdeac1bca87154a617f29eb3b02df22c4bef7b66cbc983d22d,2,0.5,1,1538848498449,Sports,0.5,0.59
Lis5iXa8XEFXBHKuw,a535f441f8f376fdeac1bca87154a617f29eb3b02df22c4bef7b66cbc983d22d,3,0.57,1,1538848498452,Sports,0.6497999999999999,0.45
awEeMJxxG2QKGywQr,a535f441f8f376fdeac1bca87154a617f29eb3b02df22c4bef7b66cbc983d22d,4,0.59,1,1538848498456,Sports,0.33620000000000005,0.62
jLDGBTxDBTPWxvuoY,a535f441f8f376fdeac1bca87154a617f29eb3b02df22c4bef7b66cbc983d22d,5,0.44,1,1538848498458,Sports,0.3872,0.505
vZbCQ5j28NPrWZC8Q,a535f441f8f376fdeac1bca87154a617f29eb3b02df22c4bef7b66cbc983d22d,6,0.38,1,1538848498460,Sports,0.2888,0.555
MAhMLa6otkTwr8hM3,a535f441f8f376fdeac1bca87154a617f29eb3b02df22c4bef7b66cbc983d22d,7,0.4,1,1538848525374,Politics,0.32000000000000006,0.57
kzn9uYSMrhxoqjqte,a535f441f8f376fdeac1bca87154a617f29eb3b02df22c4bef7b66cbc983d22d,8,0.47,1,1538848525376,Politics,0.5618000000000001,0.505
kGaD2CsB3feLwX6ox,a535f441f8f376fdeac1bca87154a617f29eb3b02df22c4bef7b66cbc983d22d,9,0.44,1,1538848525379,Politics,0.3872,0.46
NeDT3xEQdhJBawT6E,a535f441f8f376fdeac1bca87154a617f29eb3b02df22c4bef7b66cbc983d22d,10,1,1,1538848525386,Politics,2,0.275
uLTwu7C95ubMFXbDk,a535f441f8f376fdeac1bca87154a617f29eb3b02df22c4bef7b66cbc983d22d,11,0.59,1,1538848525388,Politics,0.6961999999999999,0.435
9WhqP2jrYLZeY2ZzZ,a535f441f8f376fdeac1bca87154a617f29eb3b02df22c4bef7b66cbc983d22d,12,0.59,1,1538848525389,Politics,0.6961999999999999,0.335
jvw2uKXSZiyQnuMAd,a535f441f8f376fdeac1bca87154a617f29eb3b02df22c4bef7b66cbc983d22d,13,0.47,1,1538848562826,Entertainment,0.44179999999999997,0.48
2XMyLgBiMaJZzTadJ,a535f441f8f376fdeac1bca87154a617f29eb3b02df22c4bef7b66cbc983d22d,14,0.46,1,1538848562827,Entertainment,0.5832,0.56
RmkYLTHXCMQ7KWXzA,a535f441f8f376fdeac1bca87154a617f29eb3b02df22c4bef7b66cbc983d22d,15,0.48,1,1538848562828,Entertainment,0.4608,0.495
EBxhZhxqg33DiujgR,a535f441f8f376fdeac1bca87154a617f29eb3b02df22c4bef7b66cbc983d22d,16,0.57,1,1538848562831,Entertainment,0.3698000000000001,0.535
HMc82fihn6wtTeMFj,a535f441f8f376fdeac1bca87154a617f29eb3b02df22c4bef7b66cbc983d22d,17,0.46,1,1538848562833,Entertainment,0.4232,0.52
LJXHY6fQiDN9fnPe6,a535f441f8f376fdeac1bca87154a617f29eb3b02df22c4bef7b66cbc983d22d,18,0.64,1,1538848562835,Entertainment,0.8192,0.445
qPLGnnri4HcRFXC4G,18a2620abe32f5c67a4b8d8e5156bf2f3d7fe2e4e1af49562dfb5ef6f426d29e,7,0.95,1,1538848926945,Politics,1.805,0.595
F5ec9DQP4FAnLMDsg,18a2620abe32f5c67a4b8d8e5156bf2f3d7fe2e4e1af49562dfb5ef6f426d29e,8,0.3,1,1538848926948,Politics,0.9799999999999999,0.68
kfuyG86xhQ6DHYqKG,18a2620abe32f5c67a4b8d8e5156bf2f3d7fe2e4e1af49562dfb5ef6f426d29e,9,1,1,1538848926949,Politics,2,0.57
mtMefYDCjzbaTecG4,18a2620abe32f5c67a4b8d8e5156bf2f3d7fe2e4e1af49562dfb5ef6f426d29e,10,0.1,1,1538848926950,Politics,0.020000000000000004,0.525
gKkdtFfNGBrZY8vsT,18a2620abe32f5c67a4b8d8e5156bf2f3d7fe2e4e1af49562dfb5ef6f426d29e,11,0.06,1,1538848926955,Politics,0.0072,0.3
rTjGiyX3NyFwEXwhc,18a2620abe32f5c67a4b8d8e5156bf2f3d7fe2e4e1af49562dfb5ef6f426d29e,12,0.1,1,1538848926956,Politics,0.020000000000000004,0.475
ihxmLhTfsZKX83uGC,18a2620abe32f5c67a4b8d8e5156bf2f3d7fe2e4e1af49562dfb5ef6f426d29e,13,1,1,1538849014117,Entertainment,2,0.56
ffZPaaM86hBxTRhNH,18a2620abe32f5c67a4b8d8e5156bf2f3d7fe2e4e1af49562dfb5ef6f426d29e,14,0.95,1,1538849014118,Entertainment,0.005000000000000009,0.585
vZEpLzr5qtSkKethg,18a2620abe32f5c67a4b8d8e5156bf2f3d7fe2e4e1af49562dfb5ef6f426d29e,15,0.5,1,1538849014120,Entertainment,0.5,0.58
yezeDM3gn7LPL6zEo,18a2620abe32f5c67a4b8d8e5156bf2f3d7fe2e4e1af49562dfb5ef6f426d29e,16,0.5,1,1538849014121,Entertainment,0.5,0.63
hRTEMDrtL9Ahh3ytE,18a2620abe32f5c67a4b8d8e5156bf2f3d7fe2e4e1af49562dfb5ef6f426d29e,17,0.6,1,1538849014121,Entertainment,0.72,0.495
8PKxS49XjJgm6LRYQ,18a2620abe32f5c67a4b8d8e5156bf2f3d7fe2e4e1af49562dfb5ef6f426d29e,18,0.5,1,1538849014123,Entertainment,0.5,0.555
HddGhd4JoRGvZLH2m,5acffa5be8b6c6d315f050cd94b91c44c202f5d70d2da736580572bf6d7605fb,1,0.83,1,1538850018009,Sports,0.057800000000000025,0.6
uRcfNzn8FPYxNNL5p,5acffa5be8b6c6d315f050cd94b91c44c202f5d70d2da736580572bf6d7605fb,2,0.98,1,1538850018012,Sports,1.9207999999999998,0.62
jswArccCPoJQZMhtm,5acffa5be8b6c6d315f050cd94b91c44c202f5d70d2da736580572bf6d7605fb,3,0.21,1,1538850018014,Sports,0.08819999999999999,0.49
kuJQpKoSWeQHmSPY9,5acffa5be8b6c6d315f050cd94b91c44c202f5d70d2da736580572bf6d7605fb,4,0.72,1,1538850018017,Sports,0.15680000000000002,0.685
3ikeyrRNTyueHN9P9,5acffa5be8b6c6d315f050cd94b91c44c202f5d70d2da736580572bf6d7605fb,5,0.77,1,1538850018020,Sports,1.1858,0.555
oyLEfDo4WvbvAo7Ly,5acffa5be8b6c6d315f050cd94b91c44c202f5d70d2da736580572bf6d7605fb,6,0.28,1,1538850018022,Sports,0.15680000000000002,0.48
zDtmc2oEdZXWeQJEr,5acffa5be8b6c6d315f050cd94b91c44c202f5d70d2da736580572bf6d7605fb,7,0.24,1,1538850051539,Politics,0.1152,0.405
Fwap7gWBzsthtHQBJ,5acffa5be8b6c6d315f050cd94b91c44c202f5d70d2da736580572bf6d7605fb,8,0.88,1,1538850051542,Politics,0.0288,0.59
evh27TdEunaH9BNHM,5acffa5be8b6c6d315f050cd94b91c44c202f5d70d2da736580572bf6d7605fb,9,0.05,1,1538850051548,Politics,0.005000000000000001,0.315
7vAveT3AW7r4RYgfR,5acffa5be8b6c6d315f050cd94b91c44c202f5d70d2da736580572bf6d7605fb,10,0.81,1,1538850051550,Politics,1.3122000000000003,0.365
ifNi4S36WGKHFMaAM,5acffa5be8b6c6d315f050cd94b91c44c202f5d70d2da736580572bf6d7605fb,11,0.08,1,1538850051554,Politics,0.0128,0.37
iE485AnYgDZ3svNEj,5acffa5be8b6c6d315f050cd94b91c44c202f5d70d2da736580572bf6d7605fb,12,0.2,1,1538850051557,Politics,0.08000000000000002,0.465
r4xd9xpgk8swH69Rq,5acffa5be8b6c6d315f050cd94b91c44c202f5d70d2da736580572bf6d7605fb,13,0.74,1,1538850079081,Entertainment,1.0952,0.57
GLwrEH2qsN9mxnRyw,5acffa5be8b6c6d315f050cd94b91c44c202f5d70d2da736580572bf6d7605fb,14,1,1,1538850079086,Entertainment,0,0.59
FD9BJ5PxDQm8j3P8j,5acffa5be8b6c6d315f050cd94b91c44c202f5d70d2da736580572bf6d7605fb,15,0.43,1,1538850079089,Entertainment,0.36979999999999996,0.585
i4EFnxYyGWKprteKX,5acffa5be8b6c6d315f050cd94b91c44c202f5d70d2da736580572bf6d7605fb,16,0.8,1,1538850079092,Entertainment,0.07999999999999996,0.545
roCPXp6oJjHfEdbpK,5acffa5be8b6c6d315f050cd94b91c44c202f5d70d2da736580572bf6d7605fb,17,0.8,1,1538850079094,Entertainment,1.2800000000000002,0.615
8DXgL7uFmvoFMxJNo,5acffa5be8b6c6d315f050cd94b91c44c202f5d70d2da736580572bf6d7605fb,18,0.82,1,1538850079096,Entertainment,1.3447999999999998,0.55
4D6PXKBWkyEtdq3r4,884768d83f6ed948e750da9d7d759e8e9ee3276a2fb758eae02a1c96570c8474,13,0.09,1,1538850647569,Entertainment,0.0162,0.31
YxmgJnBewaLQmpWN4,884768d83f6ed948e750da9d7d759e8e9ee3276a2fb758eae02a1c96570c8474,14,0.23,1,1538850647570,Entertainment,1.1858,0.425
arWneTWFEAN83nX2D,884768d83f6ed948e750da9d7d759e8e9ee3276a2fb758eae02a1c96570c8474,15,0.51,1,1538850647572,Entertainment,0.5202,0.62
pR4vXTgWnr9TZXhnt,884768d83f6ed948e750da9d7d759e8e9ee3276a2fb758eae02a1c96570c8474,16,0.3,1,1538850647573,Entertainment,0.9799999999999999,0.72
ffo7RzAvxvNqXqFaj,884768d83f6ed948e750da9d7d759e8e9ee3276a2fb758eae02a1c96570c8474,17,0.04,1,1538850647575,Entertainment,0.0032,0.27
yjvpBPkGQa2Sgype6,884768d83f6ed948e750da9d7d759e8e9ee3276a2fb758eae02a1c96570c8474,18,0.14,1,1538850647578,Entertainment,0.039200000000000006,0.465
MDF6F2qFfjmkkEhDb,bd007294dea1db0f5d6be7126ac20334dde483de38cacac10eca227fd338b121,13,0.7,1,1538851042784,Entertainment,0.9799999999999999,0.72
D6oGHzXJ7x5SScQ76,bd007294dea1db0f5d6be7126ac20334dde483de38cacac10eca227fd338b121,14,0.05,1,1538851042785,Entertainment,1.805,0.405
geHx5HQe9choW7i8Z,bd007294dea1db0f5d6be7126ac20334dde483de38cacac10eca227fd338b121,15,0.06,1,1538851042786,Entertainment,0.0072,0.425
iZjNJkMc22agqiLSW,bd007294dea1db0f5d6be7126ac20334dde483de38cacac10eca227fd338b121,16,0.06,1,1538851042788,Entertainment,1.7671999999999999,0.36
Cgwi6DrZbAfXGp4Jx,bd007294dea1db0f5d6be7126ac20334dde483de38cacac10eca227fd338b121,17,0.01,1,1538851042789,Entertainment,2e-4,0.395
NtvpvZxG64xpjbvGJ,bd007294dea1db0f5d6be7126ac20334dde483de38cacac10eca227fd338b121,18,0.1,1,1538851042790,Entertainment,0.020000000000000004,0.595
xQstZgr35e89rSifw,d82d525bf777a23a2576b7686a6b536fd806064d9e3ea53b778d3c63f27ffe83,1,0.8,1,1538851143765,Sports,0.07999999999999996,0.605
Kqro2RJHHrHoHwX4c,d82d525bf777a23a2576b7686a6b536fd806064d9e3ea53b778d3c63f27ffe83,2,1,1,1538851143776,Sports,2,0.63
8MFjxKS2Tygt5svTC,d82d525bf777a23a2576b7686a6b536fd806064d9e3ea53b778d3c63f27ffe83,3,0.38,1,1538851143780,Sports,0.2888,0.575
F9nx6NwmT9RtyqkJh,d82d525bf777a23a2576b7686a6b536fd806064d9e3ea53b778d3c63f27ffe83,4,0.74,1,1538851143784,Sports,0.13520000000000001,0.65
QhWfSLm4mSefseqeD,d82d525bf777a23a2576b7686a6b536fd806064d9e3ea53b778d3c63f27ffe83,5,0.98,1,1538851143787,Sports,1.9207999999999998,0.54
gufZKFXSx32vXb5kf,d82d525bf777a23a2576b7686a6b536fd806064d9e3ea53b778d3c63f27ffe83,6,0.59,1,1538851143790,Sports,0.6961999999999999,0.64
nMbZNo8dhSu9mJ7NQ,bd007294dea1db0f5d6be7126ac20334dde483de38cacac10eca227fd338b121,1,0.1,1,1538851265870,Sports,1.62,0.49
AH2EXyiseg5XkimDZ,bd007294dea1db0f5d6be7126ac20334dde483de38cacac10eca227fd338b121,2,1,1,1538851265871,Sports,2,0.77
PP5aYNaNsy8Q3ggc4,bd007294dea1db0f5d6be7126ac20334dde483de38cacac10eca227fd338b121,3,0.1,1,1538851265875,Sports,0.020000000000000004,0.57
Lz4xXSmKtwwveaZot,bd007294dea1db0f5d6be7126ac20334dde483de38cacac10eca227fd338b121,4,0.74,1,1538851265880,Sports,0.13520000000000001,0.77
oDpM5udNd2wvtDp3S,bd007294dea1db0f5d6be7126ac20334dde483de38cacac10eca227fd338b121,5,0.7,1,1538851265881,Sports,0.9799999999999999,0.73
phunZwicpGaoKdMXu,bd007294dea1db0f5d6be7126ac20334dde483de38cacac10eca227fd338b121,6,0.25,1,1538851265882,Sports,0.125,0.575
msq38gEZAkmg9mupo,bd007294dea1db0f5d6be7126ac20334dde483de38cacac10eca227fd338b121,7,0.06,1,1538851271225,Politics,0.0072,0.315
rpZJbqjbSMr8evrq6,bd007294dea1db0f5d6be7126ac20334dde483de38cacac10eca227fd338b121,8,0.08,1,1538851271226,Politics,1.6928,0.35
i3RoeER2jR4brE5dA,bd007294dea1db0f5d6be7126ac20334dde483de38cacac10eca227fd338b121,9,0.02,1,1538851271228,Politics,8e-4,0.475
fXvaDxk2X9FjA9D58,bd007294dea1db0f5d6be7126ac20334dde483de38cacac10eca227fd338b121,10,0.02,1,1538851271229,Politics,8e-4,0.54
wesoa86krYG4FoiFk,bd007294dea1db0f5d6be7126ac20334dde483de38cacac10eca227fd338b121,11,0.1,1,1538851271231,Politics,0.020000000000000004,0.675
mue4QzT2dAxQ6myHp,bd007294dea1db0f5d6be7126ac20334dde483de38cacac10eca227fd338b121,12,0.05,1,1538851271237,Politics,0.005000000000000001,0.585
PK6XdgJnTsv3KjPD5,3c7d3b40c5ac7b55f65a86ee52b9c46d08eea179384403d37320241d3a22af1e,1,0.26,1,1538853068432,Sports,1.0952,0.43
m6z6uDjYpmpdZ6JrA,3c7d3b40c5ac7b55f65a86ee52b9c46d08eea179384403d37320241d3a22af1e,2,0.83,1,1538853068434,Sports,1.3778,0.56
4bRYn2biezSsdkn46,3c7d3b40c5ac7b55f65a86ee52b9c46d08eea179384403d37320241d3a22af1e,3,0.6,1,1538853068434,Sports,0.72,0.44
MGwadwEtn2mPQMCwt,3c7d3b40c5ac7b55f65a86ee52b9c46d08eea179384403d37320241d3a22af1e,4,0.28,1,1538853068435,Sports,1.0368,0.37
7gZvpFBa9e6eyXzPq,3c7d3b40c5ac7b55f65a86ee52b9c46d08eea179384403d37320241d3a22af1e,5,0.68,1,1538853068437,Sports,0.9248000000000002,0.525
njNZPexmoc8X49qze,3c7d3b40c5ac7b55f65a86ee52b9c46d08eea179384403d37320241d3a22af1e,6,0.15,1,1538853068437,Sports,0.045,0.305
7EJYoWSNpmPxHkThh,3c7d3b40c5ac7b55f65a86ee52b9c46d08eea179384403d37320241d3a22af1e,7,0.24,1,1538853181441,Politics,0.1152,0.37
hRhsnj877KgiikLko,3c7d3b40c5ac7b55f65a86ee52b9c46d08eea179384403d37320241d3a22af1e,8,0.17,1,1538853181442,Politics,1.3778,0.335
b2wArzTWXGFaQ5qex,3c7d3b40c5ac7b55f65a86ee52b9c46d08eea179384403d37320241d3a22af1e,9,0.31,1,1538853181443,Politics,0.1922,0.605
R82QYTK4vNmA27Q4R,3c7d3b40c5ac7b55f65a86ee52b9c46d08eea179384403d37320241d3a22af1e,10,0.66,1,1538853181444,Politics,0.8712000000000001,0.31
9jhaYv94bLbbEuQKH,3c7d3b40c5ac7b55f65a86ee52b9c46d08eea179384403d37320241d3a22af1e,11,0.75,1,1538853181446,Politics,1.125,0.4
nqbjEfxRiMRqZMyTi,3c7d3b40c5ac7b55f65a86ee52b9c46d08eea179384403d37320241d3a22af1e,12,0.34,1,1538853181446,Politics,0.23120000000000004,0.55
6F6PtkbcktDBrxjiW,d63404631a1d95e14bfaf6aba65f25c0e728e8b47048b41152dbfbc88d87407b,1,0.78,1,1538853675818,Sports,0.09679999999999998,0.675
SpHyFwqSBsWzXWP3r,d63404631a1d95e14bfaf6aba65f25c0e728e8b47048b41152dbfbc88d87407b,2,0.8,1,1538853675820,Sports,1.2800000000000002,0.67
g4iM62aNRq4Jdde3p,d63404631a1d95e14bfaf6aba65f25c0e728e8b47048b41152dbfbc88d87407b,3,0.25,1,1538853675822,Sports,0.125,0.6
jPGfguWnuqDPhYrk8,d63404631a1d95e14bfaf6aba65f25c0e728e8b47048b41152dbfbc88d87407b,4,0.74,1,1538853675823,Sports,0.13520000000000001,0.655
6rgnQET6HF5At2qxS,d63404631a1d95e14bfaf6aba65f25c0e728e8b47048b41152dbfbc88d87407b,5,0.75,1,1538853675824,Sports,1.125,0.565
T7EmDELrDqpZqiizE,d63404631a1d95e14bfaf6aba65f25c0e728e8b47048b41152dbfbc88d87407b,6,0.42,1,1538853675825,Sports,0.35279999999999995,0.735
K9bNbehDqkbGapSyq,3c7d3b40c5ac7b55f65a86ee52b9c46d08eea179384403d37320241d3a22af1e,13,0.3,1,1538853716993,Entertainment,0.18,0.615
tnGzTqjSqZZ4AqsRa,3c7d3b40c5ac7b55f65a86ee52b9c46d08eea179384403d37320241d3a22af1e,14,0.94,1,1538853716994,Entertainment,0.007200000000000013,0.54
N97PvydEkvCnc2nTb,3c7d3b40c5ac7b55f65a86ee52b9c46d08eea179384403d37320241d3a22af1e,15,0.75,1,1538853716994,Entertainment,1.125,0.545
is9wJ55DYNkMpkLSj,3c7d3b40c5ac7b55f65a86ee52b9c46d08eea179384403d37320241d3a22af1e,16,0.6,1,1538853716995,Entertainment,0.32000000000000006,0.555
gjo3HNT2HvADqtnvo,3c7d3b40c5ac7b55f65a86ee52b9c46d08eea179384403d37320241d3a22af1e,17,0.81,1,1538853716995,Entertainment,1.3122000000000003,0.455
LqvsvuT9JvhTAD6S4,3c7d3b40c5ac7b55f65a86ee52b9c46d08eea179384403d37320241d3a22af1e,18,0.48,1,1538853716996,Entertainment,0.4608,0.535
G2AKqMQf3zDGWMzaT,d63404631a1d95e14bfaf6aba65f25c0e728e8b47048b41152dbfbc88d87407b,7,0.75,1,1538853886062,Politics,1.125,0.68
RnT6XF4pu2ZdAkYdA,d63404631a1d95e14bfaf6aba65f25c0e728e8b47048b41152dbfbc88d87407b,8,0.68,1,1538853886065,Politics,0.20479999999999993,0.67
F5TQhXpNfsRZa2N3A,d63404631a1d95e14bfaf6aba65f25c0e728e8b47048b41152dbfbc88d87407b,9,0.55,1,1538853886067,Politics,0.6050000000000001,0.615
6K5j9wZYM2y2PJSxq,d63404631a1d95e14bfaf6aba65f25c0e728e8b47048b41152dbfbc88d87407b,10,0,1,1538853886069,Politics,0,0.465
hKb3Fokd5chzhDAyA,d63404631a1d95e14bfaf6aba65f25c0e728e8b47048b41152dbfbc88d87407b,11,0.02,1,1538853886071,Politics,8e-4,0.355
jKxnWRFnQ6N55v9Bu,d63404631a1d95e14bfaf6aba65f25c0e728e8b47048b41152dbfbc88d87407b,12,0.05,1,1538853886072,Politics,0.005000000000000001,0.535
gvjkNYXz3ZtSh6SRA,d63404631a1d95e14bfaf6aba65f25c0e728e8b47048b41152dbfbc88d87407b,13,0.75,1,1538854132470,Entertainment,1.125,0.6
eFETF3F4GcPpxW9Nf,d63404631a1d95e14bfaf6aba65f25c0e728e8b47048b41152dbfbc88d87407b,14,0.95,1,1538854132473,Entertainment,0.005000000000000009,0.66
xdYepnqYGZitj2Y6r,d63404631a1d95e14bfaf6aba65f25c0e728e8b47048b41152dbfbc88d87407b,15,0.01,1,1538854132475,Entertainment,2e-4,0.385
5wBmGhHfn5bu7jvhs,d63404631a1d95e14bfaf6aba65f25c0e728e8b47048b41152dbfbc88d87407b,16,0.01,1,1538854132477,Entertainment,1.9602,0.31
cPipqj6dGCL8D2y8K,d63404631a1d95e14bfaf6aba65f25c0e728e8b47048b41152dbfbc88d87407b,17,0.1,1,1538854132478,Entertainment,0.020000000000000004,0.505
3w5aeAWjwuZ3rHrtD,d63404631a1d95e14bfaf6aba65f25c0e728e8b47048b41152dbfbc88d87407b,18,0.1,1,1538854132480,Entertainment,0.020000000000000004,0.47
DRoDKj85fhDxJuZNE,ce86527273e2cfbf1752e411e9c3593088c98620201af83cd1484c188f9c25db,1,0.4,1,1538855851228,Sports,0.72,0.685
2hASQPMLEKc3wRFb3,ce86527273e2cfbf1752e411e9c3593088c98620201af83cd1484c188f9c25db,2,0.8,1,1538855851229,Sports,1.2800000000000002,0.595
YGpGYAwfWCtDxoTm9,ce86527273e2cfbf1752e411e9c3593088c98620201af83cd1484c188f9c25db,3,0.2,1,1538855851230,Sports,0.08000000000000002,0.55
NfGMzmcMeQ4ASuwmG,ce86527273e2cfbf1752e411e9c3593088c98620201af83cd1484c188f9c25db,4,0.85,1,1538855851230,Sports,0.04500000000000001,0.735
g25Dv4H5Ry7Cy5Q8k,ce86527273e2cfbf1752e411e9c3593088c98620201af83cd1484c188f9c25db,5,0.1,1,1538855851231,Sports,0.020000000000000004,0.46
MK8iTQuQwdSFncFHC,ce86527273e2cfbf1752e411e9c3593088c98620201af83cd1484c188f9c25db,6,0,1,1538855851231,Sports,0,0.32
r3JhMuJXGkY4gnLRP,ce86527273e2cfbf1752e411e9c3593088c98620201af83cd1484c188f9c25db,7,0.8,1,1538855905092,Politics,1.2800000000000002,0.63
vbzbrBEj7kposeWCS,ce86527273e2cfbf1752e411e9c3593088c98620201af83cd1484c188f9c25db,8,0.8,1,1538855905093,Politics,0.07999999999999996,0.675
7oGRGpyQ9vByTC5YN,ce86527273e2cfbf1752e411e9c3593088c98620201af83cd1484c188f9c25db,9,0,1,1538855905093,Politics,0,0.36
GcApFytvLJN33YZEz,ce86527273e2cfbf1752e411e9c3593088c98620201af83cd1484c188f9c25db,10,0.05,1,1538855905093,Politics,0.005000000000000001,0.455
sXfvpc9rkqdJyFZpq,ce86527273e2cfbf1752e411e9c3593088c98620201af83cd1484c188f9c25db,11,0,1,1538855905093,Politics,0,0.375
JLYYBXkituZZqtHsN,ce86527273e2cfbf1752e411e9c3593088c98620201af83cd1484c188f9c25db,12,0,1,1538855905094,Politics,0,0.49
qbe3Q84LsTdFsnN7W,ce86527273e2cfbf1752e411e9c3593088c98620201af83cd1484c188f9c25db,13,0.95,1,1538856002244,Entertainment,1.805,0.655
kyNzjf8GJ24MPSxCZ,ce86527273e2cfbf1752e411e9c3593088c98620201af83cd1484c188f9c25db,14,0.5,1,1538856002244,Entertainment,0.5,0.685
2efsA3MroPfYYpap5,ce86527273e2cfbf1752e411e9c3593088c98620201af83cd1484c188f9c25db,15,0.6,1,1538856002246,Entertainment,0.72,0.61
vsPC9b8QwienirZDp,ce86527273e2cfbf1752e411e9c3593088c98620201af83cd1484c188f9c25db,16,0.1,1,1538856002246,Entertainment,1.62,0.435
2SF653dKbgj4Ehp2s,ce86527273e2cfbf1752e411e9c3593088c98620201af83cd1484c188f9c25db,17,0.6,1,1538856002247,Entertainment,0.72,0.58
Ea9dXyyQanygR6r4G,ce86527273e2cfbf1752e411e9c3593088c98620201af83cd1484c188f9c25db,18,0.65,1,1538856002248,Entertainment,0.8450000000000001,0.54
Tqid6GSqCpC6xf6qL,5a75b1cfb395bc55eefc53e9b3c9522e3643f934c9db9734e3582bd0b78e240f,1,0.25,1,1538859922466,Sports,1.125,0.43
2zWguQnsvS3iYLAqP,5a75b1cfb395bc55eefc53e9b3c9522e3643f934c9db9734e3582bd0b78e240f,2,0.6,1,1538859922467,Sports,0.72,0.575
kcARsZ6venD7mQmCf,5a75b1cfb395bc55eefc53e9b3c9522e3643f934c9db9734e3582bd0b78e240f,3,0,1,1538859922467,Sports,0,0.29
R7DciiiAazpnDicoQ,5a75b1cfb395bc55eefc53e9b3c9522e3643f934c9db9734e3582bd0b78e240f,4,0.5,1,1538859922468,Sports,0.5,0.705
opmgAD2h3EpyqLixX,5a75b1cfb395bc55eefc53e9b3c9522e3643f934c9db9734e3582bd0b78e240f,5,0.1,1,1538859922468,Sports,0.020000000000000004,0.41
QTup2kKM25aPSPfhZ,5a75b1cfb395bc55eefc53e9b3c9522e3643f934c9db9734e3582bd0b78e240f,6,0.1,1,1538859922468,Sports,0.020000000000000004,0.35
tJk4oJAc7oScLaAps,5a75b1cfb395bc55eefc53e9b3c9522e3643f934c9db9734e3582bd0b78e240f,7,0.75,1,1538860022647,Politics,1.125,0.6
hWpkG4jokSkG4P76N,5a75b1cfb395bc55eefc53e9b3c9522e3643f934c9db9734e3582bd0b78e240f,8,0.75,1,1538860022648,Politics,0.125,0.605
aXM35nH4JKeSnhrxo,5a75b1cfb395bc55eefc53e9b3c9522e3643f934c9db9734e3582bd0b78e240f,9,0.5,1,1538860022648,Politics,0.5,0.55
A4yqqfzvhnBEuLBes,5a75b1cfb395bc55eefc53e9b3c9522e3643f934c9db9734e3582bd0b78e240f,10,0.5,1,1538860022648,Politics,0.5,0.505
XixtPRTu7S8LyQSSc,5a75b1cfb395bc55eefc53e9b3c9522e3643f934c9db9734e3582bd0b78e240f,11,0.5,1,1538860022648,Politics,0.5,0.53
wf84ZpDkfySt6eAmA,5a75b1cfb395bc55eefc53e9b3c9522e3643f934c9db9734e3582bd0b78e240f,12,0.66,1,1538860022649,Politics,0.8712000000000001,0.4
eJpQN3cSDYq26xt3j,66150d3bcb69ea503fad6b5fed9e93722080135c987efcdcafd7cc06c66331e8,1,0.6,1,1538860153438,Sports,0.32000000000000006,0.56
h6hXM59QvesthDLkz,66150d3bcb69ea503fad6b5fed9e93722080135c987efcdcafd7cc06c66331e8,2,0.63,1,1538860153439,Sports,0.7938000000000001,0.54
amGegrECB5tcxjQCh,66150d3bcb69ea503fad6b5fed9e93722080135c987efcdcafd7cc06c66331e8,3,0.35,1,1538860153440,Sports,0.24499999999999997,0.545
35Jci9D3aWtWXtnuq,66150d3bcb69ea503fad6b5fed9e93722080135c987efcdcafd7cc06c66331e8,4,0.4,1,1538860153440,Sports,0.72,0.625
sKxSoEo3bPjorTRe5,66150d3bcb69ea503fad6b5fed9e93722080135c987efcdcafd7cc06c66331e8,5,0.55,1,1538860153442,Sports,0.6050000000000001,0.56
TLJ23Q58HLq98kegm,66150d3bcb69ea503fad6b5fed9e93722080135c987efcdcafd7cc06c66331e8,6,0.6,1,1538860153442,Sports,0.72,0.525
eBPWwmk4EsZL4kEG7,66150d3bcb69ea503fad6b5fed9e93722080135c987efcdcafd7cc06c66331e8,7,0.6,1,1538860158176,Politics,0.72,0.525
R2gYqNeckyb2bgtys,66150d3bcb69ea503fad6b5fed9e93722080135c987efcdcafd7cc06c66331e8,8,0.42,1,1538860158177,Politics,0.6728000000000002,0.54
7CNAJsQ7Y5Nh3jY2d,66150d3bcb69ea503fad6b5fed9e93722080135c987efcdcafd7cc06c66331e8,9,0.59,1,1538860158179,Politics,0.6961999999999999,0.535
oDyjmMip9bSoFngxg,66150d3bcb69ea503fad6b5fed9e93722080135c987efcdcafd7cc06c66331e8,10,0.42,1,1538860158179,Politics,0.35279999999999995,0.415
qDY38xxdmGZTDeQLC,66150d3bcb69ea503fad6b5fed9e93722080135c987efcdcafd7cc06c66331e8,11,0.61,1,1538860158181,Politics,0.7442,0.375
tLcerJwGJBiXjpLxu,66150d3bcb69ea503fad6b5fed9e93722080135c987efcdcafd7cc06c66331e8,12,0.43,1,1538860158182,Politics,0.36979999999999996,0.365
2aoYZGKHNbaFhyWEG,66150d3bcb69ea503fad6b5fed9e93722080135c987efcdcafd7cc06c66331e8,13,0.59,1,1538860162758,Entertainment,0.6961999999999999,0.5
SWDE64yEABdguukqx,66150d3bcb69ea503fad6b5fed9e93722080135c987efcdcafd7cc06c66331e8,14,0.62,1,1538860162759,Entertainment,0.2888,0.515
YkCj9HnY2Q8gazjF6,66150d3bcb69ea503fad6b5fed9e93722080135c987efcdcafd7cc06c66331e8,15,0.43,1,1538860162761,Entertainment,0.36979999999999996,0.535
ZgbSDRzWQHnBs2Yrg,66150d3bcb69ea503fad6b5fed9e93722080135c987efcdcafd7cc06c66331e8,16,0.42,1,1538860162762,Entertainment,0.6728000000000002,0.545
K72owuhQWqs4BdEM2,66150d3bcb69ea503fad6b5fed9e93722080135c987efcdcafd7cc06c66331e8,17,0.61,1,1538860162763,Entertainment,0.7442,0.475
X9WkFgWb6MQ6FkhAC,66150d3bcb69ea503fad6b5fed9e93722080135c987efcdcafd7cc06c66331e8,18,0.41,1,1538860162764,Entertainment,0.33619999999999994,0.48
WhWxnHJZJNYm2thm8,5a75b1cfb395bc55eefc53e9b3c9522e3643f934c9db9734e3582bd0b78e240f,13,0.01,1,1538860169188,Entertainment,2e-4,0.275
5DpiBXR8Fv8kver3m,5a75b1cfb395bc55eefc53e9b3c9522e3643f934c9db9734e3582bd0b78e240f,14,1,1,1538860169188,Entertainment,0,0.635
QFHf44SfiXxBt2du4,5a75b1cfb395bc55eefc53e9b3c9522e3643f934c9db9734e3582bd0b78e240f,15,0.5,1,1538860169189,Entertainment,0.5,0.625
kDZbvxn5BTR97wCL3,5a75b1cfb395bc55eefc53e9b3c9522e3643f934c9db9734e3582bd0b78e240f,16,0,1,1538860169189,Entertainment,2,0.26
BQRZoxyqFfdBa2PKd,5a75b1cfb395bc55eefc53e9b3c9522e3643f934c9db9734e3582bd0b78e240f,17,0.37,1,1538860169189,Entertainment,0.2738,0.685
hganbEJqdx4TSziXv,5a75b1cfb395bc55eefc53e9b3c9522e3643f934c9db9734e3582bd0b78e240f,18,0.25,1,1538860169190,Entertainment,0.125,0.49
3xBKEm4nTsT3tNcmF,ef3076cc78c6ad1a9f507b1c4e90cf41b08a6f1c6e9fb436c31a8e1af76dbf13,1,0.5,1,1538860391338,Sports,0.5,0.66
KWCSL36bdBoGkBgcY,ef3076cc78c6ad1a9f507b1c4e90cf41b08a6f1c6e9fb436c31a8e1af76dbf13,2,0.2,1,1538860391343,Sports,0.08000000000000002,0.375
cj9uYRXPeyRxWMjfq,ef3076cc78c6ad1a9f507b1c4e90cf41b08a6f1c6e9fb436c31a8e1af76dbf13,3,0.4,1,1538860391345,Sports,0.32000000000000006,0.59
nRfoxig5PN3nBJDMt,ef3076cc78c6ad1a9f507b1c4e90cf41b08a6f1c6e9fb436c31a8e1af76dbf13,4,1,1,1538860391346,Sports,0,0.675
oN3rcQ8zngwx7wSwz,ef3076cc78c6ad1a9f507b1c4e90cf41b08a6f1c6e9fb436c31a8e1af76dbf13,5,1,1,1538860391348,Sports,2,0.58
Zb7BoMNQ7FvptzHPR,ef3076cc78c6ad1a9f507b1c4e90cf41b08a6f1c6e9fb436c31a8e1af76dbf13,6,0.2,1,1538860391350,Sports,0.08000000000000002,0.52
Sezo63puk2sRa4j7w,ef3076cc78c6ad1a9f507b1c4e90cf41b08a6f1c6e9fb436c31a8e1af76dbf13,7,0.5,1,1538860604750,Politics,0.5,0.7
oCiHrsnfFYqoWPRGp,ef3076cc78c6ad1a9f507b1c4e90cf41b08a6f1c6e9fb436c31a8e1af76dbf13,8,0.2,1,1538860604764,Politics,1.2800000000000002,0.45
Qq6Xz7MzpXYpYahiR,ef3076cc78c6ad1a9f507b1c4e90cf41b08a6f1c6e9fb436c31a8e1af76dbf13,9,0,1,1538860604766,Politics,0,0.365
BR7Dhf3oHRPNRNHuD,ef3076cc78c6ad1a9f507b1c4e90cf41b08a6f1c6e9fb436c31a8e1af76dbf13,10,0,1,1538860604768,Politics,0,0.395
DK2qYzp3WDqyen9pN,ef3076cc78c6ad1a9f507b1c4e90cf41b08a6f1c6e9fb436c31a8e1af76dbf13,11,0.3,1,1538860604770,Politics,0.18,0.675
vXP9sQyfiT3wtKP3x,ef3076cc78c6ad1a9f507b1c4e90cf41b08a6f1c6e9fb436c31a8e1af76dbf13,12,0,1,1538860604771,Politics,0,0.495
9bTwW96NK47rR7TMQ,ef3076cc78c6ad1a9f507b1c4e90cf41b08a6f1c6e9fb436c31a8e1af76dbf13,13,0.95,1,1538860836079,Entertainment,1.805,0.6
hzcFN5WWHz9E6JT2D,ef3076cc78c6ad1a9f507b1c4e90cf41b08a6f1c6e9fb436c31a8e1af76dbf13,14,0.1,1,1538860836092,Entertainment,1.62,0.395
zYXBAchdSCNJeZupg,ef3076cc78c6ad1a9f507b1c4e90cf41b08a6f1c6e9fb436c31a8e1af76dbf13,15,0.71,1,1538860836093,Entertainment,1.0082,0.625
rnTKGHFTdYcmvGGc6,ef3076cc78c6ad1a9f507b1c4e90cf41b08a6f1c6e9fb436c31a8e1af76dbf13,16,0,1,1538860836095,Entertainment,2,0.28
S7N878mYr22uJgZzA,ef3076cc78c6ad1a9f507b1c4e90cf41b08a6f1c6e9fb436c31a8e1af76dbf13,17,0.2,1,1538860836096,Entertainment,0.08000000000000002,0.51
ZXY24WdT5cA9EDZ7w,ef3076cc78c6ad1a9f507b1c4e90cf41b08a6f1c6e9fb436c31a8e1af76dbf13,18,0.15,1,1538860836097,Entertainment,0.045,0.45
zDoZrGqyygZrHTR9B,d8ddd146447a371defbb3e270edbbeff163fb5ae0438a63c80d6abe44ceb6d9f,1,0.66,1,1538861668325,Sports,0.23119999999999996,0.585
hHR5hg5HfZpdj44QE,d8ddd146447a371defbb3e270edbbeff163fb5ae0438a63c80d6abe44ceb6d9f,2,0.76,1,1538861668326,Sports,1.1552,0.55
XXAz9Z7hWNKe2ub3B,d8ddd146447a371defbb3e270edbbeff163fb5ae0438a63c80d6abe44ceb6d9f,3,0.54,1,1538861668327,Sports,0.5832,0.515
eTvEiSMdYxXeRHbXS,d8ddd146447a371defbb3e270edbbeff163fb5ae0438a63c80d6abe44ceb6d9f,4,0.79,1,1538861668327,Sports,0.08819999999999997,0.6
pyYQhZj7isa5tPK4y,d8ddd146447a371defbb3e270edbbeff163fb5ae0438a63c80d6abe44ceb6d9f,5,0.33,1,1538861668328,Sports,0.21780000000000002,0.625
2CCTFfHujDFfjj6TN,d8ddd146447a371defbb3e270edbbeff163fb5ae0438a63c80d6abe44ceb6d9f,6,0.29,1,1538861668329,Sports,0.1682,0.445
55Xni8PBo7tCghiEF,d8ddd146447a371defbb3e270edbbeff163fb5ae0438a63c80d6abe44ceb6d9f,7,0.68,1,1538861753501,Politics,0.9248000000000002,0.615
aWSyrqXxPLcejqAA3,d8ddd146447a371defbb3e270edbbeff163fb5ae0438a63c80d6abe44ceb6d9f,8,0.57,1,1538861753502,Politics,0.3698000000000001,0.61
RMfHzcapqspLHbmBu,d8ddd146447a371defbb3e270edbbeff163fb5ae0438a63c80d6abe44ceb6d9f,9,0.56,1,1538861753502,Politics,0.6272000000000001,0.51
9ZFJ6QGFNbzZhXX9L,d8ddd146447a371defbb3e270edbbeff163fb5ae0438a63c80d6abe44ceb6d9f,10,0.17,1,1538861753503,Politics,0.05780000000000001,0.435
nX6A6XgwTczmyJtfL,d8ddd146447a371defbb3e270edbbeff163fb5ae0438a63c80d6abe44ceb6d9f,11,0.56,1,1538861753504,Politics,0.6272000000000001,0.48
hWvSJ7kzsn3DAqyhA,d8ddd146447a371defbb3e270edbbeff163fb5ae0438a63c80d6abe44ceb6d9f,12,0.61,1,1538861753504,Politics,0.7442,0.355
zLoT2PCwCraZa4tNA,d8ddd146447a371defbb3e270edbbeff163fb5ae0438a63c80d6abe44ceb6d9f,13,0.67,1,1538861814407,Entertainment,0.8978000000000002,0.47
y9nhE6GyRNBd6gdTL,d8ddd146447a371defbb3e270edbbeff163fb5ae0438a63c80d6abe44ceb6d9f,14,0.58,1,1538861814408,Entertainment,0.35280000000000006,0.595
i9xTXh9DGewSaHtKL,d8ddd146447a371defbb3e270edbbeff163fb5ae0438a63c80d6abe44ceb6d9f,15,0.61,1,1538861814408,Entertainment,0.7442,0.47
eipcRkFhsdwR6TzBN,d8ddd146447a371defbb3e270edbbeff163fb5ae0438a63c80d6abe44ceb6d9f,16,0.72,1,1538861814410,Entertainment,0.15680000000000002,0.52
Y4TzAEXcTdq33QBXB,d8ddd146447a371defbb3e270edbbeff163fb5ae0438a63c80d6abe44ceb6d9f,17,0.72,1,1538861814410,Entertainment,1.0368,0.475
rtEPfgt2gpRwhZHPm,d8ddd146447a371defbb3e270edbbeff163fb5ae0438a63c80d6abe44ceb6d9f,18,0.28,1,1538861814410,Entertainment,0.15680000000000002,0.495
m32cdYYYmkZyxW7Zm,7294b1c2f5aa60f9dd471ff27a62dda9a7f1038e2383b610613cb775d20d37a0,1,0.74,1,1538862866097,Sports,0.13520000000000001,0.63
BWqti4JBRB27KcooM,7294b1c2f5aa60f9dd471ff27a62dda9a7f1038e2383b610613cb775d20d37a0,2,0.35,1,1538862866098,Sports,0.24499999999999997,0.715
2TJAAHqMtLtna43r3,7294b1c2f5aa60f9dd471ff27a62dda9a7f1038e2383b610613cb775d20d37a0,3,0.02,1,1538862866098,Sports,8e-4,0.25
bBpK3HMw8hcbSuJHi,7294b1c2f5aa60f9dd471ff27a62dda9a7f1038e2383b610613cb775d20d37a0,4,0.63,1,1538862866098,Sports,0.2738,0.665
Ms6Hh6jkkWhHp9mys,7294b1c2f5aa60f9dd471ff27a62dda9a7f1038e2383b610613cb775d20d37a0,5,0.14,1,1538862866099,Sports,0.039200000000000006,0.445
fwmYfZ2zjygwWqCcB,7294b1c2f5aa60f9dd471ff27a62dda9a7f1038e2383b610613cb775d20d37a0,6,0.29,1,1538862866099,Sports,0.1682,0.465
xkqYGrYSPmoxDZ8F4,7294b1c2f5aa60f9dd471ff27a62dda9a7f1038e2383b610613cb775d20d37a0,7,0.85,1,1538862893327,Politics,1.4449999999999998,0.61
HaA7seRToBWAfmM3D,7294b1c2f5aa60f9dd471ff27a62dda9a7f1038e2383b610613cb775d20d37a0,8,0.65,1,1538862893327,Politics,0.24499999999999997,0.51
tsrbjjfdtk27Sy7Cd,7294b1c2f5aa60f9dd471ff27a62dda9a7f1038e2383b610613cb775d20d37a0,9,0.28,1,1538862893328,Politics,0.15680000000000002,0.46
qoqBtgtKK9L6CGT2u,7294b1c2f5aa60f9dd471ff27a62dda9a7f1038e2383b610613cb775d20d37a0,10,0.16,1,1538862893328,Politics,0.0512,0.515
fP7gTn7qRHiGwnm5s,7294b1c2f5aa60f9dd471ff27a62dda9a7f1038e2383b610613cb775d20d37a0,11,0.64,1,1538862893328,Politics,0.8192,0.365
noX7dQGibtJqQTcCD,7294b1c2f5aa60f9dd471ff27a62dda9a7f1038e2383b610613cb775d20d37a0,12,0.89,1,1538862893328,Politics,1.5842,0.47
t3WbENpWyoYdJxcfW,7294b1c2f5aa60f9dd471ff27a62dda9a7f1038e2383b610613cb775d20d37a0,13,0.82,1,1538862915568,Entertainment,1.3447999999999998,0.55
y5C8yqWsPAvetEZ5o,7294b1c2f5aa60f9dd471ff27a62dda9a7f1038e2383b610613cb775d20d37a0,14,0.69,1,1538862915568,Entertainment,0.19220000000000007,0.59
SZ9ArhTZSxNnayznK,7294b1c2f5aa60f9dd471ff27a62dda9a7f1038e2383b610613cb775d20d37a0,15,0.3,1,1538862915568,Entertainment,0.18,0.65
p8MXdMYCuvYBHpp9J,7294b1c2f5aa60f9dd471ff27a62dda9a7f1038e2383b610613cb775d20d37a0,16,0.68,1,1538862915570,Entertainment,0.20479999999999993,0.56
g2LNzdCssP23EBakJ,7294b1c2f5aa60f9dd471ff27a62dda9a7f1038e2383b610613cb775d20d37a0,17,0.87,1,1538862915570,Entertainment,1.5138,0.525
5A4naRFMjAf9AzEPT,7294b1c2f5aa60f9dd471ff27a62dda9a7f1038e2383b610613cb775d20d37a0,18,0.62,1,1538862915570,Entertainment,0.7688,0.58
bgwY2sfAeB4etnJRP,cbb7a4982d6aff70abd7a913726db5a8ebabc02fae5127f3f5d1ddb997eeb049,1,0.31,1,1538865653083,Sports,0.9521999999999998,0.7
d2ihCGoviQLnTJh9s,cbb7a4982d6aff70abd7a913726db5a8ebabc02fae5127f3f5d1ddb997eeb049,2,0.25,1,1538865653084,Sports,0.125,0.33
qstunx26yRJzyqeid,cbb7a4982d6aff70abd7a913726db5a8ebabc02fae5127f3f5d1ddb997eeb049,3,0.29,1,1538865653085,Sports,0.1682,0.48
wyswoJZ5SSiWjLwYZ,cbb7a4982d6aff70abd7a913726db5a8ebabc02fae5127f3f5d1ddb997eeb049,4,0.87,1,1538865653085,Sports,0.033800000000000004,0.65
LhiqcfpbrxkjGdjRp,cbb7a4982d6aff70abd7a913726db5a8ebabc02fae5127f3f5d1ddb997eeb049,5,0.34,1,1538865653085,Sports,0.23120000000000004,0.615
PKJPW6xsEscaYkods,cbb7a4982d6aff70abd7a913726db5a8ebabc02fae5127f3f5d1ddb997eeb049,6,0.88,1,1538865653085,Sports,1.5488,0.545
2eRJmton6MG4s2dWL,cbb7a4982d6aff70abd7a913726db5a8ebabc02fae5127f3f5d1ddb997eeb049,7,0.39,1,1538865853279,Politics,0.3042,0.65
8oPrxYt7xA97HoWPy,cbb7a4982d6aff70abd7a913726db5a8ebabc02fae5127f3f5d1ddb997eeb049,8,0.6,1,1538865853279,Politics,0.32000000000000006,0.56
eWWdNcAYa64Lz48uC,cbb7a4982d6aff70abd7a913726db5a8ebabc02fae5127f3f5d1ddb997eeb049,9,0.53,1,1538865853280,Politics,0.5618000000000001,0.57
jeNB9H3ZsrAnQZjPH,cbb7a4982d6aff70abd7a913726db5a8ebabc02fae5127f3f5d1ddb997eeb049,10,0.01,1,1538865853281,Politics,2e-4,0.345
jRkATcsFWCJ6gYnKH,cbb7a4982d6aff70abd7a913726db5a8ebabc02fae5127f3f5d1ddb997eeb049,11,0.24,1,1538865853281,Politics,0.1152,0.435
WaiujrNsZ5oYPd9GN,cbb7a4982d6aff70abd7a913726db5a8ebabc02fae5127f3f5d1ddb997eeb049,12,0.09,1,1538865853282,Politics,0.0162,0.445
W6b39uiLA6HmgsvEe,cbb7a4982d6aff70abd7a913726db5a8ebabc02fae5127f3f5d1ddb997eeb049,13,0.38,1,1538865996326,Entertainment,0.2888,0.615
D4uuYuGimri7k9Ydi,cbb7a4982d6aff70abd7a913726db5a8ebabc02fae5127f3f5d1ddb997eeb049,14,0.72,1,1538865996327,Entertainment,0.15680000000000002,0.61
dEJAFAewzhjZiYZty,cbb7a4982d6aff70abd7a913726db5a8ebabc02fae5127f3f5d1ddb997eeb049,15,0.17,1,1538865996327,Entertainment,0.05780000000000001,0.375
fFnPjBbur93Es95yw,cbb7a4982d6aff70abd7a913726db5a8ebabc02fae5127f3f5d1ddb997eeb049,16,0.54,1,1538865996328,Entertainment,0.4231999999999999,0.57
fLCfcTeZGNN4mTi4x,cbb7a4982d6aff70abd7a913726db5a8ebabc02fae5127f3f5d1ddb997eeb049,17,0.9,1,1538865996328,Entertainment,1.62,0.49
8hBHe6iiPP9wQmGRY,cbb7a4982d6aff70abd7a913726db5a8ebabc02fae5127f3f5d1ddb997eeb049,18,0.49,1,1538865996328,Entertainment,0.48019999999999996,0.575
9d6w4wNTPbZ4KY9QJ,904acee4c742d39f23df235c1188e938858e75f74c8c4cadffd9c1b6ab263f3c,1,0.69,1,1538865910500,Sports,0.19220000000000007,0.57
fGQXMoBqov3iF2dmp,904acee4c742d39f23df235c1188e938858e75f74c8c4cadffd9c1b6ab263f3c,2,0.26,1,1538865910502,Sports,0.13520000000000001,0.365
8iEfumvoxrtvoySsc,904acee4c742d39f23df235c1188e938858e75f74c8c4cadffd9c1b6ab263f3c,3,0.36,1,1538865910503,Sports,0.2592,0.56
RbAL3vquFgRCEdrwM,904acee4c742d39f23df235c1188e938858e75f74c8c4cadffd9c1b6ab263f3c,4,0.59,1,1538865910505,Sports,0.33620000000000005,0.625
p25PYit3cibwgLpPX,904acee4c742d39f23df235c1188e938858e75f74c8c4cadffd9c1b6ab263f3c,5,0.73,1,1538865910506,Sports,1.0657999999999999,0.47
gb9iSMTuwQt2wEcbE,904acee4c742d39f23df235c1188e938858e75f74c8c4cadffd9c1b6ab263f3c,6,0.6,1,1538865910507,Sports,0.72,0.54
J6zx9NWHbJFjnWLkv,904acee4c742d39f23df235c1188e938858e75f74c8c4cadffd9c1b6ab263f3c,7,0.8,1,1538866019653,Politics,1.2800000000000002,0.56
Y7Sc2hsxdA9b3WvXb,904acee4c742d39f23df235c1188e938858e75f74c8c4cadffd9c1b6ab263f3c,8,0.44,1,1538866019655,Politics,0.6272000000000001,0.56
F6StCp39ZjyLPQ5dD,904acee4c742d39f23df235c1188e938858e75f74c8c4cadffd9c1b6ab263f3c,9,0.38,1,1538866019656,Politics,0.2888,0.625
LwAdFZ3YDfBnpG5QY,904acee4c742d39f23df235c1188e938858e75f74c8c4cadffd9c1b6ab263f3c,10,0.15,1,1538866019657,Politics,0.045,0.525
nTEqc2gFZ2r4X5x2J,904acee4c742d39f23df235c1188e938858e75f74c8c4cadffd9c1b6ab263f3c,11,0.19,1,1538866019659,Politics,0.0722,0.5
HfLe8BKMjx4yCdPmP,904acee4c742d39f23df235c1188e938858e75f74c8c4cadffd9c1b6ab263f3c,12,0.18,1,1538866019660,Politics,0.0648,0.515
zZtcsdmWK4X6W6tH6,904acee4c742d39f23df235c1188e938858e75f74c8c4cadffd9c1b6ab263f3c,13,0.89,1,1538866333029,Entertainment,1.5842,0.57
29fnhkmnYfGcKuMY3,904acee4c742d39f23df235c1188e938858e75f74c8c4cadffd9c1b6ab263f3c,14,0.75,1,1538866333032,Entertainment,0.125,0.62
TsGX6pa7EXfXT2f8p,904acee4c742d39f23df235c1188e938858e75f74c8c4cadffd9c1b6ab263f3c,15,0.14,1,1538866333034,Entertainment,0.039200000000000006,0.335
voZi3HNnyMCs6xaoM,904acee4c742d39f23df235c1188e938858e75f74c8c4cadffd9c1b6ab263f3c,16,0.32,1,1538866333036,Entertainment,0.9247999999999998,0.61
HdHsqpRrejrG8DYP8,904acee4c742d39f23df235c1188e938858e75f74c8c4cadffd9c1b6ab263f3c,17,0.37,1,1538866333037,Entertainment,0.2738,0.535
s6D4w63KChT8tqzNX,904acee4c742d39f23df235c1188e938858e75f74c8c4cadffd9c1b6ab263f3c,18,0.59,1,1538866333039,Entertainment,0.6961999999999999,0.54
RRyonJFxPzty7FLRo,92d1dc72c24410aa36dbf51380c2c90c2964bb88923443311e09dc9d09d87a6e,1,0.34,1,1538866721265,Sports,0.8711999999999998,0.68
7Yw5uFibEBet99QN5,92d1dc72c24410aa36dbf51380c2c90c2964bb88923443311e09dc9d09d87a6e,2,0.86,1,1538866721265,Sports,1.4791999999999998,0.63
CK5uNpA5ZnBLgWMdB,92d1dc72c24410aa36dbf51380c2c90c2964bb88923443311e09dc9d09d87a6e,3,0.43,1,1538866721266,Sports,0.36979999999999996,0.59
5RegdRtEyDmGDNCar,92d1dc72c24410aa36dbf51380c2c90c2964bb88923443311e09dc9d09d87a6e,4,0.42,1,1538866721267,Sports,0.6728000000000002,0.735
hrrk4n8M6kf92pphz,92d1dc72c24410aa36dbf51380c2c90c2964bb88923443311e09dc9d09d87a6e,5,0.65,1,1538866721270,Sports,0.8450000000000001,0.575
oNpPS6rtfXRFo5ZFW,92d1dc72c24410aa36dbf51380c2c90c2964bb88923443311e09dc9d09d87a6e,6,0.13,1,1538866721271,Sports,0.033800000000000004,0.44
yB2AqSBjZH8tPin8K,92d1dc72c24410aa36dbf51380c2c90c2964bb88923443311e09dc9d09d87a6e,7,1,1,1538866727286,Politics,2,0.655
o4HbR2szMrAdSrmyc,92d1dc72c24410aa36dbf51380c2c90c2964bb88923443311e09dc9d09d87a6e,8,0.91,1,1538866727287,Politics,0.01619999999999999,0.63
yx6AAdLT9jKijxLsf,92d1dc72c24410aa36dbf51380c2c90c2964bb88923443311e09dc9d09d87a6e,9,0.67,1,1538866727287,Politics,0.8978000000000002,0.53
7s9BxRnz7m9P7M6EF,92d1dc72c24410aa36dbf51380c2c90c2964bb88923443311e09dc9d09d87a6e,10,0.34,1,1538866727287,Politics,0.23120000000000004,0.645
wkYFZk4Mn8SQcvJhv,92d1dc72c24410aa36dbf51380c2c90c2964bb88923443311e09dc9d09d87a6e,11,0.03,1,1538866727287,Politics,0.0018,0.335
mJamqHtkpEsLsEDRu,92d1dc72c24410aa36dbf51380c2c90c2964bb88923443311e09dc9d09d87a6e,12,0.02,1,1538866727288,Politics,8e-4,0.475
G5PcgFFfKynnLZGXK,92d1dc72c24410aa36dbf51380c2c90c2964bb88923443311e09dc9d09d87a6e,13,0,1,1538866733245,Entertainment,0,0.305
nsBxLJoQ4YjA9gg4h,92d1dc72c24410aa36dbf51380c2c90c2964bb88923443311e09dc9d09d87a6e,14,0.98,1,1538866733245,Entertainment,8.000000000000014e-4,0.605
6NFY9esraHncFYgnq,92d1dc72c24410aa36dbf51380c2c90c2964bb88923443311e09dc9d09d87a6e,15,0.07,1,1538866733246,Entertainment,0.009800000000000001,0.335
9nY6ryekNwsZWCcaG,92d1dc72c24410aa36dbf51380c2c90c2964bb88923443311e09dc9d09d87a6e,16,0.92,1,1538866733246,Entertainment,0.012799999999999987,0.61
krEEhxQBgvsMdK5cY,92d1dc72c24410aa36dbf51380c2c90c2964bb88923443311e09dc9d09d87a6e,17,0.8,1,1538866733247,Entertainment,1.2800000000000002,0.58
gALswKY8TKKoYMMPp,92d1dc72c24410aa36dbf51380c2c90c2964bb88923443311e09dc9d09d87a6e,18,0.09,1,1538866733247,Entertainment,0.0162,0.335
wjDKJaaA9Z5wHgmk5,113146fd3f5432c5288b8044afe784b32239fae762f328e9de448712241c753e,1,0.25,1,1538866967573,Sports,1.125,0.5
faraSvL6Y53wwQ5S2,113146fd3f5432c5288b8044afe784b32239fae762f328e9de448712241c753e,2,0.75,1,1538866967575,Sports,1.125,0.665
BdNym2CmYbRKrRgvR,113146fd3f5432c5288b8044afe784b32239fae762f328e9de448712241c753e,3,0.1,1,1538866967576,Sports,0.020000000000000004,0.59
QCcTzgNb7qPSynFdb,113146fd3f5432c5288b8044afe784b32239fae762f328e9de448712241c753e,4,0.8,1,1538866967578,Sports,0.07999999999999996,0.685
HAec3CutTmYHh3q49,113146fd3f5432c5288b8044afe784b32239fae762f328e9de448712241c753e,5,0.05,1,1538866967578,Sports,0.005000000000000001,0.285
2iX92yYJEXfkCZSRD,113146fd3f5432c5288b8044afe784b32239fae762f328e9de448712241c753e,6,0.65,1,1538866967579,Sports,0.8450000000000001,0.645
GWPG2JdMDWnrREddR,113146fd3f5432c5288b8044afe784b32239fae762f328e9de448712241c753e,7,0.35,1,1538867052908,Politics,0.24499999999999997,0.71
8pmuE6XyLKzCze3p9,113146fd3f5432c5288b8044afe784b32239fae762f328e9de448712241c753e,8,0.25,1,1538867052909,Politics,1.125,0.39
AHJRuRpDRpSvBgnP2,113146fd3f5432c5288b8044afe784b32239fae762f328e9de448712241c753e,9,0.2,1,1538867052910,Politics,0.08000000000000002,0.55
F8mpp7Ybs5upQxi4G,113146fd3f5432c5288b8044afe784b32239fae762f328e9de448712241c753e,10,0,1,1538867052910,Politics,0,0.465
WRy6AodJoPt95AxzS,113146fd3f5432c5288b8044afe784b32239fae762f328e9de448712241c753e,11,0,1,1538867052911,Politics,0,0.34
XstXgDNkoRhbxrJaj,113146fd3f5432c5288b8044afe784b32239fae762f328e9de448712241c753e,12,0,1,1538867052912,Politics,0,0.47
kxucnX6Msx8FobL59,113146fd3f5432c5288b8044afe784b32239fae762f328e9de448712241c753e,13,0.6,1,1538867107078,Entertainment,0.72,0.62
HvzpNtykm6SH2StJC,113146fd3f5432c5288b8044afe784b32239fae762f328e9de448712241c753e,14,0.35,1,1538867107079,Entertainment,0.8450000000000001,0.745
rRGbaQRhoa2tW8rmH,113146fd3f5432c5288b8044afe784b32239fae762f328e9de448712241c753e,15,0.85,1,1538867107080,Entertainment,1.4449999999999998,0.62
hkbQYtML6eqpAxz9j,113146fd3f5432c5288b8044afe784b32239fae762f328e9de448712241c753e,16,0.2,1,1538867107081,Entertainment,1.2800000000000002,0.45
pDdiaehZjxvc2sQL2,113146fd3f5432c5288b8044afe784b32239fae762f328e9de448712241c753e,17,0.1,1,1538867107081,Entertainment,0.020000000000000004,0.465
MuFMDM3BJGEcbj3Lm,113146fd3f5432c5288b8044afe784b32239fae762f328e9de448712241c753e,18,0.15,1,1538867107082,Entertainment,0.045,0.51
HNtcnBHRpgz4nix98,361dd3028da3dfe98e379034858959c79ae03a4b3232984fa78d9e3b453fc2bc,1,0.76,1,1538869469914,Sports,0.1152,0.605
2NBLh68FTs5qjSwhN,361dd3028da3dfe98e379034858959c79ae03a4b3232984fa78d9e3b453fc2bc,2,0.33,1,1538869469915,Sports,0.21780000000000002,0.74
6m9PG23dJz5M4FxFa,361dd3028da3dfe98e379034858959c79ae03a4b3232984fa78d9e3b453fc2bc,3,0.4,1,1538869469916,Sports,0.32000000000000006,0.575
mKtHYtrorNBrdvuau,361dd3028da3dfe98e379034858959c79ae03a4b3232984fa78d9e3b453fc2bc,4,0.66,1,1538869469916,Sports,0.23119999999999996,0.645
6rDXkqtiv3KipwyQq,361dd3028da3dfe98e379034858959c79ae03a4b3232984fa78d9e3b453fc2bc,5,0.1,1,1538869469916,Sports,0.020000000000000004,0.415
XAjwaKJZYrSZzejp4,361dd3028da3dfe98e379034858959c79ae03a4b3232984fa78d9e3b453fc2bc,6,0.38,1,1538869469917,Sports,0.2888,0.68
6zxw3KEHKy4pEWAnJ,361dd3028da3dfe98e379034858959c79ae03a4b3232984fa78d9e3b453fc2bc,7,0.47,1,1538869516663,Politics,0.44179999999999997,0.645
WJeeQKAQax32avnnQ,361dd3028da3dfe98e379034858959c79ae03a4b3232984fa78d9e3b453fc2bc,8,0.19,1,1538869516663,Politics,1.3122000000000003,0.45
Pzr7xTzkfNFy9Ydks,361dd3028da3dfe98e379034858959c79ae03a4b3232984fa78d9e3b453fc2bc,9,0.17,1,1538869516663,Politics,0.05780000000000001,0.455
q6bnCjqcKt9XspN5b,361dd3028da3dfe98e379034858959c79ae03a4b3232984fa78d9e3b453fc2bc,10,0.01,1,1538869516664,Politics,2e-4,0.46
Cs9Edcfcmfid6NJTG,361dd3028da3dfe98e379034858959c79ae03a4b3232984fa78d9e3b453fc2bc,11,0.06,1,1538869516665,Politics,0.0072,0.325
3v7E3TirjKKHdu7gd,361dd3028da3dfe98e379034858959c79ae03a4b3232984fa78d9e3b453fc2bc,12,0.1,1,1538869516665,Politics,0.020000000000000004,0.635
nk7qPSezsAwqsqhke,361dd3028da3dfe98e379034858959c79ae03a4b3232984fa78d9e3b453fc2bc,13,0.64,1,1538869596976,Entertainment,0.8192,0.53
7sgakB4veH5TnuftF,361dd3028da3dfe98e379034858959c79ae03a4b3232984fa78d9e3b453fc2bc,14,0.01,1,1538869596977,Entertainment,1.9602,0.23
fQxa6x5XxogzrFzCA,361dd3028da3dfe98e379034858959c79ae03a4b3232984fa78d9e3b453fc2bc,15,0.42,1,1538869596977,Entertainment,0.35279999999999995,0.635
NLdShe6objKEmNMDh,361dd3028da3dfe98e379034858959c79ae03a4b3232984fa78d9e3b453fc2bc,16,0.45,1,1538869596977,Entertainment,0.6050000000000001,0.585
PBB3Sa6SRTnA4zQ5S,361dd3028da3dfe98e379034858959c79ae03a4b3232984fa78d9e3b453fc2bc,17,0.1,1,1538869596977,Entertainment,0.020000000000000004,0.445
ad2yfGZAc8HvcmmHB,361dd3028da3dfe98e379034858959c79ae03a4b3232984fa78d9e3b453fc2bc,18,0.49,1,1538869596977,Entertainment,0.48019999999999996,0.59
ooxXZ45DYSPrrqXxz,668e3781f282a18922c3f85985932e7c4a6eb200904d5f398761677bb482efb1,1,0.21,1,1538872440505,Sports,1.2482000000000002,0.4
eh7xqLHhi9wg55Ccp,668e3781f282a18922c3f85985932e7c4a6eb200904d5f398761677bb482efb1,2,0.88,1,1538872440570,Sports,1.5488,0.595
93NDLmnqES7Y8HHYj,668e3781f282a18922c3f85985932e7c4a6eb200904d5f398761677bb482efb1,3,0.66,1,1538872440574,Sports,0.8712000000000001,0.445
LJ2Ent8bnQ7sGevJ5,668e3781f282a18922c3f85985932e7c4a6eb200904d5f398761677bb482efb1,4,0.26,1,1538872440576,Sports,1.0952,0.365
TrHJKcm5GtxeAmH2k,668e3781f282a18922c3f85985932e7c4a6eb200904d5f398761677bb482efb1,5,0.32,1,1538872440580,Sports,0.2048,0.62
Xs2LJ4kvdToZ2686u,668e3781f282a18922c3f85985932e7c4a6eb200904d5f398761677bb482efb1,6,0.53,1,1538872440583,Sports,0.5618000000000001,0.575
HYbw45p2Lh3gcAjmE,668e3781f282a18922c3f85985932e7c4a6eb200904d5f398761677bb482efb1,7,0.96,1,1538872578304,Politics,1.8432,0.525
N5EzFzqrKFYpZXMPz,668e3781f282a18922c3f85985932e7c4a6eb200904d5f398761677bb482efb1,8,0.74,1,1538872578335,Politics,0.13520000000000001,0.54
dnA8wce2p6Fu7gTAa,668e3781f282a18922c3f85985932e7c4a6eb200904d5f398761677bb482efb1,9,0.11,1,1538872578339,Politics,0.0242,0.39
yxSPZR5jJDiL9Mmgj,668e3781f282a18922c3f85985932e7c4a6eb200904d5f398761677bb482efb1,10,0.24,1,1538872578343,Politics,0.1152,0.435
h7rMEp2uXs9LgQ8Rc,668e3781f282a18922c3f85985932e7c4a6eb200904d5f398761677bb482efb1,11,0.54,1,1538872578346,Politics,0.5832,0.515
kTxDmf78cRr6akDwa,668e3781f282a18922c3f85985932e7c4a6eb200904d5f398761677bb482efb1,12,0.31,1,1538872578349,Politics,0.1922,0.48
jGwSktLzaYNNJDNkk,668e3781f282a18922c3f85985932e7c4a6eb200904d5f398761677bb482efb1,13,0.88,1,1538872719466,Entertainment,1.5488,0.495
8nkCkHMR7mf7uFKdF,668e3781f282a18922c3f85985932e7c4a6eb200904d5f398761677bb482efb1,14,0.92,1,1538872719494,Entertainment,0.012799999999999987,0.54
b3jtz69DLFR6M9ZkB,668e3781f282a18922c3f85985932e7c4a6eb200904d5f398761677bb482efb1,15,0.41,1,1538872719497,Entertainment,0.33619999999999994,0.595
thse98thw6pEZMoFL,668e3781f282a18922c3f85985932e7c4a6eb200904d5f398761677bb482efb1,16,0.38,1,1538872719500,Entertainment,0.7688,0.6
DwhZ6jBnFNgX6gMdu,668e3781f282a18922c3f85985932e7c4a6eb200904d5f398761677bb482efb1,17,0.2,1,1538872719505,Entertainment,0.08000000000000002,0.4
T8xHxzo2zrsfwMaCN,668e3781f282a18922c3f85985932e7c4a6eb200904d5f398761677bb482efb1,18,0.47,1,1538872719507,Entertainment,0.44179999999999997,0.555
QhujuA7CJX9oHMkdj,94c6e4d5a8c470780ea6b8bb8a2393f3f5198543d27513d2bf97464dab6c9b89,1,0.95,1,1538873189909,Sports,0.005000000000000009,0.67
c4gvQvMXYxNHY9aCo,94c6e4d5a8c470780ea6b8bb8a2393f3f5198543d27513d2bf97464dab6c9b89,2,0.85,1,1538873189914,Sports,1.4449999999999998,0.625
LEZYN3P7PzNJ4Hv7D,94c6e4d5a8c470780ea6b8bb8a2393f3f5198543d27513d2bf97464dab6c9b89,3,0,1,1538873189916,Sports,0,0.355
ncSDQqYvPp7tKw5NK,94c6e4d5a8c470780ea6b8bb8a2393f3f5198543d27513d2bf97464dab6c9b89,4,0.24,1,1538873189919,Sports,1.1552,0.365
LfhzzG4JHBrkxDkHz,94c6e4d5a8c470780ea6b8bb8a2393f3f5198543d27513d2bf97464dab6c9b89,5,1,1,1538873189920,Sports,2,0.575
4vax6HnzL4vcTWamv,94c6e4d5a8c470780ea6b8bb8a2393f3f5198543d27513d2bf97464dab6c9b89,6,0.28,1,1538873189923,Sports,0.15680000000000002,0.595
2dZnu4tnkpptE8R6L,94c6e4d5a8c470780ea6b8bb8a2393f3f5198543d27513d2bf97464dab6c9b89,7,0.82,1,1538873249446,Politics,1.3447999999999998,0.65
4NyNAqQrbmsKoxrB4,94c6e4d5a8c470780ea6b8bb8a2393f3f5198543d27513d2bf97464dab6c9b89,8,0,1,1538873249449,Politics,2,0.29
Xj5NpN5XuZNh8otPj,94c6e4d5a8c470780ea6b8bb8a2393f3f5198543d27513d2bf97464dab6c9b89,9,0.8,1,1538873249452,Politics,1.2800000000000002,0.53
c7MnoEnLDMJcafzKu,94c6e4d5a8c470780ea6b8bb8a2393f3f5198543d27513d2bf97464dab6c9b89,10,1,1,1538873249456,Politics,2,0.4
So7cZGjzYjQ3yH9Y8,94c6e4d5a8c470780ea6b8bb8a2393f3f5198543d27513d2bf97464dab6c9b89,11,0.13,1,1538873249458,Politics,0.033800000000000004,0.52
Dd9uNMSraAGbDS7FC,94c6e4d5a8c470780ea6b8bb8a2393f3f5198543d27513d2bf97464dab6c9b89,12,1,1,1538873249460,Politics,2,0.48
yR8XfYtdD4xFpW6CS,94c6e4d5a8c470780ea6b8bb8a2393f3f5198543d27513d2bf97464dab6c9b89,13,0.24,1,1538873368481,Entertainment,0.1152,0.475
EbFizNgM7HKAT5WbE,94c6e4d5a8c470780ea6b8bb8a2393f3f5198543d27513d2bf97464dab6c9b89,14,0.29,1,1538873368485,Entertainment,1.0082,0.375
j2i9wz5Rudzq9HQos,94c6e4d5a8c470780ea6b8bb8a2393f3f5198543d27513d2bf97464dab6c9b89,15,0.1,1,1538873368487,Entertainment,0.020000000000000004,0.36
jtCxvwkuC7y9ChFRH,94c6e4d5a8c470780ea6b8bb8a2393f3f5198543d27513d2bf97464dab6c9b89,16,0.71,1,1538873368489,Entertainment,0.16820000000000004,0.64
NcJvRiRH3rGx3azME,94c6e4d5a8c470780ea6b8bb8a2393f3f5198543d27513d2bf97464dab6c9b89,17,0.29,1,1538873368491,Entertainment,0.1682,0.505
z7oNWhT9edYc2JWrS,94c6e4d5a8c470780ea6b8bb8a2393f3f5198543d27513d2bf97464dab6c9b89,18,1,1,1538873368494,Entertainment,2,0.5
KwdcsHgtGuaN6LQod,4c9ad9f71d7de98868e81ce0ee0caca443de1b40409fce3480e97b63a739ff9d,1,0.6,1,1538876760013,Sports,0.32000000000000006,0.615
aD5Cfmg5RSXrXX2Ze,4c9ad9f71d7de98868e81ce0ee0caca443de1b40409fce3480e97b63a739ff9d,2,0.43,1,1538876760014,Sports,0.36979999999999996,0.64
Gf93j8Hv3g2AjWjSK,4c9ad9f71d7de98868e81ce0ee0caca443de1b40409fce3480e97b63a739ff9d,3,0.5,1,1538876760014,Sports,0.5,0.59
s3F59HHHXknt4w5hw,4c9ad9f71d7de98868e81ce0ee0caca443de1b40409fce3480e97b63a739ff9d,4,0.5,1,1538876760014,Sports,0.5,0.675
eJGx5ip4QzvTZyTYK,4c9ad9f71d7de98868e81ce0ee0caca443de1b40409fce3480e97b63a739ff9d,5,0.33,1,1538876760014,Sports,0.21780000000000002,0.705
YY7JeHakkM2MK7MSN,4c9ad9f71d7de98868e81ce0ee0caca443de1b40409fce3480e97b63a739ff9d,6,0.5,1,1538876760015,Sports,0.5,0.645
97bZNTExNH87MzpjW,4c9ad9f71d7de98868e81ce0ee0caca443de1b40409fce3480e97b63a739ff9d,7,0.85,1,1538876951016,Politics,1.4449999999999998,0.63
ZkutrXp2pYb2AWC88,4c9ad9f71d7de98868e81ce0ee0caca443de1b40409fce3480e97b63a739ff9d,8,0.9,1,1538876951016,Politics,0.01999999999999999,0.615
Zk5xKSwNBbaKY7wmn,4c9ad9f71d7de98868e81ce0ee0caca443de1b40409fce3480e97b63a739ff9d,9,0,1,1538876951016,Politics,0,0.31
CwDPhbadtyTEQyATu,4c9ad9f71d7de98868e81ce0ee0caca443de1b40409fce3480e97b63a739ff9d,10,0.1,1,1538876951017,Politics,0.020000000000000004,0.555
QaXLTjzoy9tcGc8za,4c9ad9f71d7de98868e81ce0ee0caca443de1b40409fce3480e97b63a739ff9d,11,0,1,1538876951017,Politics,0,0.31
d2qLcNNWoMrxEnMGL,4c9ad9f71d7de98868e81ce0ee0caca443de1b40409fce3480e97b63a739ff9d,12,0.22,1,1538876951017,Politics,0.0968,0.445
4syuJLA48EHv4YTmB,4c9ad9f71d7de98868e81ce0ee0caca443de1b40409fce3480e97b63a739ff9d,13,0.1,1,1538877101045,Entertainment,0.020000000000000004,0.425
twLb3CRgg2vnd28Qw,4c9ad9f71d7de98868e81ce0ee0caca443de1b40409fce3480e97b63a739ff9d,14,1,1,1538877101046,Entertainment,0,0.535
eKAeXQqgDiNXdAmSH,4c9ad9f71d7de98868e81ce0ee0caca443de1b40409fce3480e97b63a739ff9d,15,0.85,1,1538877101047,Entertainment,1.4449999999999998,0.555
BhuJqRaY4mZhMZY5G,4c9ad9f71d7de98868e81ce0ee0caca443de1b40409fce3480e97b63a739ff9d,16,0.5,1,1538877101047,Entertainment,0.5,0.665
pLQKQzdQXxhKhCixA,4c9ad9f71d7de98868e81ce0ee0caca443de1b40409fce3480e97b63a739ff9d,17,0,1,1538877101047,Entertainment,0,0.315
ogAZrXLa2cQXWHnvC,4c9ad9f71d7de98868e81ce0ee0caca443de1b40409fce3480e97b63a739ff9d,18,0.1,1,1538877101047,Entertainment,0.020000000000000004,0.48
4iGDxkuLL7PNPWjCf,6c54ff40613b9565143295b39abfac575306e92943367b59173def330b917240,7,0.8,1,1538877837305,Politics,1.2800000000000002,0.625
pKciGsBvoWo7pJYAs,6c54ff40613b9565143295b39abfac575306e92943367b59173def330b917240,8,0.8,1,1538877837306,Politics,0.07999999999999996,0.505
z6J3ZMT5TLbB99wjw,6c54ff40613b9565143295b39abfac575306e92943367b59173def330b917240,9,0.2,1,1538877837307,Politics,0.08000000000000002,0.47
h5r3qrCP3m3K6dZyt,6c54ff40613b9565143295b39abfac575306e92943367b59173def330b917240,10,0.2,1,1538877837308,Politics,0.08000000000000002,0.47
PF9QZoX3ZjJEAA9f4,6c54ff40613b9565143295b39abfac575306e92943367b59173def330b917240,11,0.2,1,1538877837309,Politics,0.08000000000000002,0.525
craBbLnTDA3E5pq3E,6c54ff40613b9565143295b39abfac575306e92943367b59173def330b917240,12,0.8,1,1538877837311,Politics,1.2800000000000002,0.37
zMJQXiaRJKsnEQfvp,496621c4e58f25e6cde88d7667d073204ce7a9e4757295fa5e5227e2a3a6c788,1,0.7,1,1538878061827,Sports,0.18000000000000005,0.765
Lkss8xAMZ8bNPCu4L,496621c4e58f25e6cde88d7667d073204ce7a9e4757295fa5e5227e2a3a6c788,2,0.2,1,1538878061827,Sports,0.08000000000000002,0.475
nHrs9BsxYQo37anhW,496621c4e58f25e6cde88d7667d073204ce7a9e4757295fa5e5227e2a3a6c788,3,0,1,1538878061827,Sports,0,0.355
a2T4YkMauX3px9jXX,496621c4e58f25e6cde88d7667d073204ce7a9e4757295fa5e5227e2a3a6c788,4,0.8,1,1538878061827,Sports,0.07999999999999996,0.715
JztyDnSo7cwbfCJEA,496621c4e58f25e6cde88d7667d073204ce7a9e4757295fa5e5227e2a3a6c788,5,0.25,1,1538878061827,Sports,0.125,0.52
WtbR8Mi9DwJ9QF2CG,496621c4e58f25e6cde88d7667d073204ce7a9e4757295fa5e5227e2a3a6c788,6,0.6,1,1538878061827,Sports,0.72,0.64
uuwiw6teyP4rF8GZJ,496621c4e58f25e6cde88d7667d073204ce7a9e4757295fa5e5227e2a3a6c788,7,1,1,1538878137042,Politics,2,0.67
ZKB8q4S3SdRwFtxgy,496621c4e58f25e6cde88d7667d073204ce7a9e4757295fa5e5227e2a3a6c788,8,0,1,1538878137043,Politics,2,0.3
abcdyYjNMCkTqtX5e,496621c4e58f25e6cde88d7667d073204ce7a9e4757295fa5e5227e2a3a6c788,9,0.3,1,1538878137043,Politics,0.18,0.71
kad2ZwKzizHoqz5Y6,496621c4e58f25e6cde88d7667d073204ce7a9e4757295fa5e5227e2a3a6c788,10,0,1,1538878137043,Politics,0,0.455
J9naXHbHpn8mXuLm8,496621c4e58f25e6cde88d7667d073204ce7a9e4757295fa5e5227e2a3a6c788,11,0,1,1538878137043,Politics,0,0.395
moSebarTZ8B7z4s3u,496621c4e58f25e6cde88d7667d073204ce7a9e4757295fa5e5227e2a3a6c788,12,0,1,1538878137043,Politics,0,0.45
h9QYdeio6xM4mwDB4,6c54ff40613b9565143295b39abfac575306e92943367b59173def330b917240,13,0.2,1,1538878138899,Entertainment,0.08000000000000002,0.375
d6X2X2TGB7ovpN73p,6c54ff40613b9565143295b39abfac575306e92943367b59173def330b917240,14,0.9,1,1538878138903,Entertainment,0.01999999999999999,0.58
iAaaKwyaBSfv7gz2W,6c54ff40613b9565143295b39abfac575306e92943367b59173def330b917240,15,0.8,1,1538878138903,Entertainment,1.2800000000000002,0.535
xEtx2zqsiA8TjNw5y,6c54ff40613b9565143295b39abfac575306e92943367b59173def330b917240,16,0.5,1,1538878138905,Entertainment,0.5,0.58
mnLuAqEj2oLMczpQD,6c54ff40613b9565143295b39abfac575306e92943367b59173def330b917240,17,0.2,1,1538878138906,Entertainment,0.08000000000000002,0.455
kgMYHBF432sGg47c2,6c54ff40613b9565143295b39abfac575306e92943367b59173def330b917240,18,1,1,1538878138907,Entertainment,2,0.53
x5YKqLLJeX4b9Zhcx,496621c4e58f25e6cde88d7667d073204ce7a9e4757295fa5e5227e2a3a6c788,13,0.4,1,1538878216985,Entertainment,0.32000000000000006,0.66
vCkxcKnvwfZD4XHSL,496621c4e58f25e6cde88d7667d073204ce7a9e4757295fa5e5227e2a3a6c788,14,0.8,1,1538878216986,Entertainment,0.07999999999999996,0.645
ZSX6LXNZCEvxqHJS9,496621c4e58f25e6cde88d7667d073204ce7a9e4757295fa5e5227e2a3a6c788,15,0.2,1,1538878216986,Entertainment,0.08000000000000002,0.485
Td2dhHkL54QDXyLsk,496621c4e58f25e6cde88d7667d073204ce7a9e4757295fa5e5227e2a3a6c788,16,0.8,1,1538878216987,Entertainment,0.07999999999999996,0.63
Jc9y4ZioZWFtAdgMb,496621c4e58f25e6cde88d7667d073204ce7a9e4757295fa5e5227e2a3a6c788,17,0.2,1,1538878216987,Entertainment,0.08000000000000002,0.485
GC7J8bt66gdwMoTCG,496621c4e58f25e6cde88d7667d073204ce7a9e4757295fa5e5227e2a3a6c788,18,0,1,1538878216987,Entertainment,0,0.325
Lm6ZkytZe7A6dirdC,ee424b35e13cf16efc2aa719dbf0b57632dfc2e7ba05a792e9d8eb92657afb48,1,0.72,1,1538882170937,Sports,0.15680000000000002,0.61
o7eo36oQRDuGBEyPD,ee424b35e13cf16efc2aa719dbf0b57632dfc2e7ba05a792e9d8eb92657afb48,2,0.19,1,1538882170939,Sports,0.0722,0.29
uYdJNzkC8jnegNMZx,ee424b35e13cf16efc2aa719dbf0b57632dfc2e7ba05a792e9d8eb92657afb48,3,0.58,1,1538882170941,Sports,0.6728,0.5
dPzwgMcHSpcqntYcs,ee424b35e13cf16efc2aa719dbf0b57632dfc2e7ba05a792e9d8eb92657afb48,4,0.68,1,1538882170942,Sports,0.20479999999999993,0.665
wnvvHw3TRpDNtaNuW,ee424b35e13cf16efc2aa719dbf0b57632dfc2e7ba05a792e9d8eb92657afb48,5,0.17,1,1538882170944,Sports,0.05780000000000001,0.45
LsJE6F3CcETFPWDbb,ee424b35e13cf16efc2aa719dbf0b57632dfc2e7ba05a792e9d8eb92657afb48,6,0.35,1,1538882170945,Sports,0.24499999999999997,0.62
Nzcqqx7RwCssoDqkC,ee424b35e13cf16efc2aa719dbf0b57632dfc2e7ba05a792e9d8eb92657afb48,7,0.44,1,1538882256411,Politics,0.3872,0.6
ab8HcdA947ZKkkHJY,ee424b35e13cf16efc2aa719dbf0b57632dfc2e7ba05a792e9d8eb92657afb48,8,0.6,1,1538882256412,Politics,0.32000000000000006,0.58
vH47dYfC7E3g6dENB,ee424b35e13cf16efc2aa719dbf0b57632dfc2e7ba05a792e9d8eb92657afb48,9,0.78,1,1538882256414,Politics,1.2168,0.475
4C5ZuCqxmJFsWaj4o,ee424b35e13cf16efc2aa719dbf0b57632dfc2e7ba05a792e9d8eb92657afb48,10,0.72,1,1538882256416,Politics,1.0368,0.355
3r4LLZn7svomBj7uQ,ee424b35e13cf16efc2aa719dbf0b57632dfc2e7ba05a792e9d8eb92657afb48,11,0.26,1,1538882256417,Politics,0.13520000000000001,0.49
iHFSuJYEuJkKyAkpy,ee424b35e13cf16efc2aa719dbf0b57632dfc2e7ba05a792e9d8eb92657afb48,12,0.07,1,1538882256418,Politics,0.009800000000000001,0.43
5gEaKfzgWpKSgXRgi,ee424b35e13cf16efc2aa719dbf0b57632dfc2e7ba05a792e9d8eb92657afb48,13,0.47,1,1538882323751,Entertainment,0.44179999999999997,0.565
3An6C5EKwbLHkpT9e,ee424b35e13cf16efc2aa719dbf0b57632dfc2e7ba05a792e9d8eb92657afb48,14,0.13,1,1538882323752,Entertainment,1.5138,0.33
7qKiKnKuaShmwrR46,ee424b35e13cf16efc2aa719dbf0b57632dfc2e7ba05a792e9d8eb92657afb48,15,0.3,1,1538882323754,Entertainment,0.18,0.58
td46ADE4jR5B752Xy,ee424b35e13cf16efc2aa719dbf0b57632dfc2e7ba05a792e9d8eb92657afb48,16,0.34,1,1538882323755,Entertainment,0.8711999999999998,0.62
tSkvCukekhXmQWXFt,ee424b35e13cf16efc2aa719dbf0b57632dfc2e7ba05a792e9d8eb92657afb48,17,0.61,1,1538882323756,Entertainment,0.7442,0.535
h9nHQgz3qBgfmCfdL,ee424b35e13cf16efc2aa719dbf0b57632dfc2e7ba05a792e9d8eb92657afb48,18,0.18,1,1538882323758,Entertainment,0.0648,0.41
ijjGiL8BvQomW572a,2d5ba526b88136261d16250cd5368d914f447cb8b3ff6a63ec8bdd0d830193f3,1,0.7,1,1538885972559,Sports,0.18000000000000005,0.575
WYKxmZM6wwkaceeK4,2d5ba526b88136261d16250cd5368d914f447cb8b3ff6a63ec8bdd0d830193f3,2,0.39,1,1538885972559,Sports,0.3042,0.72
PrvjrCJoCuBBkbgH2,2d5ba526b88136261d16250cd5368d914f447cb8b3ff6a63ec8bdd0d830193f3,3,0.16,1,1538885972559,Sports,0.0512,0.505
eWDmTu6isKdfTk7QE,2d5ba526b88136261d16250cd5368d914f447cb8b3ff6a63ec8bdd0d830193f3,4,0.77,1,1538885972560,Sports,0.10579999999999998,0.69
dLPRZnDhhWmwdByet,2d5ba526b88136261d16250cd5368d914f447cb8b3ff6a63ec8bdd0d830193f3,5,0.63,1,1538885972560,Sports,0.7938000000000001,0.54
YfhoGJpdrDv46osrt,2d5ba526b88136261d16250cd5368d914f447cb8b3ff6a63ec8bdd0d830193f3,6,0.25,1,1538885972560,Sports,0.125,0.525
Y7BTtZx2atJNW9LH2,2d5ba526b88136261d16250cd5368d914f447cb8b3ff6a63ec8bdd0d830193f3,7,0.17,1,1538886007221,Politics,0.05780000000000001,0.335
jRGcooCc3yrotwf9k,2d5ba526b88136261d16250cd5368d914f447cb8b3ff6a63ec8bdd0d830193f3,8,0.31,1,1538886007222,Politics,0.9521999999999998,0.715
ZyJQycAhGC8EEpu9P,2d5ba526b88136261d16250cd5368d914f447cb8b3ff6a63ec8bdd0d830193f3,9,0.27,1,1538886007222,Politics,0.1458,0.5
KQRycvrnAyGdMocWh,2d5ba526b88136261d16250cd5368d914f447cb8b3ff6a63ec8bdd0d830193f3,10,0.22,1,1538886007223,Politics,0.0968,0.47
pgm98i2cbzjBAg8Am,2d5ba526b88136261d16250cd5368d914f447cb8b3ff6a63ec8bdd0d830193f3,11,0.46,1,1538886007223,Politics,0.4232,0.58
J9CZP9wv3CswyR2pa,2d5ba526b88136261d16250cd5368d914f447cb8b3ff6a63ec8bdd0d830193f3,12,0.18,1,1538886007223,Politics,0.0648,0.525
4WjzvbEFiChrgyQwv,2d5ba526b88136261d16250cd5368d914f447cb8b3ff6a63ec8bdd0d830193f3,13,0.26,1,1538886042742,Entertainment,0.13520000000000001,0.385
DDMpeAurFpZyGm8f9,2d5ba526b88136261d16250cd5368d914f447cb8b3ff6a63ec8bdd0d830193f3,14,0.12,1,1538886042742,Entertainment,1.5488,0.355
XiwioTCkwHMzZyJtM,2d5ba526b88136261d16250cd5368d914f447cb8b3ff6a63ec8bdd0d830193f3,15,0.1,1,1538886042743,Entertainment,0.020000000000000004,0.395
4Yi7C63qdxYnxh8RG,2d5ba526b88136261d16250cd5368d914f447cb8b3ff6a63ec8bdd0d830193f3,16,0.04,1,1538886042743,Entertainment,1.8432,0.24
GdsrMEpQ2BbdYjL8G,2d5ba526b88136261d16250cd5368d914f447cb8b3ff6a63ec8bdd0d830193f3,17,0.79,1,1538886042743,Entertainment,1.2482000000000002,0.515
KXSvunzC2ejCPRro8,2d5ba526b88136261d16250cd5368d914f447cb8b3ff6a63ec8bdd0d830193f3,18,0.33,1,1538886042744,Entertainment,0.21780000000000002,0.67
ExcewXs5L67w6FBcv,9fb88fb96f9e4f2e78463c997e2126fa3ee5ab8ebcf9fea9520c62bd0ef95bb5,1,0.4,1,1538886502269,Sports,0.72,0.685
oc2P2R3zPeDXCKPuz,9fb88fb96f9e4f2e78463c997e2126fa3ee5ab8ebcf9fea9520c62bd0ef95bb5,2,0.66,1,1538886502283,Sports,0.8712000000000001,0.58
cujS2BBX9wSggcYXs,9fb88fb96f9e4f2e78463c997e2126fa3ee5ab8ebcf9fea9520c62bd0ef95bb5,3,0.1,1,1538886502287,Sports,0.020000000000000004,0.48
CTJNmcRY8gYqeP9t4,9fb88fb96f9e4f2e78463c997e2126fa3ee5ab8ebcf9fea9520c62bd0ef95bb5,4,0.9,1,1538886502289,Sports,0.01999999999999999,0.67
SGzu2YF2P3Bjk4JaD,9fb88fb96f9e4f2e78463c997e2126fa3ee5ab8ebcf9fea9520c62bd0ef95bb5,5,0.32,1,1538886502293,Sports,0.2048,0.61
Erdu7rraMKKQ3pca7,9fb88fb96f9e4f2e78463c997e2126fa3ee5ab8ebcf9fea9520c62bd0ef95bb5,6,0.64,1,1538886502297,Sports,0.8192,0.595
B55ioEFAYycocB8d5,9fb88fb96f9e4f2e78463c997e2126fa3ee5ab8ebcf9fea9520c62bd0ef95bb5,7,0.4,1,1538886536905,Politics,0.32000000000000006,0.645
yeBoRcpNNSYTCvt6j,9fb88fb96f9e4f2e78463c997e2126fa3ee5ab8ebcf9fea9520c62bd0ef95bb5,8,0.31,1,1538886536912,Politics,0.9521999999999998,0.625
CGunh6WSoBtyNCZi6,9fb88fb96f9e4f2e78463c997e2126fa3ee5ab8ebcf9fea9520c62bd0ef95bb5,9,0.35,1,1538886536915,Politics,0.24499999999999997,0.55
SAy6yMaYNGQptewrb,9fb88fb96f9e4f2e78463c997e2126fa3ee5ab8ebcf9fea9520c62bd0ef95bb5,10,0,1,1538886536918,Politics,0,0.42
xBNiqFYvFWBjvWTGv,9fb88fb96f9e4f2e78463c997e2126fa3ee5ab8ebcf9fea9520c62bd0ef95bb5,11,0,1,1538886536920,Politics,0,0.31
K9zFdN7SgEnyvfcNw,9fb88fb96f9e4f2e78463c997e2126fa3ee5ab8ebcf9fea9520c62bd0ef95bb5,12,0,1,1538886536923,Politics,0,0.355
7Nw8P8TovekmACE7J,c2bff8e62a85fb91464886ba15257d335be954b1410c7682664a152d67132b12,1,0.74,1,1538886552887,Sports,0.13520000000000001,0.595
5BBnGCNMnjfBuz8Yp,c2bff8e62a85fb91464886ba15257d335be954b1410c7682664a152d67132b12,2,0.79,1,1538886552890,Sports,1.2482000000000002,0.555
oXhduWPJZsQBd6xLJ,c2bff8e62a85fb91464886ba15257d335be954b1410c7682664a152d67132b12,3,0.27,1,1538886552892,Sports,0.1458,0.395
Mcoz9E9HDAwie5MX2,c2bff8e62a85fb91464886ba15257d335be954b1410c7682664a152d67132b12,4,0.59,1,1538886552894,Sports,0.33620000000000005,0.665
BaKga8Ncos7enTBN6,c2bff8e62a85fb91464886ba15257d335be954b1410c7682664a152d67132b12,5,0.11,1,1538886552899,Sports,0.0242,0.36
ZiTW2B5cvmCctfBfJ,c2bff8e62a85fb91464886ba15257d335be954b1410c7682664a152d67132b12,6,0.39,1,1538886552899,Sports,0.3042,0.63
N5BLhv3vpk3jPYydS,9fb88fb96f9e4f2e78463c997e2126fa3ee5ab8ebcf9fea9520c62bd0ef95bb5,13,0.4,1,1538886586534,Entertainment,0.32000000000000006,0.61
WSSA7D3RqfRrd2EwN,9fb88fb96f9e4f2e78463c997e2126fa3ee5ab8ebcf9fea9520c62bd0ef95bb5,14,0.76,1,1538886586541,Entertainment,0.1152,0.565
xottg59ESF6Loksc9,9fb88fb96f9e4f2e78463c997e2126fa3ee5ab8ebcf9fea9520c62bd0ef95bb5,15,0.83,1,1538886586544,Entertainment,1.3778,0.555
QDFoca4F5gE25W4hv,9fb88fb96f9e4f2e78463c997e2126fa3ee5ab8ebcf9fea9520c62bd0ef95bb5,16,0.73,1,1538886586546,Entertainment,0.1458,0.545
ddMBwZjNeowPHnzv9,9fb88fb96f9e4f2e78463c997e2126fa3ee5ab8ebcf9fea9520c62bd0ef95bb5,17,0.4,1,1538886586549,Entertainment,0.32000000000000006,0.54
weP8WaBbXovztQyKr,9fb88fb96f9e4f2e78463c997e2126fa3ee5ab8ebcf9fea9520c62bd0ef95bb5,18,0.74,1,1538886586550,Entertainment,1.0952,0.495
oAP7eymYfSKhETw9p,c2bff8e62a85fb91464886ba15257d335be954b1410c7682664a152d67132b12,7,0.39,1,1538886664674,Politics,0.3042,0.64
XCf3PXjxwg7GE7E3c,c2bff8e62a85fb91464886ba15257d335be954b1410c7682664a152d67132b12,8,0.56,1,1538886664675,Politics,0.38719999999999993,0.575
qwxiFHk9qfmi5detH,c2bff8e62a85fb91464886ba15257d335be954b1410c7682664a152d67132b12,9,0.33,1,1538886664679,Politics,0.21780000000000002,0.605
pqGxNWXjtvTMEevuk,c2bff8e62a85fb91464886ba15257d335be954b1410c7682664a152d67132b12,10,0.11,1,1538886664680,Politics,0.0242,0.405
Hyaw5X7iirZFHvauH,c2bff8e62a85fb91464886ba15257d335be954b1410c7682664a152d67132b12,11,0.6,1,1538886664681,Politics,0.72,0.45
ParQYgNEwep6wBa2w,c2bff8e62a85fb91464886ba15257d335be954b1410c7682664a152d67132b12,12,0.41,1,1538886664683,Politics,0.33619999999999994,0.375
rLi9hgZ7mXHoWJny6,c2bff8e62a85fb91464886ba15257d335be954b1410c7682664a152d67132b12,13,0.56,1,1538886731580,Entertainment,0.6272000000000001,0.54
G98tpqoXszRvGn8hM,c2bff8e62a85fb91464886ba15257d335be954b1410c7682664a152d67132b12,14,0.2,1,1538886731581,Entertainment,1.2800000000000002,0.34
MwfcFq5p6PQ4NrKA5,c2bff8e62a85fb91464886ba15257d335be954b1410c7682664a152d67132b12,15,0.37,1,1538886731583,Entertainment,0.2738,0.565
tP4pC6w7He84YqEK4,c2bff8e62a85fb91464886ba15257d335be954b1410c7682664a152d67132b12,16,0.88,1,1538886731585,Entertainment,0.0288,0.51
HKAMEXAzwjsh4Y78c,c2bff8e62a85fb91464886ba15257d335be954b1410c7682664a152d67132b12,17,0.92,1,1538886731586,Entertainment,1.6928,0.47
rLp5KzcpSGcKBJkjf,c2bff8e62a85fb91464886ba15257d335be954b1410c7682664a152d67132b12,18,0.5,1,1538886731587,Entertainment,0.5,0.545
uXw5HSjbdWzJFDtc4,7e77f33b5c9be022af31c90f04e395d5c938977a363aa50fc65c579ab7104dec,1,0.3,1,1538891025026,Sports,0.9799999999999999,0.655
zPQQEZKbTbGXDoTGp,7e77f33b5c9be022af31c90f04e395d5c938977a363aa50fc65c579ab7104dec,2,0.31,1,1538891025026,Sports,0.1922,0.655
jjNSSN7BqfmiwFDCm,7e77f33b5c9be022af31c90f04e395d5c938977a363aa50fc65c579ab7104dec,3,0.69,1,1538891025027,Sports,0.9521999999999998,0.395
9CCcZggnJRdgcXrau,7e77f33b5c9be022af31c90f04e395d5c938977a363aa50fc65c579ab7104dec,4,0.81,1,1538891025029,Sports,0.07219999999999996,0.61
hFaGbMZ4voQi6Cjgx,7e77f33b5c9be022af31c90f04e395d5c938977a363aa50fc65c579ab7104dec,5,0.22,1,1538891025029,Sports,0.0968,0.46
5MYQuui5kRvWcBTXP,7e77f33b5c9be022af31c90f04e395d5c938977a363aa50fc65c579ab7104dec,6,0.66,1,1538891025031,Sports,0.8712000000000001,0.59
LsjaN4BwoXWaKbkrC,7e77f33b5c9be022af31c90f04e395d5c938977a363aa50fc65c579ab7104dec,7,0.89,1,1538891066691,Politics,1.5842,0.615
agjoqnb2zBJhKbiAE,7e77f33b5c9be022af31c90f04e395d5c938977a363aa50fc65c579ab7104dec,8,0.7,1,1538891066692,Politics,0.18000000000000005,0.605
CPaDJXgoQ9ge94r2z,7e77f33b5c9be022af31c90f04e395d5c938977a363aa50fc65c579ab7104dec,9,0.63,1,1538891066693,Politics,0.7938000000000001,0.485
ab5QkdRSek75b5cRT,7e77f33b5c9be022af31c90f04e395d5c938977a363aa50fc65c579ab7104dec,10,0.11,1,1538891066694,Politics,0.0242,0.495
ZQBjosknBNrweheyQ,7e77f33b5c9be022af31c90f04e395d5c938977a363aa50fc65c579ab7104dec,11,0.52,1,1538891066694,Politics,0.5408000000000001,0.49
RvfpokQMr2ueu8sMy,7e77f33b5c9be022af31c90f04e395d5c938977a363aa50fc65c579ab7104dec,12,0.13,1,1538891066696,Politics,0.033800000000000004,0.52
eKkZXJHmsxp5gtduJ,7e77f33b5c9be022af31c90f04e395d5c938977a363aa50fc65c579ab7104dec,13,0.11,1,1538891088364,Entertainment,0.0242,0.325
AbNYGTrBwoZ4Wjhkw,7e77f33b5c9be022af31c90f04e395d5c938977a363aa50fc65c579ab7104dec,14,0.74,1,1538891088365,Entertainment,0.13520000000000001,0.615
zFP3SsiWKfMy4CGBD,7e77f33b5c9be022af31c90f04e395d5c938977a363aa50fc65c579ab7104dec,15,0.69,1,1538891088366,Entertainment,0.9521999999999998,0.555
MwFtjpwEmckjuJeTD,7e77f33b5c9be022af31c90f04e395d5c938977a363aa50fc65c579ab7104dec,16,0.85,1,1538891088366,Entertainment,0.04500000000000001,0.59
4uqkvMz3sSTpk3hif,7e77f33b5c9be022af31c90f04e395d5c938977a363aa50fc65c579ab7104dec,17,0.52,1,1538891088368,Entertainment,0.5408000000000001,0.59
AhDaSci3x3kd9ymxm,7e77f33b5c9be022af31c90f04e395d5c938977a363aa50fc65c579ab7104dec,18,0.26,1,1538891088368,Entertainment,0.13520000000000001,0.52
K2ona57MWkxzBFbiN,568e6e3652d6619898f2d57cd1de0cf039de67d59c9a94f403151722e6aa16aa,1,0.77,1,1538892445435,Sports,0.10579999999999998,0.62
kfNknwbQB6LceCNTP,568e6e3652d6619898f2d57cd1de0cf039de67d59c9a94f403151722e6aa16aa,2,0.22,1,1538892445436,Sports,0.0968,0.345
HjtMnXpktGkw4vpmi,568e6e3652d6619898f2d57cd1de0cf039de67d59c9a94f403151722e6aa16aa,3,0.71,1,1538892445436,Sports,1.0082,0.435
kt7xnYKRnCzQANH9p,568e6e3652d6619898f2d57cd1de0cf039de67d59c9a94f403151722e6aa16aa,4,0.29,1,1538892445436,Sports,1.0082,0.3
yhEFu6vtSBA257hyG,568e6e3652d6619898f2d57cd1de0cf039de67d59c9a94f403151722e6aa16aa,5,0.86,1,1538892445436,Sports,1.4791999999999998,0.54
tXrm7caN86eKKhnev,568e6e3652d6619898f2d57cd1de0cf039de67d59c9a94f403151722e6aa16aa,6,0.34,1,1538892445436,Sports,0.23120000000000004,0.63
xwp6EyJeYCMuzkqnt,568e6e3652d6619898f2d57cd1de0cf039de67d59c9a94f403151722e6aa16aa,7,0.35,1,1538892455746,Politics,0.24499999999999997,0.685
8nwiavRNDBLwtEtw6,568e6e3652d6619898f2d57cd1de0cf039de67d59c9a94f403151722e6aa16aa,8,0.81,1,1538892455747,Politics,0.07219999999999996,0.505
2WTNbEwgKW7dYZ6he,568e6e3652d6619898f2d57cd1de0cf039de67d59c9a94f403151722e6aa16aa,9,0.29,1,1538892455748,Politics,0.1682,0.5
c6g7XpAAmgeLPsYDG,568e6e3652d6619898f2d57cd1de0cf039de67d59c9a94f403151722e6aa16aa,10,0.76,1,1538892455748,Politics,1.1552,0.355
etwgovYXYQgTJa6X9,568e6e3652d6619898f2d57cd1de0cf039de67d59c9a94f403151722e6aa16aa,11,0.28,1,1538892455748,Politics,0.15680000000000002,0.505
HS4SErDZYq3AfifRh,568e6e3652d6619898f2d57cd1de0cf039de67d59c9a94f403151722e6aa16aa,12,0.75,1,1538892455748,Politics,1.125,0.375
hy64XWAj3xQYdHfaA,568e6e3652d6619898f2d57cd1de0cf039de67d59c9a94f403151722e6aa16aa,13,0.24,1,1538892465578,Entertainment,0.1152,0.31
hMebTC79A6h4uPYa6,568e6e3652d6619898f2d57cd1de0cf039de67d59c9a94f403151722e6aa16aa,14,0.81,1,1538892465579,Entertainment,0.07219999999999996,0.6
Fynhvw463pqmTj7Pr,568e6e3652d6619898f2d57cd1de0cf039de67d59c9a94f403151722e6aa16aa,15,0.64,1,1538892465579,Entertainment,0.8192,0.54
r4GPJEqdjoGtyxb8o,568e6e3652d6619898f2d57cd1de0cf039de67d59c9a94f403151722e6aa16aa,16,0.29,1,1538892465579,Entertainment,1.0082,0.445
pw24ktnPXhbkBcWfj,568e6e3652d6619898f2d57cd1de0cf039de67d59c9a94f403151722e6aa16aa,17,0.81,1,1538892465579,Entertainment,1.3122000000000003,0.505
tgDSMRb9YarWM3XGN,568e6e3652d6619898f2d57cd1de0cf039de67d59c9a94f403151722e6aa16aa,18,0.37,1,1538892465579,Entertainment,0.2738,0.675
h5uqNPYwxt5rj5Jz2,2700c8d206e6fd2e445aeb51e9092254ed1396a62e7ccb35873ff23aa850dfeb,1,0.5,1,1538895066282,Sports,0.5,0.68
XPCg26wrjLYKdeS6L,2700c8d206e6fd2e445aeb51e9092254ed1396a62e7ccb35873ff23aa850dfeb,2,0.6,1,1538895066284,Sports,0.72,0.66
bjgM48K6u8mnxDNyA,2700c8d206e6fd2e445aeb51e9092254ed1396a62e7ccb35873ff23aa850dfeb,3,0.3,1,1538895066285,Sports,0.18,0.63
2HjgPZ7XYHNCaLJsK,2700c8d206e6fd2e445aeb51e9092254ed1396a62e7ccb35873ff23aa850dfeb,4,0.39,1,1538895066287,Sports,0.7442,0.775
sbKEra68HcWsQRT8C,2700c8d206e6fd2e445aeb51e9092254ed1396a62e7ccb35873ff23aa850dfeb,5,0.15,1,1538895066289,Sports,0.045,0.38
zCbQGSicFWP7T6RWJ,2700c8d206e6fd2e445aeb51e9092254ed1396a62e7ccb35873ff23aa850dfeb,6,0.83,1,1538895066289,Sports,1.3778,0.57
oLnjBunByBoTvnHxP,2700c8d206e6fd2e445aeb51e9092254ed1396a62e7ccb35873ff23aa850dfeb,7,0.92,1,1538895312937,Politics,1.6928,0.615
8ashmr79o28rbf8qN,2700c8d206e6fd2e445aeb51e9092254ed1396a62e7ccb35873ff23aa850dfeb,8,0.92,1,1538895312939,Politics,0.012799999999999987,0.59
56kdiSXkDdQsnSqZo,2700c8d206e6fd2e445aeb51e9092254ed1396a62e7ccb35873ff23aa850dfeb,9,0.09,1,1538895312939,Politics,0.0162,0.315
A7QQ784sCJ4ix68tq,2700c8d206e6fd2e445aeb51e9092254ed1396a62e7ccb35873ff23aa850dfeb,10,0.03,1,1538895312941,Politics,0.0018,0.48
aZ5CotFwoJzE4KkhQ,2700c8d206e6fd2e445aeb51e9092254ed1396a62e7ccb35873ff23aa850dfeb,11,0.16,1,1538895312941,Politics,0.0512,0.545
JMPCqGzFqKm5BqfFD,2700c8d206e6fd2e445aeb51e9092254ed1396a62e7ccb35873ff23aa850dfeb,12,0.16,1,1538895312942,Politics,0.0512,0.545
PKhjSTbbeNqM6QHc6,2700c8d206e6fd2e445aeb51e9092254ed1396a62e7ccb35873ff23aa850dfeb,13,0.03,1,1538895785065,Entertainment,0.0018,0.335
odCqjEzi2rcLQ8hCY,2700c8d206e6fd2e445aeb51e9092254ed1396a62e7ccb35873ff23aa850dfeb,14,0.49,1,1538895785068,Entertainment,0.5202,0.68
2ngTWb9aTxpLWwtjJ,2700c8d206e6fd2e445aeb51e9092254ed1396a62e7ccb35873ff23aa850dfeb,15,0.95,1,1538895785069,Entertainment,1.805,0.555
vfFRWzburLb8RCsvT,2700c8d206e6fd2e445aeb51e9092254ed1396a62e7ccb35873ff23aa850dfeb,16,0.17,1,1538895785070,Entertainment,1.3778,0.495
Crrw5BeSu7NFkJvj3,2700c8d206e6fd2e445aeb51e9092254ed1396a62e7ccb35873ff23aa850dfeb,17,0.14,1,1538895785071,Entertainment,0.039200000000000006,0.42
FJRPLHqvNPvfDDeGt,2700c8d206e6fd2e445aeb51e9092254ed1396a62e7ccb35873ff23aa850dfeb,18,0.95,1,1538895785072,Entertainment,1.805,0.59
eK66b8w6Ah9AbLB3E,efb0a7d6b0390e8ae81bf7d1ecfeff0a613f0178aa5e5db78b5bf5b7bd5f59b9,1,0.59,1,1538907044898,Sports,0.33620000000000005,0.61
3no8wpYmzWaXA3JW8,efb0a7d6b0390e8ae81bf7d1ecfeff0a613f0178aa5e5db78b5bf5b7bd5f59b9,2,0.33,1,1538907044900,Sports,0.21780000000000002,0.66
oTp8xgF9S9aG5ma4P,efb0a7d6b0390e8ae81bf7d1ecfeff0a613f0178aa5e5db78b5bf5b7bd5f59b9,3,0.65,1,1538907044902,Sports,0.8450000000000001,0.42
bz8RjXTc7XxSfnf8x,efb0a7d6b0390e8ae81bf7d1ecfeff0a613f0178aa5e5db78b5bf5b7bd5f59b9,4,0.47,1,1538907044903,Sports,0.5618000000000001,0.645
xSDkXi4w9pQ8EYmvF,efb0a7d6b0390e8ae81bf7d1ecfeff0a613f0178aa5e5db78b5bf5b7bd5f59b9,5,0.85,1,1538907044904,Sports,1.4449999999999998,0.53
qTEGtC4N24LHtkbpp,efb0a7d6b0390e8ae81bf7d1ecfeff0a613f0178aa5e5db78b5bf5b7bd5f59b9,6,0.39,1,1538907044905,Sports,0.3042,0.61
7EgbXB4Kz2cjuTWcC,efb0a7d6b0390e8ae81bf7d1ecfeff0a613f0178aa5e5db78b5bf5b7bd5f59b9,7,0.85,1,1538907062083,Politics,1.4449999999999998,0.57
MPHqaqnBjoHbvRr5r,efb0a7d6b0390e8ae81bf7d1ecfeff0a613f0178aa5e5db78b5bf5b7bd5f59b9,8,0.27,1,1538907062084,Politics,1.0657999999999999,0.325
WJiYPBcZjMJTutuKu,efb0a7d6b0390e8ae81bf7d1ecfeff0a613f0178aa5e5db78b5bf5b7bd5f59b9,9,0.8,1,1538907062085,Politics,1.2800000000000002,0.445
zZ4av6P3JePKLSday,efb0a7d6b0390e8ae81bf7d1ecfeff0a613f0178aa5e5db78b5bf5b7bd5f59b9,10,0.54,1,1538907062086,Politics,0.5832,0.42
Nh7kHnk2m7Dv7uB8r,efb0a7d6b0390e8ae81bf7d1ecfeff0a613f0178aa5e5db78b5bf5b7bd5f59b9,11,0.62,1,1538907062088,Politics,0.7688,0.435
T4MRQ6cqRXdsBFGvi,efb0a7d6b0390e8ae81bf7d1ecfeff0a613f0178aa5e5db78b5bf5b7bd5f59b9,12,0.43,1,1538907062088,Politics,0.36979999999999996,0.44
Qdqvjhgz4Ys4tDcoW,efb0a7d6b0390e8ae81bf7d1ecfeff0a613f0178aa5e5db78b5bf5b7bd5f59b9,13,0.87,1,1538907067424,Entertainment,1.5138,0.565
t6G4PmbYD6cEPBTFj,efb0a7d6b0390e8ae81bf7d1ecfeff0a613f0178aa5e5db78b5bf5b7bd5f59b9,14,0.26,1,1538907067426,Entertainment,1.0952,0.31
vxYiLhkYE7Pb6YCte,efb0a7d6b0390e8ae81bf7d1ecfeff0a613f0178aa5e5db78b5bf5b7bd5f59b9,15,0.77,1,1538907067426,Entertainment,1.1858,0.485
CXoNAY2wffT9gTYTm,efb0a7d6b0390e8ae81bf7d1ecfeff0a613f0178aa5e5db78b5bf5b7bd5f59b9,16,0.5,1,1538907067427,Entertainment,0.5,0.545
wMR3RiaKZADwtL3es,efb0a7d6b0390e8ae81bf7d1ecfeff0a613f0178aa5e5db78b5bf5b7bd5f59b9,17,0.64,1,1538907067428,Entertainment,0.8192,0.475
xWnCPXFL44XbNZtBB,efb0a7d6b0390e8ae81bf7d1ecfeff0a613f0178aa5e5db78b5bf5b7bd5f59b9,18,0.39,1,1538907067430,Entertainment,0.3042,0.595
5TvKSXhsx4vhoYBvS,20b8bd2b62737456e7d73fd22faf7cb94dec2b7487619ac6d339af4739cb8083,1,0.67,1,1538910548053,Sports,0.21779999999999994,0.585
TbRDdzAu2tzYFXboG,20b8bd2b62737456e7d73fd22faf7cb94dec2b7487619ac6d339af4739cb8083,2,0.41,1,1538910548054,Sports,0.33619999999999994,0.66
rjGEpRG9nfiYftTt2,20b8bd2b62737456e7d73fd22faf7cb94dec2b7487619ac6d339af4739cb8083,3,0.72,1,1538910548055,Sports,1.0368,0.42
q5AsqZdtNkZhWkGeu,20b8bd2b62737456e7d73fd22faf7cb94dec2b7487619ac6d339af4739cb8083,4,0.77,1,1538910548055,Sports,0.10579999999999998,0.655
iRMec3CG8DoraqxPX,20b8bd2b62737456e7d73fd22faf7cb94dec2b7487619ac6d339af4739cb8083,5,0.56,1,1538910548055,Sports,0.6272000000000001,0.58
k3dB4EnZo3CZ2RDQS,20b8bd2b62737456e7d73fd22faf7cb94dec2b7487619ac6d339af4739cb8083,6,0.36,1,1538910548055,Sports,0.2592,0.665
x3FtzA8jqzWYtPHBS,20b8bd2b62737456e7d73fd22faf7cb94dec2b7487619ac6d339af4739cb8083,7,0.43,1,1538910557236,Politics,0.36979999999999996,0.645
EFK3bNFozxoGue6LP,20b8bd2b62737456e7d73fd22faf7cb94dec2b7487619ac6d339af4739cb8083,8,0.42,1,1538910557236,Politics,0.6728000000000002,0.615
c3t7erkRadDPvH4k7,20b8bd2b62737456e7d73fd22faf7cb94dec2b7487619ac6d339af4739cb8083,9,0.39,1,1538910557238,Politics,0.3042,0.645
qeCwoyuFtJAEgcMCx,20b8bd2b62737456e7d73fd22faf7cb94dec2b7487619ac6d339af4739cb8083,10,0.16,1,1538910557239,Politics,0.0512,0.52
C4eaZSYZNtL5c7zcx,20b8bd2b62737456e7d73fd22faf7cb94dec2b7487619ac6d339af4739cb8083,11,0.02,1,1538910557239,Politics,8e-4,0.35
Qar4HoNkQzT5DSM8L,20b8bd2b62737456e7d73fd22faf7cb94dec2b7487619ac6d339af4739cb8083,12,0.12,1,1538910557239,Politics,0.0288,0.47
ctEHy9Lp4kbkzbBbZ,20b8bd2b62737456e7d73fd22faf7cb94dec2b7487619ac6d339af4739cb8083,13,0.75,1,1538910563428,Entertainment,1.125,0.555
n5RGQfXwxZrmmDWiy,20b8bd2b62737456e7d73fd22faf7cb94dec2b7487619ac6d339af4739cb8083,14,0.37,1,1538910563428,Entertainment,0.7938000000000001,0.675
PNwg6XvCA99oNTwNX,20b8bd2b62737456e7d73fd22faf7cb94dec2b7487619ac6d339af4739cb8083,15,0.06,1,1538910563430,Entertainment,0.0072,0.25
g2QY7Xfw6MzAQ8kGo,20b8bd2b62737456e7d73fd22faf7cb94dec2b7487619ac6d339af4739cb8083,16,0.64,1,1538910563430,Entertainment,0.2592,0.565
bDSKxS7zqc7mojdFk,20b8bd2b62737456e7d73fd22faf7cb94dec2b7487619ac6d339af4739cb8083,17,0.54,1,1538910563431,Entertainment,0.5832,0.58
oeoA76w5qogAdBkj8,20b8bd2b62737456e7d73fd22faf7cb94dec2b7487619ac6d339af4739cb8083,18,0.2,1,1538910563431,Entertainment,0.08000000000000002,0.46
cDo2zTexwbQN5tau2,a5b1d5c0eca4657e0a8fdb827fce947ead543ab346cbdbc6cad44e838f166877,1,0.77,1,1538915150606,Sports,0.10579999999999998,0.545
4bhYk5SDJ6fPL4uFS,a5b1d5c0eca4657e0a8fdb827fce947ead543ab346cbdbc6cad44e838f166877,2,0.75,1,1538915150607,Sports,1.125,0.59
KA7Z65ByHAaqzANjs,a5b1d5c0eca4657e0a8fdb827fce947ead543ab346cbdbc6cad44e838f166877,3,0.66,1,1538915150608,Sports,0.8712000000000001,0.41
DmHANCXrtwLg4bXft,a5b1d5c0eca4657e0a8fdb827fce947ead543ab346cbdbc6cad44e838f166877,4,0.64,1,1538915150608,Sports,0.2592,0.62
ZX4LuSmuQmqHCbonz,a5b1d5c0eca4657e0a8fdb827fce947ead543ab346cbdbc6cad44e838f166877,5,0.63,1,1538915150608,Sports,0.7938000000000001,0.485
LEYAbjXsuKSemSY9t,a5b1d5c0eca4657e0a8fdb827fce947ead543ab346cbdbc6cad44e838f166877,6,0.56,1,1538915150608,Sports,0.6272000000000001,0.57
tPEFiSvvo733CWx5F,a5b1d5c0eca4657e0a8fdb827fce947ead543ab346cbdbc6cad44e838f166877,7,0.56,1,1538915193414,Politics,0.6272000000000001,0.61
Y5zFZi83W6LxkNNQ3,a5b1d5c0eca4657e0a8fdb827fce947ead543ab346cbdbc6cad44e838f166877,8,0.57,1,1538915193414,Politics,0.3698000000000001,0.595
PmXEZacmYP5JvSYat,a5b1d5c0eca4657e0a8fdb827fce947ead543ab346cbdbc6cad44e838f166877,9,0.58,1,1538915193415,Politics,0.6728,0.54
vhH8dTjYqxfKJ52pG,a5b1d5c0eca4657e0a8fdb827fce947ead543ab346cbdbc6cad44e838f166877,10,0.58,1,1538915193415,Politics,0.6728,0.395
fwpkCMMG6G9Eda48x,a5b1d5c0eca4657e0a8fdb827fce947ead543ab346cbdbc6cad44e838f166877,11,0.62,1,1538915193415,Politics,0.7688,0.34
ZaWqq8D3BwMCGJopD,a5b1d5c0eca4657e0a8fdb827fce947ead543ab346cbdbc6cad44e838f166877,12,0.68,1,1538915193416,Politics,0.9248000000000002,0.355
jdz96Y8phvR2FsR2S,a5b1d5c0eca4657e0a8fdb827fce947ead543ab346cbdbc6cad44e838f166877,13,0.67,1,1538915221702,Entertainment,0.8978000000000002,0.535
5sWaervpz4MRYQufk,a5b1d5c0eca4657e0a8fdb827fce947ead543ab346cbdbc6cad44e838f166877,14,0.7,1,1538915221702,Entertainment,0.18000000000000005,0.54
XjGDdNZgPn3NTtZGW,a5b1d5c0eca4657e0a8fdb827fce947ead543ab346cbdbc6cad44e838f166877,15,0.64,1,1538915221704,Entertainment,0.8192,0.49
yvxtb34mG9j5cFt9i,a5b1d5c0eca4657e0a8fdb827fce947ead543ab346cbdbc6cad44e838f166877,16,0.64,1,1538915221704,Entertainment,0.2592,0.515
aeBB6XGjhx2m9juoS,a5b1d5c0eca4657e0a8fdb827fce947ead543ab346cbdbc6cad44e838f166877,17,0.67,1,1538915221704,Entertainment,0.8978000000000002,0.48
AGwtd4qWJw5ncAS7J,a5b1d5c0eca4657e0a8fdb827fce947ead543ab346cbdbc6cad44e838f166877,18,0.77,1,1538915221704,Entertainment,1.1858,0.465
cQvQAYboavXCDJwXj,6d44f43d7a680d853c70f883484863af69185abd09cf78e1a4a397d557d9ec4a,1,0.4,1,1538916809922,Sports,0.72,0.67
KrGQtATYGMyqWi998,6d44f43d7a680d853c70f883484863af69185abd09cf78e1a4a397d557d9ec4a,2,0.9,1,1538916809925,Sports,1.62,0.665
Xpvxbpet9oSJqZ2Fy,6d44f43d7a680d853c70f883484863af69185abd09cf78e1a4a397d557d9ec4a,3,0.24,1,1538916809927,Sports,0.1152,0.52
2vsEtgDX5BbZR3yrj,6d44f43d7a680d853c70f883484863af69185abd09cf78e1a4a397d557d9ec4a,4,0.22,1,1538916809929,Sports,1.2168,0.405
Td5DDFpMdD3Z9wLmM,6d44f43d7a680d853c70f883484863af69185abd09cf78e1a4a397d557d9ec4a,5,0.61,1,1538916809929,Sports,0.7442,0.545
Jc5Ro8q9hpz2GqgMT,6d44f43d7a680d853c70f883484863af69185abd09cf78e1a4a397d557d9ec4a,6,0.55,1,1538916809931,Sports,0.6050000000000001,0.68
QaCBHWdSwvzidurk2,6d44f43d7a680d853c70f883484863af69185abd09cf78e1a4a397d557d9ec4a,7,0.22,1,1538916849029,Politics,0.0968,0.44
2RvEn5SiCnLdRBWgH,6d44f43d7a680d853c70f883484863af69185abd09cf78e1a4a397d557d9ec4a,8,0.61,1,1538916849030,Politics,0.3042,0.595
AnkvNoJQxTwb7cZCv,6d44f43d7a680d853c70f883484863af69185abd09cf78e1a4a397d557d9ec4a,9,0.15,1,1538916849031,Politics,0.045,0.495
mYRhHPebWgL6xoewo,6d44f43d7a680d853c70f883484863af69185abd09cf78e1a4a397d557d9ec4a,10,0.06,1,1538916849033,Politics,0.0072,0.455
3Ppyi9vAd68seWT5M,6d44f43d7a680d853c70f883484863af69185abd09cf78e1a4a397d557d9ec4a,11,0.17,1,1538916849034,Politics,0.05780000000000001,0.56
3pEPX2KFSHqMvHEpb,6d44f43d7a680d853c70f883484863af69185abd09cf78e1a4a397d557d9ec4a,12,0.07,1,1538916849037,Politics,0.009800000000000001,0.445
PLfujJepYP86D8yDG,6d44f43d7a680d853c70f883484863af69185abd09cf78e1a4a397d557d9ec4a,13,0.58,1,1538916912697,Entertainment,0.6728,0.635
8jMFicKnpebX4HRPn,6d44f43d7a680d853c70f883484863af69185abd09cf78e1a4a397d557d9ec4a,14,0.07,1,1538916912699,Entertainment,1.7297999999999998,0.32
WE6P7heqpsQMq8eMd,6d44f43d7a680d853c70f883484863af69185abd09cf78e1a4a397d557d9ec4a,15,0.17,1,1538916912699,Entertainment,0.05780000000000001,0.365
3d3JkpM33vzmJFqjo,6d44f43d7a680d853c70f883484863af69185abd09cf78e1a4a397d557d9ec4a,16,0.56,1,1538916912699,Entertainment,0.38719999999999993,0.67
CLe2J24e2uc2MZk5i,6d44f43d7a680d853c70f883484863af69185abd09cf78e1a4a397d557d9ec4a,17,0.57,1,1538916912700,Entertainment,0.6497999999999999,0.65
B6PEkRefvomTfpQSP,6d44f43d7a680d853c70f883484863af69185abd09cf78e1a4a397d557d9ec4a,18,0.24,1,1538916912701,Entertainment,0.1152,0.5
jcQwpvZ9zkL6MmLxi,104e012320217e8739d56e87c111680456d4e1c83577d9a87672bfd5c5b05f38,1,0.53,1,1538917724992,Sports,0.44179999999999997,0.615
AAZw7FBDp5oiedDPt,104e012320217e8739d56e87c111680456d4e1c83577d9a87672bfd5c5b05f38,2,0.46,1,1538917724992,Sports,0.4232,0.55
zyBc6hBZ5fYfy5tmC,104e012320217e8739d56e87c111680456d4e1c83577d9a87672bfd5c5b05f38,3,0.41,1,1538917724993,Sports,0.33619999999999994,0.485
LgPB3eFqC2tnEkntK,104e012320217e8739d56e87c111680456d4e1c83577d9a87672bfd5c5b05f38,4,0.7,1,1538917724993,Sports,0.18000000000000005,0.52
obQCybdop5NLuRMgw,104e012320217e8739d56e87c111680456d4e1c83577d9a87672bfd5c5b05f38,5,0.5,1,1538917724993,Sports,0.5,0.51
x9dCiFxCR5o8KCjKu,104e012320217e8739d56e87c111680456d4e1c83577d9a87672bfd5c5b05f38,6,0.5,1,1538917724993,Sports,0.5,0.575
5nrZ2JquT5qnbaegK,104e012320217e8739d56e87c111680456d4e1c83577d9a87672bfd5c5b05f38,7,0.62,1,1538917817891,Politics,0.7688,0.5
QHzrfczdHekJjeYz7,104e012320217e8739d56e87c111680456d4e1c83577d9a87672bfd5c5b05f38,8,0.5,1,1538917817891,Politics,0.5,0.545
TeATBY5PJQuFWydEC,104e012320217e8739d56e87c111680456d4e1c83577d9a87672bfd5c5b05f38,9,0.4,1,1538917817891,Politics,0.32000000000000006,0.47
THeMMEPGPJBAw5KMP,104e012320217e8739d56e87c111680456d4e1c83577d9a87672bfd5c5b05f38,10,0.3,1,1538917817892,Politics,0.18,0.42
CQz5aa7Sf2zQEwfcK,104e012320217e8739d56e87c111680456d4e1c83577d9a87672bfd5c5b05f38,11,0.52,1,1538917817892,Politics,0.5408000000000001,0.415
5v5CDidckwf5DMELD,104e012320217e8739d56e87c111680456d4e1c83577d9a87672bfd5c5b05f38,12,0.35,1,1538917817892,Politics,0.24499999999999997,0.45
sCsDniibxwQKx9cJd,104e012320217e8739d56e87c111680456d4e1c83577d9a87672bfd5c5b05f38,13,0.42,1,1538917842140,Entertainment,0.35279999999999995,0.505
hcSLqSbG245FB3BCK,104e012320217e8739d56e87c111680456d4e1c83577d9a87672bfd5c5b05f38,14,0.37,1,1538917842140,Entertainment,0.7938000000000001,0.58
6CcTcY9B6xYHCSybS,104e012320217e8739d56e87c111680456d4e1c83577d9a87672bfd5c5b05f38,15,0.56,1,1538917842141,Entertainment,0.6272000000000001,0.515
nzRMkgkukaRHCdsuH,104e012320217e8739d56e87c111680456d4e1c83577d9a87672bfd5c5b05f38,16,0.37,1,1538917842142,Entertainment,0.7938000000000001,0.52
NbgoMTymJLjdbkBug,104e012320217e8739d56e87c111680456d4e1c83577d9a87672bfd5c5b05f38,17,0.5,1,1538917842142,Entertainment,0.5,0.49
FEuJoZbn3XMKT8Ztm,104e012320217e8739d56e87c111680456d4e1c83577d9a87672bfd5c5b05f38,18,0.5,1,1538917842142,Entertainment,0.5,0.465
piWMRQcxWrHEykEzN,f9372862eb6ed395a1f54174b616587916ff0d643003250e199c719bba775e25,1,0.5,1,1538918123143,Sports,0.5,0.645
DKyqSYs7We3Jnhzfm,f9372862eb6ed395a1f54174b616587916ff0d643003250e199c719bba775e25,2,0.85,1,1538918123144,Sports,1.4449999999999998,0.575
MgRnzXkpcAgWhCyhY,f9372862eb6ed395a1f54174b616587916ff0d643003250e199c719bba775e25,3,0.05,1,1538918123145,Sports,0.005000000000000001,0.36
gsvwr6F77ykWhA4oj,f9372862eb6ed395a1f54174b616587916ff0d643003250e199c719bba775e25,4,0.76,1,1538918123146,Sports,0.1152,0.615
FvoEMeixxFrkuxfBJ,f9372862eb6ed395a1f54174b616587916ff0d643003250e199c719bba775e25,5,0.34,1,1538918123146,Sports,0.23120000000000004,0.645
nCecpcekzxPMh4kGw,f9372862eb6ed395a1f54174b616587916ff0d643003250e199c719bba775e25,6,0.51,1,1538918123148,Sports,0.5202,0.635
GTyL9Kxzo7oNpH74u,f9372862eb6ed395a1f54174b616587916ff0d643003250e199c719bba775e25,7,0.3,1,1538918174222,Politics,0.18,0.61
bFSkEzmoEB6jQw3cw,f9372862eb6ed395a1f54174b616587916ff0d643003250e199c719bba775e25,8,0.67,1,1538918174223,Politics,0.21779999999999994,0.57
eTDHm9iAm3KkAuZaF,f9372862eb6ed395a1f54174b616587916ff0d643003250e199c719bba775e25,9,0.12,1,1538918174224,Politics,0.0288,0.4
SqTyMuZQAjujhvwv8,f9372862eb6ed395a1f54174b616587916ff0d643003250e199c719bba775e25,10,0.1,1,1538918174225,Politics,0.020000000000000004,0.525
JgoZcbeKv9KSwreTH,f9372862eb6ed395a1f54174b616587916ff0d643003250e199c719bba775e25,11,0.1,1,1538918174226,Politics,0.020000000000000004,0.495
yyW7HGfourXyXQcQD,f9372862eb6ed395a1f54174b616587916ff0d643003250e199c719bba775e25,12,0.14,1,1538918174227,Politics,0.039200000000000006,0.57
uxb3RfNQeThEmbNs9,f9372862eb6ed395a1f54174b616587916ff0d643003250e199c719bba775e25,13,0.3,1,1538918271042,Entertainment,0.18,0.59
CeaPeRQgqbq9iQvvY,f9372862eb6ed395a1f54174b616587916ff0d643003250e199c719bba775e25,14,0.69,1,1538918271042,Entertainment,0.19220000000000007,0.59
rt96ex4P6SdyJjuRm,f9372862eb6ed395a1f54174b616587916ff0d643003250e199c719bba775e25,15,0.14,1,1538918271043,Entertainment,0.039200000000000006,0.45
XmeAMK4xn4jgBywvN,f9372862eb6ed395a1f54174b616587916ff0d643003250e199c719bba775e25,16,0.2,1,1538918271043,Entertainment,1.2800000000000002,0.51
EpPdNqQGbi9bSCMHZ,f9372862eb6ed395a1f54174b616587916ff0d643003250e199c719bba775e25,17,0.31,1,1538918271043,Entertainment,0.1922,0.625
MjqBhZaPQGivwsrjC,f9372862eb6ed395a1f54174b616587916ff0d643003250e199c719bba775e25,18,0.2,1,1538918271043,Entertainment,0.08000000000000002,0.445
rCq5iXjvsAHMbu8m2,a5f1ff6139d2682c4cfe617f7e4ff53b0bddbcc52b5f6af699755b03bdedb8e5,1,0.23,1,1538925069646,Sports,1.1858,0.505
6a6FspvutgMbT2FMw,a5f1ff6139d2682c4cfe617f7e4ff53b0bddbcc52b5f6af699755b03bdedb8e5,2,1,1,1538925069653,Sports,2,0.66
ap6bPiqaPrkptSH7C,a5f1ff6139d2682c4cfe617f7e4ff53b0bddbcc52b5f6af699755b03bdedb8e5,3,0.82,1,1538925069657,Sports,1.3447999999999998,0.475
469gajRZg7BzWbFB8,a5f1ff6139d2682c4cfe617f7e4ff53b0bddbcc52b5f6af699755b03bdedb8e5,4,0.16,1,1538925069661,Sports,1.4111999999999998,0.3
nfLdzmNvJ7cwZoXiS,a5f1ff6139d2682c4cfe617f7e4ff53b0bddbcc52b5f6af699755b03bdedb8e5,5,0.07,1,1538925069666,Sports,0.009800000000000001,0.35
BGYmzx3ZSHTxwQBeM,a5f1ff6139d2682c4cfe617f7e4ff53b0bddbcc52b5f6af699755b03bdedb8e5,6,0.12,1,1538925069669,Sports,0.0288,0.375
rstyrXwJt9jAJopDu,a5f1ff6139d2682c4cfe617f7e4ff53b0bddbcc52b5f6af699755b03bdedb8e5,7,0.92,1,1538925185979,Politics,1.6928,0.705
QxZx8fPM8XkTZ8CLJ,a5f1ff6139d2682c4cfe617f7e4ff53b0bddbcc52b5f6af699755b03bdedb8e5,8,0.06,1,1538925185984,Politics,1.7671999999999999,0.325
2S6YmnPPkN22StvhA,a5f1ff6139d2682c4cfe617f7e4ff53b0bddbcc52b5f6af699755b03bdedb8e5,9,0.16,1,1538925185987,Politics,0.0512,0.405
J8czgLvHdyy49bLjJ,a5f1ff6139d2682c4cfe617f7e4ff53b0bddbcc52b5f6af699755b03bdedb8e5,10,0.97,1,1538925185991,Politics,1.8818,0.45
AkZYnu6BWCbgi4CLy,a5f1ff6139d2682c4cfe617f7e4ff53b0bddbcc52b5f6af699755b03bdedb8e5,11,0.46,1,1538925185995,Politics,0.4232,0.65
w8R8igmfLMSsApmLR,a5f1ff6139d2682c4cfe617f7e4ff53b0bddbcc52b5f6af699755b03bdedb8e5,12,0,1,1538925185999,Politics,0,0.46
AHT3zfbxr8bDHwE4L,9e662ce475a83e4dd26d1982b5242e79b06cd2be0b06ee1b9ce01fc774bd21ee,1,0.5,1,1538925313343,Sports,0.5,0.635
4JtFvgffjBn7ATZ6b,9e662ce475a83e4dd26d1982b5242e79b06cd2be0b06ee1b9ce01fc774bd21ee,2,0.7,1,1538925313344,Sports,0.9799999999999999,0.625
mGgyZjmDMiDmiKPvk,9e662ce475a83e4dd26d1982b5242e79b06cd2be0b06ee1b9ce01fc774bd21ee,3,0.1,1,1538925313345,Sports,0.020000000000000004,0.49
nZqS4mFmovgutx6kZ,9e662ce475a83e4dd26d1982b5242e79b06cd2be0b06ee1b9ce01fc774bd21ee,4,0.4,1,1538925313345,Sports,0.72,0.645
YG2m5wy6MLhF5Zipi,9e662ce475a83e4dd26d1982b5242e79b06cd2be0b06ee1b9ce01fc774bd21ee,5,0.5,1,1538925313345,Sports,0.5,0.57
7KimMJQYfK9MQJ6ni,9e662ce475a83e4dd26d1982b5242e79b06cd2be0b06ee1b9ce01fc774bd21ee,6,0.6,1,1538925313346,Sports,0.72,0.48
CmFqeQ4ruQy3a9pMB,a5f1ff6139d2682c4cfe617f7e4ff53b0bddbcc52b5f6af699755b03bdedb8e5,13,1,1,1538925314533,Entertainment,2,0.655
e54frEZPve8hEhGxn,a5f1ff6139d2682c4cfe617f7e4ff53b0bddbcc52b5f6af699755b03bdedb8e5,14,0.05,1,1538925314537,Entertainment,1.805,0.37
NhKQACEJytoYGWaDJ,a5f1ff6139d2682c4cfe617f7e4ff53b0bddbcc52b5f6af699755b03bdedb8e5,15,1,1,1538925314541,Entertainment,2,0.585
tMoWAMFDYsQYGLeBD,a5f1ff6139d2682c4cfe617f7e4ff53b0bddbcc52b5f6af699755b03bdedb8e5,16,0,1,1538925314545,Entertainment,2,0.305
h9KEPPvdnvMD4byfG,a5f1ff6139d2682c4cfe617f7e4ff53b0bddbcc52b5f6af699755b03bdedb8e5,17,0.92,1,1538925314548,Entertainment,1.6928,0.59
8WQcoCdwnWsjMZwbB,a5f1ff6139d2682c4cfe617f7e4ff53b0bddbcc52b5f6af699755b03bdedb8e5,18,0.94,1,1538925314551,Entertainment,1.7671999999999999,0.57
q9XYHQ7cfZqkuYcQY,9e662ce475a83e4dd26d1982b5242e79b06cd2be0b06ee1b9ce01fc774bd21ee,7,1,1,1538925329590,Politics,2,0.59
LgAkDoewf7utJq84d,9e662ce475a83e4dd26d1982b5242e79b06cd2be0b06ee1b9ce01fc774bd21ee,8,0.5,1,1538925329591,Politics,0.5,0.61
zaC2rnmz2ocevH6tx,9e662ce475a83e4dd26d1982b5242e79b06cd2be0b06ee1b9ce01fc774bd21ee,9,0.7,1,1538925329591,Politics,0.9799999999999999,0.48
rW5yNy5mfLWHBk9ZJ,9e662ce475a83e4dd26d1982b5242e79b06cd2be0b06ee1b9ce01fc774bd21ee,10,0.1,1,1538925329592,Politics,0.020000000000000004,0.445
mdPLJpqBuZSMeR9M6,9e662ce475a83e4dd26d1982b5242e79b06cd2be0b06ee1b9ce01fc774bd21ee,11,0.1,1,1538925329592,Politics,0.020000000000000004,0.49
iqQXFoDv5cZg8S8tS,9e662ce475a83e4dd26d1982b5242e79b06cd2be0b06ee1b9ce01fc774bd21ee,12,0.5,1,1538925329592,Politics,0.5,0.39
kA9gRYEQMC3cCHYpw,9e662ce475a83e4dd26d1982b5242e79b06cd2be0b06ee1b9ce01fc774bd21ee,13,0.5,1,1538925348786,Entertainment,0.5,0.605
YtNRDAh22JChetdCL,9e662ce475a83e4dd26d1982b5242e79b06cd2be0b06ee1b9ce01fc774bd21ee,14,0.1,1,1538925348786,Entertainment,1.62,0.305
QYJZpRYrW6sWdmJZm,9e662ce475a83e4dd26d1982b5242e79b06cd2be0b06ee1b9ce01fc774bd21ee,15,0.5,1,1538925348787,Entertainment,0.5,0.59
Yp4tZPyQCR2tFqsyJ,9e662ce475a83e4dd26d1982b5242e79b06cd2be0b06ee1b9ce01fc774bd21ee,16,0.5,1,1538925348787,Entertainment,0.5,0.59
HkqDhY8rY85eEvM8H,9e662ce475a83e4dd26d1982b5242e79b06cd2be0b06ee1b9ce01fc774bd21ee,17,0.3,1,1538925348788,Entertainment,0.18,0.58
MQ4bFeBjrCuh4vC7H,9e662ce475a83e4dd26d1982b5242e79b06cd2be0b06ee1b9ce01fc774bd21ee,18,0.1,1,1538925348788,Entertainment,0.020000000000000004,0.36
HvAB2mFeMKwzQD4qS,cebdf2b43f092aeab029d8daa37f8e7a1ca7d8e13e4c290b3609bd61231ad249,1,0.1,1,1538925712383,Sports,1.62,0.44
xW6v6hAtCD9wTgPBw,cebdf2b43f092aeab029d8daa37f8e7a1ca7d8e13e4c290b3609bd61231ad249,2,0.8,1,1538925712387,Sports,1.2800000000000002,0.715
hckbNpQYhNn27hgkG,cebdf2b43f092aeab029d8daa37f8e7a1ca7d8e13e4c290b3609bd61231ad249,3,0,1,1538925712390,Sports,0,0.47
59kvuBLwGSGr9rA5j,cebdf2b43f092aeab029d8daa37f8e7a1ca7d8e13e4c290b3609bd61231ad249,4,0.1,1,1538925712392,Sports,1.62,0.425
Et9yJKee9JEaa9LdL,cebdf2b43f092aeab029d8daa37f8e7a1ca7d8e13e4c290b3609bd61231ad249,5,0,1,1538925712394,Sports,0,0.43
aBGnFruunmz2bgaBg,cebdf2b43f092aeab029d8daa37f8e7a1ca7d8e13e4c290b3609bd61231ad249,6,0,1,1538925712396,Sports,0,0.34
TZrFww6YoWz3Q5ACa,cebdf2b43f092aeab029d8daa37f8e7a1ca7d8e13e4c290b3609bd61231ad249,7,1,1,1538925717349,Politics,2,0.74
p3y82k8Yuc6NE3yZL,cebdf2b43f092aeab029d8daa37f8e7a1ca7d8e13e4c290b3609bd61231ad249,8,0.3,1,1538925717352,Politics,0.9799999999999999,0.815
9vmvrwogfquQ9udrS,cebdf2b43f092aeab029d8daa37f8e7a1ca7d8e13e4c290b3609bd61231ad249,9,0,1,1538925717355,Politics,0,0.435
QKLyELnyX23vLhT37,cebdf2b43f092aeab029d8daa37f8e7a1ca7d8e13e4c290b3609bd61231ad249,10,0,1,1538925717356,Politics,0,0.48
cbgmpn8msj5t56ucK,cebdf2b43f092aeab029d8daa37f8e7a1ca7d8e13e4c290b3609bd61231ad249,11,0.9,1,1538925717362,Politics,1.62,0.51
2b93rq7Z2ca4ev9HQ,cebdf2b43f092aeab029d8daa37f8e7a1ca7d8e13e4c290b3609bd61231ad249,12,0,1,1538925717364,Politics,0,0.545
on5xbcQ9teektQbsR,cebdf2b43f092aeab029d8daa37f8e7a1ca7d8e13e4c290b3609bd61231ad249,13,0,1,1538925723726,Entertainment,0,0.41
unmDGQZxXZgGaYyaY,cebdf2b43f092aeab029d8daa37f8e7a1ca7d8e13e4c290b3609bd61231ad249,14,1,1,1538925723728,Entertainment,0,0.73
tiPoWfA8gaBGEyWz3,cebdf2b43f092aeab029d8daa37f8e7a1ca7d8e13e4c290b3609bd61231ad249,15,0,1,1538925723730,Entertainment,0,0.405
AoDcnJWBpcTNpKiHS,cebdf2b43f092aeab029d8daa37f8e7a1ca7d8e13e4c290b3609bd61231ad249,16,0,1,1538925723732,Entertainment,2,0.375
XTvYs5ynzhiLkvHqn,cebdf2b43f092aeab029d8daa37f8e7a1ca7d8e13e4c290b3609bd61231ad249,17,0,1,1538925723733,Entertainment,0,0.415
napdKxL5SnkcxydpD,cebdf2b43f092aeab029d8daa37f8e7a1ca7d8e13e4c290b3609bd61231ad249,18,0,1,1538925723735,Entertainment,0,0.44
RqGmS3WiTp6jjAAjo,aa7dcf071cda418013b0bcba80e0d65f67b58fc2347010262676771f779c38b6,1,0.78,1,1538926418480,Sports,0.09679999999999998,0.65
gHJneQhzNh6nfQ7cp,aa7dcf071cda418013b0bcba80e0d65f67b58fc2347010262676771f779c38b6,2,0.31,1,1538926418482,Sports,0.1922,0.63
WSgpcWJSHqGvpBuNW,aa7dcf071cda418013b0bcba80e0d65f67b58fc2347010262676771f779c38b6,3,0.57,1,1538926418484,Sports,0.6497999999999999,0.495
Fi9uP6s9napsZ4A85,aa7dcf071cda418013b0bcba80e0d65f67b58fc2347010262676771f779c38b6,4,0.19,1,1538926418485,Sports,1.3122000000000003,0.24
gstBdfqdxmwfW3aYg,aa7dcf071cda418013b0bcba80e0d65f67b58fc2347010262676771f779c38b6,5,0.59,1,1538926418487,Sports,0.6961999999999999,0.565
xsi4CCo6cH2hL4qzC,aa7dcf071cda418013b0bcba80e0d65f67b58fc2347010262676771f779c38b6,6,0.42,1,1538926418489,Sports,0.35279999999999995,0.565
GwfxQ3wBYaHKcP4fB,aa7dcf071cda418013b0bcba80e0d65f67b58fc2347010262676771f779c38b6,7,0.57,1,1538926436914,Politics,0.6497999999999999,0.585
EZ5ZfoDwFbC7y7Cur,aa7dcf071cda418013b0bcba80e0d65f67b58fc2347010262676771f779c38b6,8,0.07,1,1538926436916,Politics,1.7297999999999998,0.21
vuCaBBELXNcjKyJK8,aa7dcf071cda418013b0bcba80e0d65f67b58fc2347010262676771f779c38b6,9,0.19,1,1538926436917,Politics,0.0722,0.42
uRyTZk9Q3R2XKBYAZ,aa7dcf071cda418013b0bcba80e0d65f67b58fc2347010262676771f779c38b6,10,0.9,1,1538926436919,Politics,1.62,0.355
LzdSBbkN9Y88yBEBi,aa7dcf071cda418013b0bcba80e0d65f67b58fc2347010262676771f779c38b6,11,0.56,1,1538926436920,Politics,0.6272000000000001,0.415
iAmas2N5WJRZZ3767,aa7dcf071cda418013b0bcba80e0d65f67b58fc2347010262676771f779c38b6,12,0.62,1,1538926436921,Politics,0.7688,0.365
uazCebnQHWv6ZJbQz,aa7dcf071cda418013b0bcba80e0d65f67b58fc2347010262676771f779c38b6,13,0.43,1,1538926455591,Entertainment,0.36979999999999996,0.59
CczqFXJLrbypR4QbH,aa7dcf071cda418013b0bcba80e0d65f67b58fc2347010262676771f779c38b6,14,0.63,1,1538926455594,Entertainment,0.2738,0.595
GobNmFWKLviQWF8iF,aa7dcf071cda418013b0bcba80e0d65f67b58fc2347010262676771f779c38b6,15,0.15,1,1538926455598,Entertainment,0.045,0.315
k8amdx8JZrS5t8DSX,aa7dcf071cda418013b0bcba80e0d65f67b58fc2347010262676771f779c38b6,16,0.14,1,1538926455601,Entertainment,1.4791999999999998,0.41
bc4xonBbXuFdMRgwN,aa7dcf071cda418013b0bcba80e0d65f67b58fc2347010262676771f779c38b6,17,0.59,1,1538926455603,Entertainment,0.6961999999999999,0.54
z8bBWZJguZgk4S743,aa7dcf071cda418013b0bcba80e0d65f67b58fc2347010262676771f779c38b6,18,0.35,1,1538926455605,Entertainment,0.24499999999999997,0.645
4ob6ryt7WzNr6W3R6,4a7093e36cdda47e930ad855a5190d314fca88304b3c30c86143a28b2d9bff37,1,0.05,1,1538931820034,Sports,1.805,0.24
dEYxkgRYNjo2jeJo3,4a7093e36cdda47e930ad855a5190d314fca88304b3c30c86143a28b2d9bff37,2,0.9,1,1538931820036,Sports,1.62,0.685
FJGtnzJryNkBcYHJy,4a7093e36cdda47e930ad855a5190d314fca88304b3c30c86143a28b2d9bff37,3,0.5,1,1538931820037,Sports,0.5,0.6
tir3mKjH3Nit2crTk,4a7093e36cdda47e930ad855a5190d314fca88304b3c30c86143a28b2d9bff37,4,0.8,1,1538931820038,Sports,0.07999999999999996,0.705
MsaNv97EaxSWsHGnq,4a7093e36cdda47e930ad855a5190d314fca88304b3c30c86143a28b2d9bff37,5,0.6,1,1538931820038,Sports,0.72,0.535
mo6KsnB7PQnDBWyM9,4a7093e36cdda47e930ad855a5190d314fca88304b3c30c86143a28b2d9bff37,6,0.6,1,1538931820039,Sports,0.72,0.61
PoKM9HyJ8kjMFeP8G,4a7093e36cdda47e930ad855a5190d314fca88304b3c30c86143a28b2d9bff37,7,0.95,1,1538931823200,Politics,1.805,0.61
7uu68otAyugWYR7Db,4a7093e36cdda47e930ad855a5190d314fca88304b3c30c86143a28b2d9bff37,8,0.9,1,1538931823202,Politics,0.01999999999999999,0.625
FnWGYShgGxELHjJYn,4a7093e36cdda47e930ad855a5190d314fca88304b3c30c86143a28b2d9bff37,9,0.5,1,1538931823203,Politics,0.5,0.585
26wiAyDx8aJ7qkKYr,4a7093e36cdda47e930ad855a5190d314fca88304b3c30c86143a28b2d9bff37,10,0,1,1538931823203,Politics,0,0.395
6ZhRAWkhqbd3LLBoW,4a7093e36cdda47e930ad855a5190d314fca88304b3c30c86143a28b2d9bff37,11,0.3,1,1538931823206,Politics,0.18,0.64
c6jq4Mre4Gngdnrm5,4a7093e36cdda47e930ad855a5190d314fca88304b3c30c86143a28b2d9bff37,12,0.15,1,1538931823207,Politics,0.045,0.535
EstDnkkYnGtXjd2or,4a7093e36cdda47e930ad855a5190d314fca88304b3c30c86143a28b2d9bff37,13,0.05,1,1538931825797,Entertainment,0.005000000000000001,0.23
TJurmrJS37hPAJgNS,4a7093e36cdda47e930ad855a5190d314fca88304b3c30c86143a28b2d9bff37,14,1,1,1538931825797,Entertainment,0,0.595
pkpd3Spi87zpHYskn,4a7093e36cdda47e930ad855a5190d314fca88304b3c30c86143a28b2d9bff37,15,0.9,1,1538931825797,Entertainment,1.62,0.555
cHMg4G7hG3NicrESx,4a7093e36cdda47e930ad855a5190d314fca88304b3c30c86143a28b2d9bff37,16,0.05,1,1538931825798,Entertainment,1.805,0.3
APmzTDpKBygZqyBHJ,4a7093e36cdda47e930ad855a5190d314fca88304b3c30c86143a28b2d9bff37,17,0.1,1,1538931825798,Entertainment,0.020000000000000004,0.405
eoQDmcTy49ewhD2C5,4a7093e36cdda47e930ad855a5190d314fca88304b3c30c86143a28b2d9bff37,18,0.3,1,1538931825799,Entertainment,0.18,0.695
XDwgzEzhtSsrLfXjn,dbde4e108be1de041eef6b78fce868ef7cc2ca3644f39215f2a1e4afc7e441b7,1,0.29,1,1538936571210,Sports,1.0082,0.395
ous9nQyZxfp9Sfx9X,dbde4e108be1de041eef6b78fce868ef7cc2ca3644f39215f2a1e4afc7e441b7,2,0.7,1,1538936571210,Sports,0.9799999999999999,0.58
eY5tQDHC8KxE2hfsZ,dbde4e108be1de041eef6b78fce868ef7cc2ca3644f39215f2a1e4afc7e441b7,3,0.34,1,1538936571210,Sports,0.23120000000000004,0.615
aN9QJcADPwEpTEDza,dbde4e108be1de041eef6b78fce868ef7cc2ca3644f39215f2a1e4afc7e441b7,4,0.72,1,1538936571211,Sports,0.15680000000000002,0.64
PnvExQGpBLtxnYkZY,dbde4e108be1de041eef6b78fce868ef7cc2ca3644f39215f2a1e4afc7e441b7,5,0.8,1,1538936571211,Sports,1.2800000000000002,0.445
8fo8kxqwtEsg4tB3N,dbde4e108be1de041eef6b78fce868ef7cc2ca3644f39215f2a1e4afc7e441b7,6,0.58,1,1538936571211,Sports,0.6728,0.565
MnQHEktpsQqc2GuWn,dbde4e108be1de041eef6b78fce868ef7cc2ca3644f39215f2a1e4afc7e441b7,7,0.8,1,1538936661759,Politics,1.2800000000000002,0.575
muyFibDKGdy8RxYd5,dbde4e108be1de041eef6b78fce868ef7cc2ca3644f39215f2a1e4afc7e441b7,8,0.35,1,1538936661759,Politics,0.8450000000000001,0.585
DN3tDYKhjmL5BfoZm,dbde4e108be1de041eef6b78fce868ef7cc2ca3644f39215f2a1e4afc7e441b7,9,0.25,1,1538936661759,Politics,0.125,0.41
DiBmxTgqY363vjM3A,dbde4e108be1de041eef6b78fce868ef7cc2ca3644f39215f2a1e4afc7e441b7,10,0.6,1,1538936661759,Politics,0.72,0.36
KTPCiyemzQ6mowWkN,dbde4e108be1de041eef6b78fce868ef7cc2ca3644f39215f2a1e4afc7e441b7,11,0.7,1,1538936661759,Politics,0.9799999999999999,0.39
sQe6iiAn4Qk9RKeRM,dbde4e108be1de041eef6b78fce868ef7cc2ca3644f39215f2a1e4afc7e441b7,12,0.6,1,1538936661760,Politics,0.72,0.38
RvGeqxWidqe7cPdxY,dbde4e108be1de041eef6b78fce868ef7cc2ca3644f39215f2a1e4afc7e441b7,13,0.49,1,1538936737661,Entertainment,0.48019999999999996,0.58
39463ETkpQmsmfBwT,dbde4e108be1de041eef6b78fce868ef7cc2ca3644f39215f2a1e4afc7e441b7,14,0.9,1,1538936737661,Entertainment,0.01999999999999999,0.57
K5RkG8jMb3ddyQgfW,dbde4e108be1de041eef6b78fce868ef7cc2ca3644f39215f2a1e4afc7e441b7,15,0.6,1,1538936737662,Entertainment,0.72,0.49
TNQLoy84mCybrtWzi,dbde4e108be1de041eef6b78fce868ef7cc2ca3644f39215f2a1e4afc7e441b7,16,0.44,1,1538936737662,Entertainment,0.6272000000000001,0.625
Q7E5JqwcqjxkxWFDX,dbde4e108be1de041eef6b78fce868ef7cc2ca3644f39215f2a1e4afc7e441b7,17,0.61,1,1538936737662,Entertainment,0.7442,0.465
p2wkSw5BaomX6sq5L,dbde4e108be1de041eef6b78fce868ef7cc2ca3644f39215f2a1e4afc7e441b7,18,0.6,1,1538936737662,Entertainment,0.72,0.49
insd9jLFWosTdYf5f,211e00f7fe724bacc6cc4e7528cbda1721a7c1d198f58d10768872671462086d,1,0.57,1,1538937205092,Sports,0.3698000000000001,0.565
HsBfjRKJJFXRYrDmx,211e00f7fe724bacc6cc4e7528cbda1721a7c1d198f58d10768872671462086d,2,0.58,1,1538937205092,Sports,0.6728,0.615
EJ4kKPFdmEK6LkAM6,211e00f7fe724bacc6cc4e7528cbda1721a7c1d198f58d10768872671462086d,3,0.69,1,1538937205092,Sports,0.9521999999999998,0.34
MsXDrr58kGDMQxmao,211e00f7fe724bacc6cc4e7528cbda1721a7c1d198f58d10768872671462086d,4,0.69,1,1538937205092,Sports,0.19220000000000007,0.53
2xR3YCEud9ikRaaA9,211e00f7fe724bacc6cc4e7528cbda1721a7c1d198f58d10768872671462086d,5,0.8,1,1538937205092,Sports,1.2800000000000002,0.45
fMywMKH4cD8LShBKs,211e00f7fe724bacc6cc4e7528cbda1721a7c1d198f58d10768872671462086d,6,0.69,1,1538937205093,Sports,0.9521999999999998,0.45
GJTr8dBmMLQ7oP8Xp,211e00f7fe724bacc6cc4e7528cbda1721a7c1d198f58d10768872671462086d,7,0.68,1,1538937249530,Politics,0.9248000000000002,0.54
gXA8RFupqPfmSK7eR,211e00f7fe724bacc6cc4e7528cbda1721a7c1d198f58d10768872671462086d,8,0.45,1,1538937249531,Politics,0.6050000000000001,0.535
2BHyi84KsGiPgQSWq,211e00f7fe724bacc6cc4e7528cbda1721a7c1d198f58d10768872671462086d,9,0.55,1,1538937249531,Politics,0.6050000000000001,0.515
fyqEegKY56zy2MPki,211e00f7fe724bacc6cc4e7528cbda1721a7c1d198f58d10768872671462086d,10,0.38,1,1538937249531,Politics,0.2888,0.45
bq5sL4BeRK342LBK2,211e00f7fe724bacc6cc4e7528cbda1721a7c1d198f58d10768872671462086d,11,0.39,1,1538937249531,Politics,0.3042,0.52
Y8v4ZftFrrKctSRA2,211e00f7fe724bacc6cc4e7528cbda1721a7c1d198f58d10768872671462086d,12,0.38,1,1538937249531,Politics,0.2888,0.455
zWjAsgExGQ86PBTj7,211e00f7fe724bacc6cc4e7528cbda1721a7c1d198f58d10768872671462086d,13,0.49,1,1538937299775,Entertainment,0.48019999999999996,0.515
pGREgfLfYgxC7v4cd,211e00f7fe724bacc6cc4e7528cbda1721a7c1d198f58d10768872671462086d,14,0.56,1,1538937299775,Entertainment,0.38719999999999993,0.525
kfouk8oFssGcjLS8k,211e00f7fe724bacc6cc4e7528cbda1721a7c1d198f58d10768872671462086d,15,0.33,1,1538937299775,Entertainment,0.21780000000000002,0.565
hLksZuNgH9B3qRbuA,211e00f7fe724bacc6cc4e7528cbda1721a7c1d198f58d10768872671462086d,16,0.43,1,1538937299775,Entertainment,0.6498000000000002,0.53
wJ9An4AR3Li34wip9,211e00f7fe724bacc6cc4e7528cbda1721a7c1d198f58d10768872671462086d,17,0.41,1,1538937299776,Entertainment,0.33619999999999994,0.565
AeAp8M8zWQaafKLkp,211e00f7fe724bacc6cc4e7528cbda1721a7c1d198f58d10768872671462086d,18,0.47,1,1538937299776,Entertainment,0.44179999999999997,0.475
rB73JtKSwTLcgySJm,32a2b5312785ac4bf46992fd6d915fff276a694a45df988cd7a72e27006a2857,1,0.66,1,1538937582342,Sports,0.23119999999999996,0.58
Sf4G7QWchA74TC3PZ,32a2b5312785ac4bf46992fd6d915fff276a694a45df988cd7a72e27006a2857,2,0.71,1,1538937582344,Sports,1.0082,0.66
6SDCyBwGwtifXRSDp,32a2b5312785ac4bf46992fd6d915fff276a694a45df988cd7a72e27006a2857,3,0.12,1,1538937582346,Sports,0.0288,0.495
cyg9uDMkuzDNjTX4E,32a2b5312785ac4bf46992fd6d915fff276a694a45df988cd7a72e27006a2857,4,0.66,1,1538937582348,Sports,0.23119999999999996,0.675
aLg3v2uAgH5diwXhF,32a2b5312785ac4bf46992fd6d915fff276a694a45df988cd7a72e27006a2857,5,0.07,1,1538937582349,Sports,0.009800000000000001,0.3
era9SgjtjtHckb48v,32a2b5312785ac4bf46992fd6d915fff276a694a45df988cd7a72e27006a2857,6,0.35,1,1538937582350,Sports,0.24499999999999997,0.695
eNJKbbLMXvhH23axr,32a2b5312785ac4bf46992fd6d915fff276a694a45df988cd7a72e27006a2857,7,0.12,1,1538937623052,Politics,0.0288,0.33
ANe4a7NaZ9cYvpGMZ,32a2b5312785ac4bf46992fd6d915fff276a694a45df988cd7a72e27006a2857,8,0.86,1,1538937623053,Politics,0.039200000000000006,0.63
YtLKMNeieRnPApGau,32a2b5312785ac4bf46992fd6d915fff276a694a45df988cd7a72e27006a2857,9,0.13,1,1538937623054,Politics,0.033800000000000004,0.51
r5YrStdWjKMnGAFzL,32a2b5312785ac4bf46992fd6d915fff276a694a45df988cd7a72e27006a2857,10,0.84,1,1538937623055,Politics,1.4111999999999998,0.35
BR2iqaKJRktN4yzm4,32a2b5312785ac4bf46992fd6d915fff276a694a45df988cd7a72e27006a2857,11,0.06,1,1538937623056,Politics,0.0072,0.395
pPfQFpsne7uNfTGf4,32a2b5312785ac4bf46992fd6d915fff276a694a45df988cd7a72e27006a2857,12,0.95,1,1538937623057,Politics,1.805,0.435
xXBvbgHvbTYYynBPx,32a2b5312785ac4bf46992fd6d915fff276a694a45df988cd7a72e27006a2857,13,0.6,1,1538937651737,Entertainment,0.72,0.63
2gLFbrz6EG8f2Bv4C,32a2b5312785ac4bf46992fd6d915fff276a694a45df988cd7a72e27006a2857,14,0.32,1,1538937651741,Entertainment,0.9247999999999998,0.675
MSBrnFEN9sJCbCdge,32a2b5312785ac4bf46992fd6d915fff276a694a45df988cd7a72e27006a2857,15,0.14,1,1538937651743,Entertainment,0.039200000000000006,0.4
daz4ezzuzt2SuqDQd,32a2b5312785ac4bf46992fd6d915fff276a694a45df988cd7a72e27006a2857,16,0.06,1,1538937651743,Entertainment,1.7671999999999999,0.285
4NweCzYSGPSAqQYh7,32a2b5312785ac4bf46992fd6d915fff276a694a45df988cd7a72e27006a2857,17,0.66,1,1538937651745,Entertainment,0.8712000000000001,0.53
S2by7acwkHT35Sn33,32a2b5312785ac4bf46992fd6d915fff276a694a45df988cd7a72e27006a2857,18,0.97,1,1538937651750,Entertainment,1.8818,0.49
CGQjy4dPGZBLfdZxe,1358d087a37527c8a20843d77bc2030026534eabb6d0ad0a7a904c5d097bfcc1,13,0.14,1,1538937796296,Entertainment,0.039200000000000006,0.36
kyYa6mJxzah3m7vWc,1358d087a37527c8a20843d77bc2030026534eabb6d0ad0a7a904c5d097bfcc1,14,0.75,1,1538937796304,Entertainment,0.125,0.665
Wo3LMGdrAzohZTscp,1358d087a37527c8a20843d77bc2030026534eabb6d0ad0a7a904c5d097bfcc1,15,0.8,1,1538937796312,Entertainment,1.2800000000000002,0.57
z6pkWJE5pCpjesYdo,1358d087a37527c8a20843d77bc2030026534eabb6d0ad0a7a904c5d097bfcc1,16,0.22,1,1538937796316,Entertainment,1.2168,0.515
F5FsmY9AaaiM5bCDK,1358d087a37527c8a20843d77bc2030026534eabb6d0ad0a7a904c5d097bfcc1,17,0.1,1,1538937796322,Entertainment,0.020000000000000004,0.49
CfWNXsxgL48t7m9CH,1358d087a37527c8a20843d77bc2030026534eabb6d0ad0a7a904c5d097bfcc1,18,0.5,1,1538937796326,Entertainment,0.5,0.665
nRmX6bbyjwzfKcWYd,102c33904490be3d72596276c128cf0ec6e721e9bee91ad6b1938d1901d9418c,1,0.58,1,1538937861830,Sports,0.35280000000000006,0.75
zY5Y4dMFZWsXYjgmJ,102c33904490be3d72596276c128cf0ec6e721e9bee91ad6b1938d1901d9418c,2,0.14,1,1538937861830,Sports,0.039200000000000006,0.325
ohQ3GiSGro96xNCpQ,102c33904490be3d72596276c128cf0ec6e721e9bee91ad6b1938d1901d9418c,3,0.13,1,1538937861831,Sports,0.033800000000000004,0.55
m7bfkAbaGd9FTXzw3,102c33904490be3d72596276c128cf0ec6e721e9bee91ad6b1938d1901d9418c,4,0.65,1,1538937861831,Sports,0.24499999999999997,0.66
cfTkpKAGGsTuxow6q,102c33904490be3d72596276c128cf0ec6e721e9bee91ad6b1938d1901d9418c,5,0.1,1,1538937861831,Sports,0.020000000000000004,0.455
EdnBBgCoMQrgS6sL3,102c33904490be3d72596276c128cf0ec6e721e9bee91ad6b1938d1901d9418c,6,0.59,1,1538937861831,Sports,0.6961999999999999,0.665
tvBBsYA62wdokmEGr,102c33904490be3d72596276c128cf0ec6e721e9bee91ad6b1938d1901d9418c,7,0.09,1,1538937914245,Politics,0.0162,0.27
jTxdEreecaAabb9MT,102c33904490be3d72596276c128cf0ec6e721e9bee91ad6b1938d1901d9418c,8,0.02,1,1538937914248,Politics,1.9207999999999998,0.32
uRsNJD77XjqyFpXGk,102c33904490be3d72596276c128cf0ec6e721e9bee91ad6b1938d1901d9418c,9,0.3,1,1538937914248,Politics,0.18,0.715
SsPvfbJLpRqvh5EDW,102c33904490be3d72596276c128cf0ec6e721e9bee91ad6b1938d1901d9418c,10,0.22,1,1538937914248,Politics,0.0968,0.535
2u3sFuqNJG6o6nTzB,102c33904490be3d72596276c128cf0ec6e721e9bee91ad6b1938d1901d9418c,11,0,1,1538937914248,Politics,0,0.44
oKpGt55JsbScq9GPh,102c33904490be3d72596276c128cf0ec6e721e9bee91ad6b1938d1901d9418c,12,0,1,1538937914249,Politics,0,0.515
f9QQpopXGmGxhPCHt,102c33904490be3d72596276c128cf0ec6e721e9bee91ad6b1938d1901d9418c,13,0.7,1,1538937957756,Entertainment,0.9799999999999999,0.55
M4oLyBPXZKNpxP92q,102c33904490be3d72596276c128cf0ec6e721e9bee91ad6b1938d1901d9418c,14,0.28,1,1538937957757,Entertainment,1.0368,0.405
zEAXqxFCvSdNQdrdH,102c33904490be3d72596276c128cf0ec6e721e9bee91ad6b1938d1901d9418c,15,0.78,1,1538937957759,Entertainment,1.2168,0.59
sED2bZrkxgCXy5bjb,102c33904490be3d72596276c128cf0ec6e721e9bee91ad6b1938d1901d9418c,16,0.27,1,1538937957759,Entertainment,1.0657999999999999,0.54
9r8kyAbLpqBQd4zFx,102c33904490be3d72596276c128cf0ec6e721e9bee91ad6b1938d1901d9418c,17,0.2,1,1538937957759,Entertainment,0.08000000000000002,0.445
AK8jWAQeZa4t3hHsB,102c33904490be3d72596276c128cf0ec6e721e9bee91ad6b1938d1901d9418c,18,0.39,1,1538937957759,Entertainment,0.3042,0.69
hZu2KzM2D9qcZExh6,5244277fafff77868274e03b185991bc54a36c2782c275268d40957fc54335fd,1,0.56,1,1538938327282,Sports,0.38719999999999993,0.575
E2hWSPyExRCSe3464,5244277fafff77868274e03b185991bc54a36c2782c275268d40957fc54335fd,2,0.65,1,1538938327289,Sports,0.8450000000000001,0.63
gnAv2aFnyK5NEF7nQ,5244277fafff77868274e03b185991bc54a36c2782c275268d40957fc54335fd,3,0.04,1,1538938327290,Sports,0.0032,0.26
CJg938GEW83sW5CMF,5244277fafff77868274e03b185991bc54a36c2782c275268d40957fc54335fd,4,0.33,1,1538938327293,Sports,0.8977999999999998,0.635
vHxjFKSSN3uRJGb9e,5244277fafff77868274e03b185991bc54a36c2782c275268d40957fc54335fd,5,0.4,1,1538938327294,Sports,0.32000000000000006,0.535
hTnM5KNezdowFoiLA,5244277fafff77868274e03b185991bc54a36c2782c275268d40957fc54335fd,6,0.22,1,1538938327295,Sports,0.0968,0.49
A7WurbcukwTnPcWpQ,5244277fafff77868274e03b185991bc54a36c2782c275268d40957fc54335fd,7,0.32,1,1538938434280,Politics,0.2048,0.675
NtWrDHPZSs8dHPRKa,5244277fafff77868274e03b185991bc54a36c2782c275268d40957fc54335fd,8,0.43,1,1538938434285,Politics,0.6498000000000002,0.61
4mgkLMLvzS3RQbPE4,5244277fafff77868274e03b185991bc54a36c2782c275268d40957fc54335fd,9,0.18,1,1538938434286,Politics,0.0648,0.395
LmT87JZEzFWWJ65ib,5244277fafff77868274e03b185991bc54a36c2782c275268d40957fc54335fd,10,0.17,1,1538938434288,Politics,0.05780000000000001,0.455
br8iZiGFcsWhZtECs,5244277fafff77868274e03b185991bc54a36c2782c275268d40957fc54335fd,11,0.65,1,1538938434289,Politics,0.8450000000000001,0.455
mbHRrAmcFuFygNJHZ,5244277fafff77868274e03b185991bc54a36c2782c275268d40957fc54335fd,12,0.69,1,1538938434289,Politics,0.9521999999999998,0.36
3ijfSgZRbGXo6zSqa,5244277fafff77868274e03b185991bc54a36c2782c275268d40957fc54335fd,13,0.38,1,1538938479087,Entertainment,0.2888,0.595
LKcidieY5omH64rsL,5244277fafff77868274e03b185991bc54a36c2782c275268d40957fc54335fd,14,0.64,1,1538938479088,Entertainment,0.2592,0.505
AEBs3g2upjLDKnYx6,5244277fafff77868274e03b185991bc54a36c2782c275268d40957fc54335fd,15,0.39,1,1538938479090,Entertainment,0.3042,0.55
Anu45WniBwS9RA2gA,5244277fafff77868274e03b185991bc54a36c2782c275268d40957fc54335fd,16,0.57,1,1538938479093,Entertainment,0.3698000000000001,0.56
p6uxHtc2qCaGuNv2S,5244277fafff77868274e03b185991bc54a36c2782c275268d40957fc54335fd,17,0.4,1,1538938479094,Entertainment,0.32000000000000006,0.56
83GGbq43aWZkPov5w,5244277fafff77868274e03b185991bc54a36c2782c275268d40957fc54335fd,18,0.25,1,1538938479097,Entertainment,0.125,0.485
seX5mp69h6WQtrtXP,2bc951daeef2a81a56c67de79b34b80cbf1553a36372cb991e998a31f685f74f,1,0.5,1,1538938896999,Sports,0.5,0.545
mLEorbgbQTdv77ZaJ,2bc951daeef2a81a56c67de79b34b80cbf1553a36372cb991e998a31f685f74f,2,0.52,1,1538938897009,Sports,0.5408000000000001,0.61
8QhBaMpcWcu7QT7NA,2bc951daeef2a81a56c67de79b34b80cbf1553a36372cb991e998a31f685f74f,3,0.44,1,1538938897015,Sports,0.3872,0.47
TAZXLZ52etKi6P47b,2bc951daeef2a81a56c67de79b34b80cbf1553a36372cb991e998a31f685f74f,4,0.56,1,1538938897020,Sports,0.38719999999999993,0.655
uXQZdEw3p2BbZqxha,2bc951daeef2a81a56c67de79b34b80cbf1553a36372cb991e998a31f685f74f,5,0.44,1,1538938897025,Sports,0.3872,0.555
rAz8RmTshPg3qYFtE,2bc951daeef2a81a56c67de79b34b80cbf1553a36372cb991e998a31f685f74f,6,0.49,1,1538938897028,Sports,0.48019999999999996,0.565
NxfHNXmGw2SGQrooN,2bc951daeef2a81a56c67de79b34b80cbf1553a36372cb991e998a31f685f74f,7,0.36,1,1538938931372,Politics,0.2592,0.605
gACQRy6qYz6cxfoZD,2bc951daeef2a81a56c67de79b34b80cbf1553a36372cb991e998a31f685f74f,8,0.4,1,1538938931377,Politics,0.72,0.625
6FwwcT38oytN32RyZ,2bc951daeef2a81a56c67de79b34b80cbf1553a36372cb991e998a31f685f74f,9,0.4,1,1538938931379,Politics,0.32000000000000006,0.565
sQ3rTEyxvEjxT3pqG,2bc951daeef2a81a56c67de79b34b80cbf1553a36372cb991e998a31f685f74f,10,0.23,1,1538938931382,Politics,0.1058,0.39
4hy5W274iaDtQP4vH,2bc951daeef2a81a56c67de79b34b80cbf1553a36372cb991e998a31f685f74f,11,0.33,1,1538938931394,Politics,0.21780000000000002,0.54
ihwzsnfuLq6SwfZak,2bc951daeef2a81a56c67de79b34b80cbf1553a36372cb991e998a31f685f74f,12,0.2,1,1538938931396,Politics,0.08000000000000002,0.41
FATxagKRq7NongND2,2bc951daeef2a81a56c67de79b34b80cbf1553a36372cb991e998a31f685f74f,13,0.64,1,1538938984087,Entertainment,0.8192,0.54
p47jsGrWaePRQQ2dq,2bc951daeef2a81a56c67de79b34b80cbf1553a36372cb991e998a31f685f74f,14,0.56,1,1538938984091,Entertainment,0.38719999999999993,0.615
cGQBkDcHucmzHJ9jq,2bc951daeef2a81a56c67de79b34b80cbf1553a36372cb991e998a31f685f74f,15,0.44,1,1538938984095,Entertainment,0.3872,0.52
2vxEM9WzgvoyjEfxo,2bc951daeef2a81a56c67de79b34b80cbf1553a36372cb991e998a31f685f74f,16,0.23,1,1538938984099,Entertainment,1.1858,0.4
LC838N4khK4J2dJE3,2bc951daeef2a81a56c67de79b34b80cbf1553a36372cb991e998a31f685f74f,17,0.39,1,1538938984100,Entertainment,0.3042,0.61
brECzJNDKBssCK6T8,2bc951daeef2a81a56c67de79b34b80cbf1553a36372cb991e998a31f685f74f,18,0.08,1,1538938984105,Entertainment,0.0128,0.26
5ms25AhPwXSeCSssH,0daff32815cc837c0bc52a0395113f1897a71d211940393a00384f5594e4d09a,1,0.49,1,1538944227049,Sports,0.5202,0.64
HLc27BNnrJ9FZvbnL,0daff32815cc837c0bc52a0395113f1897a71d211940393a00384f5594e4d09a,2,0.89,1,1538944227049,Sports,1.5842,0.6
tYBCTzdDWPbp9DpiT,0daff32815cc837c0bc52a0395113f1897a71d211940393a00384f5594e4d09a,3,0.45,1,1538944227049,Sports,0.405,0.55
KfiKuM5xzKnvZCdpA,0daff32815cc837c0bc52a0395113f1897a71d211940393a00384f5594e4d09a,4,0.74,1,1538944227050,Sports,0.13520000000000001,0.635
qNArct3Kr8vpfTjG2,0daff32815cc837c0bc52a0395113f1897a71d211940393a00384f5594e4d09a,5,0.14,1,1538944227051,Sports,0.039200000000000006,0.44
34hZZapJ6uKiwQFAK,0daff32815cc837c0bc52a0395113f1897a71d211940393a00384f5594e4d09a,6,0.15,1,1538944227051,Sports,0.045,0.34
oSwq4FutyxesqkQ8u,0daff32815cc837c0bc52a0395113f1897a71d211940393a00384f5594e4d09a,7,0.97,1,1538944395020,Politics,1.8818,0.69
r5zr2vuWwhH87WYdx,0daff32815cc837c0bc52a0395113f1897a71d211940393a00384f5594e4d09a,8,0.26,1,1538944395021,Politics,1.0952,0.405
ugwfycYd9PifivXPB,0daff32815cc837c0bc52a0395113f1897a71d211940393a00384f5594e4d09a,9,0,1,1538944395022,Politics,0,0.335
BuiZPL6HhZF4ipf2h,0daff32815cc837c0bc52a0395113f1897a71d211940393a00384f5594e4d09a,10,0.96,1,1538944395022,Politics,1.8432,0.35
ygfNKkmFFdXotuB4X,0daff32815cc837c0bc52a0395113f1897a71d211940393a00384f5594e4d09a,11,0.94,1,1538944395022,Politics,1.7671999999999999,0.465
zP4fmzvtsGupaQvRK,0daff32815cc837c0bc52a0395113f1897a71d211940393a00384f5594e4d09a,12,0.94,1,1538944395023,Politics,1.7671999999999999,0.375
shu43kXfuuX94T759,ccebe0e5bd03185a224c5ad1f81ab98f071b92fb718cac3f6560635ad583cba1,1,0.84,1,1538944397141,Sports,0.05120000000000002,0.695
Sdp4YB6mwWj8ABbaM,ccebe0e5bd03185a224c5ad1f81ab98f071b92fb718cac3f6560635ad583cba1,2,0.28,1,1538944397142,Sports,0.15680000000000002,0.505
Kj4YPcShxxDiieYFk,ccebe0e5bd03185a224c5ad1f81ab98f071b92fb718cac3f6560635ad583cba1,3,0.18,1,1538944397144,Sports,0.0648,0.615
swrsMG8EkDJNdcaGA,ccebe0e5bd03185a224c5ad1f81ab98f071b92fb718cac3f6560635ad583cba1,4,0.77,1,1538944397146,Sports,0.10579999999999998,0.74
iZmz3emfbbxkrP99h,ccebe0e5bd03185a224c5ad1f81ab98f071b92fb718cac3f6560635ad583cba1,5,0.92,1,1538944397147,Sports,1.6928,0.575
M4Ra5s3gCZMyqLEsu,ccebe0e5bd03185a224c5ad1f81ab98f071b92fb718cac3f6560635ad583cba1,6,0.86,1,1538944397149,Sports,1.4791999999999998,0.67
xYuGcqYXhfmzwwK7b,ccebe0e5bd03185a224c5ad1f81ab98f071b92fb718cac3f6560635ad583cba1,7,0.07,1,1538944466801,Politics,0.009800000000000001,0.355
vPzWY6Pim2fQWDxZX,ccebe0e5bd03185a224c5ad1f81ab98f071b92fb718cac3f6560635ad583cba1,8,0.12,1,1538944466801,Politics,1.5488,0.505
DKyu9JBNhsKxcEm6F,ccebe0e5bd03185a224c5ad1f81ab98f071b92fb718cac3f6560635ad583cba1,9,0.57,1,1538944466803,Politics,0.6497999999999999,0.645
sWQrvgLbGMqhHovwT,ccebe0e5bd03185a224c5ad1f81ab98f071b92fb718cac3f6560635ad583cba1,10,0.27,1,1538944466804,Politics,0.1458,0.555
rqEeidiWANLrXHtZe,ccebe0e5bd03185a224c5ad1f81ab98f071b92fb718cac3f6560635ad583cba1,11,0.06,1,1538944466805,Politics,0.0072,0.42
cuQs2JAGXymgdkTYv,ccebe0e5bd03185a224c5ad1f81ab98f071b92fb718cac3f6560635ad583cba1,12,0.01,1,1538944466807,Politics,2e-4,0.445
DncAwCS52jHqxpYWt,ccebe0e5bd03185a224c5ad1f81ab98f071b92fb718cac3f6560635ad583cba1,13,0.06,1,1538944571215,Entertainment,0.0072,0.34
DtZCzjfzGhXezqH8r,ccebe0e5bd03185a224c5ad1f81ab98f071b92fb718cac3f6560635ad583cba1,14,0.06,1,1538944571217,Entertainment,1.7671999999999999,0.315
eSNEHTXq6HkA6HKuu,ccebe0e5bd03185a224c5ad1f81ab98f071b92fb718cac3f6560635ad583cba1,15,0.01,1,1538944571218,Entertainment,2e-4,0.4
pGzD9iPoBkxM3T3PH,ccebe0e5bd03185a224c5ad1f81ab98f071b92fb718cac3f6560635ad583cba1,16,0.33,1,1538944571219,Entertainment,0.8977999999999998,0.72
mEvjHyB6xeFehqGNv,ccebe0e5bd03185a224c5ad1f81ab98f071b92fb718cac3f6560635ad583cba1,17,0.03,1,1538944571221,Entertainment,0.0018,0.38
KJ9pYM6pdwGgB9upG,ccebe0e5bd03185a224c5ad1f81ab98f071b92fb718cac3f6560635ad583cba1,18,0.13,1,1538944571222,Entertainment,0.033800000000000004,0.52
zykyjE4Zp9BBaX9Sk,0daff32815cc837c0bc52a0395113f1897a71d211940393a00384f5594e4d09a,13,0.83,1,1538944582421,Entertainment,1.3778,0.48
5zdaSqee3P8uZ9zQy,0daff32815cc837c0bc52a0395113f1897a71d211940393a00384f5594e4d09a,14,0.27,1,1538944582422,Entertainment,1.0657999999999999,0.37
TkwSNb8n9xBwFh9ed,0daff32815cc837c0bc52a0395113f1897a71d211940393a00384f5594e4d09a,15,0.65,1,1538944582422,Entertainment,0.8450000000000001,0.565
78gtJHtrK3x4sCxGg,0daff32815cc837c0bc52a0395113f1897a71d211940393a00384f5594e4d09a,16,0.49,1,1538944582422,Entertainment,0.5202,0.6
bjPQAFvLddKDvjLLM,0daff32815cc837c0bc52a0395113f1897a71d211940393a00384f5594e4d09a,17,0.83,1,1538944582424,Entertainment,1.3778,0.525
chkJ6pPkRpM7LkQC3,0daff32815cc837c0bc52a0395113f1897a71d211940393a00384f5594e4d09a,18,0.27,1,1538944582424,Entertainment,0.1458,0.525
FSomxYM3Deg3yEYfP,9825125c9122325ba052cf59e1e68b451885aa798884d942bfb07ca06112aacc,1,0.75,1,1538947817417,Sports,0.125,0.63
br3KQebWPzM5R4oAA,9825125c9122325ba052cf59e1e68b451885aa798884d942bfb07ca06112aacc,2,0.23,1,1538947817418,Sports,0.1058,0.43
HnBG2QybMruYQShaQ,9825125c9122325ba052cf59e1e68b451885aa798884d942bfb07ca06112aacc,3,0.42,1,1538947817419,Sports,0.35279999999999995,0.545
ZdTmCAdBZ9e4PxZMW,9825125c9122325ba052cf59e1e68b451885aa798884d942bfb07ca06112aacc,4,0.73,1,1538947817419,Sports,0.1458,0.645
BxGDFiyAqaWu7WFBq,9825125c9122325ba052cf59e1e68b451885aa798884d942bfb07ca06112aacc,5,0.15,1,1538947817419,Sports,0.045,0.355
LLkTvyKPKSXy8w3pq,9825125c9122325ba052cf59e1e68b451885aa798884d942bfb07ca06112aacc,6,0.59,1,1538947817420,Sports,0.6961999999999999,0.63
mduLEWTwRHEBHjQzu,9825125c9122325ba052cf59e1e68b451885aa798884d942bfb07ca06112aacc,7,0.57,1,1538947856486,Politics,0.6497999999999999,0.62
tR5TrtsHnLEPcExHH,9825125c9122325ba052cf59e1e68b451885aa798884d942bfb07ca06112aacc,8,0.61,1,1538947856486,Politics,0.3042,0.56
t9RHB5BJPMwuLR82b,9825125c9122325ba052cf59e1e68b451885aa798884d942bfb07ca06112aacc,9,0.61,1,1538947856487,Politics,0.7442,0.575
TveeHEawW7pFMqsnG,9825125c9122325ba052cf59e1e68b451885aa798884d942bfb07ca06112aacc,10,0.14,1,1538947856488,Politics,0.039200000000000006,0.525
4Emu4grc4SmDDtJeh,9825125c9122325ba052cf59e1e68b451885aa798884d942bfb07ca06112aacc,11,0.17,1,1538947856488,Politics,0.05780000000000001,0.495
5pFaZPzgKWFdeBQnC,9825125c9122325ba052cf59e1e68b451885aa798884d942bfb07ca06112aacc,12,0.1,1,1538947856489,Politics,0.020000000000000004,0.53
RCfvoTnkEaXwBvGMJ,9825125c9122325ba052cf59e1e68b451885aa798884d942bfb07ca06112aacc,13,0.22,1,1538947885721,Entertainment,0.0968,0.43
yE8vjSdNADhJmqWGf,9825125c9122325ba052cf59e1e68b451885aa798884d942bfb07ca06112aacc,14,0.92,1,1538947885721,Entertainment,0.012799999999999987,0.57
8ya9sRo6t3XxYY3yw,9825125c9122325ba052cf59e1e68b451885aa798884d942bfb07ca06112aacc,15,0.88,1,1538947885722,Entertainment,1.5488,0.575
N5dikHpjBBpLE6DBB,9825125c9122325ba052cf59e1e68b451885aa798884d942bfb07ca06112aacc,16,0.68,1,1538947885722,Entertainment,0.20479999999999993,0.525
PRMgtBmkxQkPfhG3p,9825125c9122325ba052cf59e1e68b451885aa798884d942bfb07ca06112aacc,17,0.63,1,1538947885723,Entertainment,0.7938000000000001,0.47
qLGQehEjRPxeubJoZ,9825125c9122325ba052cf59e1e68b451885aa798884d942bfb07ca06112aacc,18,0.81,1,1538947885723,Entertainment,1.3122000000000003,0.535
sAN9omyk6W756cDua,54381bd5c4af06d52b8c5ed167a15b96d73c2b30ea86ec05c2017fe3465a3b63,1,0.45,1,1538949129569,Sports,0.6050000000000001,0.585
x4iKuCtpNRdWMq8nM,54381bd5c4af06d52b8c5ed167a15b96d73c2b30ea86ec05c2017fe3465a3b63,2,0.6,1,1538949129574,Sports,0.72,0.565
peWvMaAZvEd3JBmbd,54381bd5c4af06d52b8c5ed167a15b96d73c2b30ea86ec05c2017fe3465a3b63,3,0.58,1,1538949129577,Sports,0.6728,0.53
aRo2zEsjFgBbFmmng,54381bd5c4af06d52b8c5ed167a15b96d73c2b30ea86ec05c2017fe3465a3b63,4,0.49,1,1538949129580,Sports,0.5202,0.605
9KjfcDemx7mMGa3iB,54381bd5c4af06d52b8c5ed167a15b96d73c2b30ea86ec05c2017fe3465a3b63,5,0.56,1,1538949129582,Sports,0.6272000000000001,0.565
ZjaqDHtMcC9JcENsC,54381bd5c4af06d52b8c5ed167a15b96d73c2b30ea86ec05c2017fe3465a3b63,6,0.43,1,1538949129585,Sports,0.36979999999999996,0.57
NiqyTHtoz8fa7w7uN,54381bd5c4af06d52b8c5ed167a15b96d73c2b30ea86ec05c2017fe3465a3b63,7,0.4,1,1538949171884,Politics,0.32000000000000006,0.565
QrRKvhxbMhce7Fo5q,54381bd5c4af06d52b8c5ed167a15b96d73c2b30ea86ec05c2017fe3465a3b63,8,0.35,1,1538949171888,Politics,0.8450000000000001,0.58
EvxFiYhRgnArz7tbR,54381bd5c4af06d52b8c5ed167a15b96d73c2b30ea86ec05c2017fe3465a3b63,9,0.38,1,1538949171889,Politics,0.2888,0.57
6GLJZMhSu96kaCziN,54381bd5c4af06d52b8c5ed167a15b96d73c2b30ea86ec05c2017fe3465a3b63,10,0.25,1,1538949171891,Politics,0.125,0.43
z8GgmEbnAaNp7WhP6,54381bd5c4af06d52b8c5ed167a15b96d73c2b30ea86ec05c2017fe3465a3b63,11,0.4,1,1538949171893,Politics,0.32000000000000006,0.41
cqRzd2hQxMPnm4CXF,54381bd5c4af06d52b8c5ed167a15b96d73c2b30ea86ec05c2017fe3465a3b63,12,0.39,1,1538949171894,Politics,0.3042,0.505
cp2MWjWhJYqAa22Ec,54381bd5c4af06d52b8c5ed167a15b96d73c2b30ea86ec05c2017fe3465a3b63,13,0.28,1,1538949206012,Entertainment,0.15680000000000002,0.3
7fj2PgvzqrCdjuxFn,54381bd5c4af06d52b8c5ed167a15b96d73c2b30ea86ec05c2017fe3465a3b63,14,0.46,1,1538949206015,Entertainment,0.5832,0.555
482RWrZqJWhCbv7xM,54381bd5c4af06d52b8c5ed167a15b96d73c2b30ea86ec05c2017fe3465a3b63,15,0.7,1,1538949206016,Entertainment,0.9799999999999999,0.52
aHGG456nTEYvzavjp,54381bd5c4af06d52b8c5ed167a15b96d73c2b30ea86ec05c2017fe3465a3b63,16,0.63,1,1538949206018,Entertainment,0.2738,0.475
Cje6cYqD6yWqmDeYg,54381bd5c4af06d52b8c5ed167a15b96d73c2b30ea86ec05c2017fe3465a3b63,17,0.34,1,1538949206020,Entertainment,0.23120000000000004,0.6
L6f4fAhueQjJhTNHt,54381bd5c4af06d52b8c5ed167a15b96d73c2b30ea86ec05c2017fe3465a3b63,18,0.25,1,1538949206021,Entertainment,0.125,0.365
yooPR7MNxfmkdZtMa,07379e28b332cf4e9dfc8595ecfb84fdc082a3b17fd80ef2edca323b85b4c4db,1,0.8,1,1538950385581,Sports,0.07999999999999996,0.595
knoWEfkoENTgSSBSi,07379e28b332cf4e9dfc8595ecfb84fdc082a3b17fd80ef2edca323b85b4c4db,2,0.2,1,1538950385583,Sports,0.08000000000000002,0.43
XQBveYFcJvjGgJFzJ,07379e28b332cf4e9dfc8595ecfb84fdc082a3b17fd80ef2edca323b85b4c4db,3,0,1,1538950385584,Sports,0,0.38
bBmS7Q8qzEbdivbEr,07379e28b332cf4e9dfc8595ecfb84fdc082a3b17fd80ef2edca323b85b4c4db,4,0.56,1,1538950385584,Sports,0.38719999999999993,0.675
4AFPQHNh5mMbgSXZw,07379e28b332cf4e9dfc8595ecfb84fdc082a3b17fd80ef2edca323b85b4c4db,5,0.5,1,1538950385585,Sports,0.5,0.555
dxGMvZoxQHDSGc2eM,07379e28b332cf4e9dfc8595ecfb84fdc082a3b17fd80ef2edca323b85b4c4db,6,0.86,1,1538950385586,Sports,1.4791999999999998,0.565
mp5fxEuBJocnuTs75,07379e28b332cf4e9dfc8595ecfb84fdc082a3b17fd80ef2edca323b85b4c4db,7,0.72,1,1538950506775,Politics,1.0368,0.56
auwiCANE2ZXNqhgY6,07379e28b332cf4e9dfc8595ecfb84fdc082a3b17fd80ef2edca323b85b4c4db,8,0.8,1,1538950506775,Politics,0.07999999999999996,0.585
PCsAWhK3D2zqk4rGe,07379e28b332cf4e9dfc8595ecfb84fdc082a3b17fd80ef2edca323b85b4c4db,9,0.25,1,1538950506776,Politics,0.125,0.52
uLnaNww55xJuDMRCt,07379e28b332cf4e9dfc8595ecfb84fdc082a3b17fd80ef2edca323b85b4c4db,10,0.17,1,1538950506777,Politics,0.05780000000000001,0.545
tweRCv7wyhnL6Fs9W,07379e28b332cf4e9dfc8595ecfb84fdc082a3b17fd80ef2edca323b85b4c4db,11,0.14,1,1538950506777,Politics,0.039200000000000006,0.495
zjRktudLJzqYLZ79u,07379e28b332cf4e9dfc8595ecfb84fdc082a3b17fd80ef2edca323b85b4c4db,12,0.66,1,1538950506778,Politics,0.8712000000000001,0.41
aEQWJ2v2dCbxDWfda,07379e28b332cf4e9dfc8595ecfb84fdc082a3b17fd80ef2edca323b85b4c4db,13,0.48,1,1538950635352,Entertainment,0.4608,0.595
vC3nYB38GMaXTufw7,07379e28b332cf4e9dfc8595ecfb84fdc082a3b17fd80ef2edca323b85b4c4db,14,0.85,1,1538950635353,Entertainment,0.04500000000000001,0.56
zPYz3k8LW4uj8wiX2,07379e28b332cf4e9dfc8595ecfb84fdc082a3b17fd80ef2edca323b85b4c4db,15,0.31,1,1538950635354,Entertainment,0.1922,0.585
kDmXchg87zk2Z4JAv,07379e28b332cf4e9dfc8595ecfb84fdc082a3b17fd80ef2edca323b85b4c4db,16,0.7,1,1538950635355,Entertainment,0.18000000000000005,0.52
9Km5HP7SnJe3eeoqo,07379e28b332cf4e9dfc8595ecfb84fdc082a3b17fd80ef2edca323b85b4c4db,17,0.72,1,1538950635355,Entertainment,1.0368,0.495
jo4GBh5GGZMhfLQnN,07379e28b332cf4e9dfc8595ecfb84fdc082a3b17fd80ef2edca323b85b4c4db,18,0.33,1,1538950635356,Entertainment,0.21780000000000002,0.665
hiBymGCKG9MzW4xxF,54144f7dd571a67513c343bbf0b430d0a11af3442a7b88a0d72668d11e104590,1,0.5,1,1538951912896,Sports,0.5,0.575
TxzEyZnyEKpeyE9fW,54144f7dd571a67513c343bbf0b430d0a11af3442a7b88a0d72668d11e104590,2,0.5,1,1538951912897,Sports,0.5,0.54
6h4NAXsQrzy2mxwSd,54144f7dd571a67513c343bbf0b430d0a11af3442a7b88a0d72668d11e104590,3,0.39,1,1538951912897,Sports,0.3042,0.515
SaPmXdGvKEyNcJ884,54144f7dd571a67513c343bbf0b430d0a11af3442a7b88a0d72668d11e104590,4,0.52,1,1538951912898,Sports,0.4608,0.605
Zi7fZoPBRjFHmWrX9,54144f7dd571a67513c343bbf0b430d0a11af3442a7b88a0d72668d11e104590,5,0.41,1,1538951912898,Sports,0.33619999999999994,0.525
xcrwJWHWMWTHxoc9Z,54144f7dd571a67513c343bbf0b430d0a11af3442a7b88a0d72668d11e104590,6,0.53,1,1538951912898,Sports,0.5618000000000001,0.485
PiZKLQjfyhKCPWdKb,54144f7dd571a67513c343bbf0b430d0a11af3442a7b88a0d72668d11e104590,7,0.44,1,1538951915129,Politics,0.3872,0.525
cAwcuimCBd3cCFkYw,54144f7dd571a67513c343bbf0b430d0a11af3442a7b88a0d72668d11e104590,8,0.55,1,1538951915129,Politics,0.4049999999999999,0.575
QpRQhK3jRRge3pQpi,54144f7dd571a67513c343bbf0b430d0a11af3442a7b88a0d72668d11e104590,9,0.44,1,1538951915129,Politics,0.3872,0.525
zunP7WBTdjYARgFut,54144f7dd571a67513c343bbf0b430d0a11af3442a7b88a0d72668d11e104590,10,0.3,1,1538951915129,Politics,0.18,0.515
mXWbfZfLLB6eh6gPT,54144f7dd571a67513c343bbf0b430d0a11af3442a7b88a0d72668d11e104590,11,0.5,1,1538951915130,Politics,0.5,0.42
BWTg3du4SFgyoE2ee,54144f7dd571a67513c343bbf0b430d0a11af3442a7b88a0d72668d11e104590,12,0.5,1,1538951915130,Politics,0.5,0.305
gdSk4tfmCZFSBgZqG,54144f7dd571a67513c343bbf0b430d0a11af3442a7b88a0d72668d11e104590,13,0.64,1,1538951916832,Entertainment,0.8192,0.48
WZjtK9SD5ugehPAQ7,54144f7dd571a67513c343bbf0b430d0a11af3442a7b88a0d72668d11e104590,14,0.48,1,1538951916833,Entertainment,0.5408000000000001,0.565
TFFADsjQGuMj3Mz82,54144f7dd571a67513c343bbf0b430d0a11af3442a7b88a0d72668d11e104590,15,0.47,1,1538951916834,Entertainment,0.44179999999999997,0.495
REhZQPYFqfqZg99xk,54144f7dd571a67513c343bbf0b430d0a11af3442a7b88a0d72668d11e104590,16,0.64,1,1538951916834,Entertainment,0.2592,0.48
wDzvkkHZEayrk8SNL,54144f7dd571a67513c343bbf0b430d0a11af3442a7b88a0d72668d11e104590,17,0.57,1,1538951916834,Entertainment,0.6497999999999999,0.5
QYQMj7eRxXGTFrBgb,54144f7dd571a67513c343bbf0b430d0a11af3442a7b88a0d72668d11e104590,18,0.47,1,1538951916834,Entertainment,0.44179999999999997,0.505
7dGmRsCy8zKAv6bzC,73ae3fd863abb1d26fe0a5a1060ca0c5dd26d53597d344a4f31fb1e3d8b2e168,1,0.33,1,1538952414243,Sports,0.8977999999999998,0.68
c8BWocjWJekKKTk6E,73ae3fd863abb1d26fe0a5a1060ca0c5dd26d53597d344a4f31fb1e3d8b2e168,2,0.95,1,1538952414244,Sports,1.805,0.645
D4ZquocMvN3YbkvPf,73ae3fd863abb1d26fe0a5a1060ca0c5dd26d53597d344a4f31fb1e3d8b2e168,3,0.05,1,1538952414246,Sports,0.005000000000000001,0.33
7kf6SLLuGxuBAyyNP,73ae3fd863abb1d26fe0a5a1060ca0c5dd26d53597d344a4f31fb1e3d8b2e168,4,0.61,1,1538952414248,Sports,0.3042,0.655
Wc32oZoTxGbjQgxGF,73ae3fd863abb1d26fe0a5a1060ca0c5dd26d53597d344a4f31fb1e3d8b2e168,5,0.94,1,1538952414249,Sports,1.7671999999999999,0.54
p8iW9RpH5Pwm7yMMk,73ae3fd863abb1d26fe0a5a1060ca0c5dd26d53597d344a4f31fb1e3d8b2e168,6,0.45,1,1538952414249,Sports,0.405,0.6
6qz7Sf2wYA8GkN9wY,73ae3fd863abb1d26fe0a5a1060ca0c5dd26d53597d344a4f31fb1e3d8b2e168,7,0.4,1,1538952450209,Politics,0.32000000000000006,0.645
wgYq6tkyEqcTsKZr5,73ae3fd863abb1d26fe0a5a1060ca0c5dd26d53597d344a4f31fb1e3d8b2e168,8,0.67,1,1538952450211,Politics,0.21779999999999994,0.575
Zi29tuJaM5JcDsdoE,73ae3fd863abb1d26fe0a5a1060ca0c5dd26d53597d344a4f31fb1e3d8b2e168,9,0.17,1,1538952450212,Politics,0.05780000000000001,0.39
QorZdJvdohz3JGgds,73ae3fd863abb1d26fe0a5a1060ca0c5dd26d53597d344a4f31fb1e3d8b2e168,10,0.12,1,1538952450214,Politics,0.0288,0.535
sPqSw7P7MkunWwCFr,73ae3fd863abb1d26fe0a5a1060ca0c5dd26d53597d344a4f31fb1e3d8b2e168,11,0.24,1,1538952450215,Politics,0.1152,0.515
BzeretJWY52y5iZrn,73ae3fd863abb1d26fe0a5a1060ca0c5dd26d53597d344a4f31fb1e3d8b2e168,12,0.1,1,1538952450217,Politics,0.020000000000000004,0.515
EgFaSeK6R22mSjdaz,73ae3fd863abb1d26fe0a5a1060ca0c5dd26d53597d344a4f31fb1e3d8b2e168,13,0.84,1,1538952517390,Entertainment,1.4111999999999998,0.55
qETS8RwCJ9be8ieS9,73ae3fd863abb1d26fe0a5a1060ca0c5dd26d53597d344a4f31fb1e3d8b2e168,14,0.82,1,1538952517394,Entertainment,0.06480000000000004,0.54
WxdkAxxm9cmiiZBdw,73ae3fd863abb1d26fe0a5a1060ca0c5dd26d53597d344a4f31fb1e3d8b2e168,15,0.75,1,1538952517395,Entertainment,1.125,0.605
r3H6FoJhboA5XYRbd,73ae3fd863abb1d26fe0a5a1060ca0c5dd26d53597d344a4f31fb1e3d8b2e168,16,0.33,1,1538952517396,Entertainment,0.8977999999999998,0.61
EYoiHGQcZgGuJsTiQ,73ae3fd863abb1d26fe0a5a1060ca0c5dd26d53597d344a4f31fb1e3d8b2e168,17,0.24,1,1538952517397,Entertainment,0.1152,0.41
cvTbXqQGi7QaXo4io,73ae3fd863abb1d26fe0a5a1060ca0c5dd26d53597d344a4f31fb1e3d8b2e168,18,0.6,1,1538952517399,Entertainment,0.72,0.51
in7seMssoer2KSSCR,5506f67b5c22bc88d56894a23af5ad3fff4242d487d276b9b8bdfef21f1c769d,1,0.63,1,1538954291495,Sports,0.2738,0.565
RmYrrsZ6ofJPA8oGS,5506f67b5c22bc88d56894a23af5ad3fff4242d487d276b9b8bdfef21f1c769d,2,0.78,1,1538954291508,Sports,1.2168,0.61
R2fGhaWJpQEi99xBf,5506f67b5c22bc88d56894a23af5ad3fff4242d487d276b9b8bdfef21f1c769d,3,0.73,1,1538954291510,Sports,1.0657999999999999,0.44
GigWiGmyBqpXDEhrn,5506f67b5c22bc88d56894a23af5ad3fff4242d487d276b9b8bdfef21f1c769d,4,0.27,1,1538954291513,Sports,1.0657999999999999,0.35
tDs7Ev2aZXHickAhn,5506f67b5c22bc88d56894a23af5ad3fff4242d487d276b9b8bdfef21f1c769d,5,0.69,1,1538954291514,Sports,0.9521999999999998,0.54
KQH5EKSekEeFj3cNn,5506f67b5c22bc88d56894a23af5ad3fff4242d487d276b9b8bdfef21f1c769d,6,0.05,1,1538954291515,Sports,0.005000000000000001,0.23
J9LDtiRW2DSZpQ73X,5506f67b5c22bc88d56894a23af5ad3fff4242d487d276b9b8bdfef21f1c769d,7,0.78,1,1538954312394,Politics,1.2168,0.56
aCp83DvttpWCcoc6G,5506f67b5c22bc88d56894a23af5ad3fff4242d487d276b9b8bdfef21f1c769d,8,0.28,1,1538954312399,Politics,1.0368,0.47
C3TdrJYyBe3uXpH7s,5506f67b5c22bc88d56894a23af5ad3fff4242d487d276b9b8bdfef21f1c769d,9,0.71,1,1538954312400,Politics,1.0082,0.425
YD4wQWpLJdyggdJBs,5506f67b5c22bc88d56894a23af5ad3fff4242d487d276b9b8bdfef21f1c769d,10,0.69,1,1538954312401,Politics,0.9521999999999998,0.32
SrxG6vf8YAr3wgP6d,5506f67b5c22bc88d56894a23af5ad3fff4242d487d276b9b8bdfef21f1c769d,11,0.65,1,1538954312403,Politics,0.8450000000000001,0.425
FkBqDiK4JSgg5HMm9,5506f67b5c22bc88d56894a23af5ad3fff4242d487d276b9b8bdfef21f1c769d,12,0.45,1,1538954312404,Politics,0.405,0.465
Em4iHGEfK5ttrij6Y,5506f67b5c22bc88d56894a23af5ad3fff4242d487d276b9b8bdfef21f1c769d,13,0.61,1,1538954327560,Entertainment,0.7442,0.575
ngNdwWGYayZJ8s7m5,5506f67b5c22bc88d56894a23af5ad3fff4242d487d276b9b8bdfef21f1c769d,14,0.33,1,1538954327563,Entertainment,0.8977999999999998,0.665
y56Jcya4vcsfnL5E8,5506f67b5c22bc88d56894a23af5ad3fff4242d487d276b9b8bdfef21f1c769d,15,0.3,1,1538954327565,Entertainment,0.18,0.64
m4bFtf3AqmMkpZpTB,5506f67b5c22bc88d56894a23af5ad3fff4242d487d276b9b8bdfef21f1c769d,16,1,1,1538954327567,Entertainment,0,0.48
w4Sje6BrLwNtkMg34,5506f67b5c22bc88d56894a23af5ad3fff4242d487d276b9b8bdfef21f1c769d,17,0.75,1,1538954327568,Entertainment,1.125,0.555
AFX5NGP8dLXqw4uic,5506f67b5c22bc88d56894a23af5ad3fff4242d487d276b9b8bdfef21f1c769d,18,0.69,1,1538954327570,Entertainment,0.9521999999999998,0.535
YAFxKMaNC5iWttcsB,2a8ef75eb26fe61e6418a2b68cae3c962031c5b223190ccc0a51da7117fa39cc,13,1,1,1538958459450,Entertainment,2,0.47
eDXrZ5R8veMBsKaaz,2a8ef75eb26fe61e6418a2b68cae3c962031c5b223190ccc0a51da7117fa39cc,14,1,1,1538958459453,Entertainment,0,0.52
K2Av77nwS3B3rFy4B,2a8ef75eb26fe61e6418a2b68cae3c962031c5b223190ccc0a51da7117fa39cc,15,1,1,1538958459455,Entertainment,2,0.445
WvjWFLBrkqZ57cqgK,2a8ef75eb26fe61e6418a2b68cae3c962031c5b223190ccc0a51da7117fa39cc,16,0.5,1,1538958459456,Entertainment,0.5,0.58
ZWhnfTSGJtsH7pyZx,2a8ef75eb26fe61e6418a2b68cae3c962031c5b223190ccc0a51da7117fa39cc,17,0,1,1538958459457,Entertainment,0,0.185
Me524PGGSFa5S2QiG,2a8ef75eb26fe61e6418a2b68cae3c962031c5b223190ccc0a51da7117fa39cc,18,0.5,1,1538958459459,Entertainment,0.5,0.505
yGNY9Hhqf9KhnNou3,2d6141a9526ec85cfe320f1e7a592746a6d7f374680751d1e7d5850a3cff54d9,1,0.76,1,1538960608250,Sports,0.1152,0.585
ANyfYQbHaB3LCp6Fm,2d6141a9526ec85cfe320f1e7a592746a6d7f374680751d1e7d5850a3cff54d9,2,0.8,1,1538960608255,Sports,1.2800000000000002,0.6
93DXccNdnvtJxMzAB,2d6141a9526ec85cfe320f1e7a592746a6d7f374680751d1e7d5850a3cff54d9,3,0.72,1,1538960608262,Sports,1.0368,0.43
5CpZEAdEfpwxaJqAy,2d6141a9526ec85cfe320f1e7a592746a6d7f374680751d1e7d5850a3cff54d9,4,0.16,1,1538960608265,Sports,1.4111999999999998,0.26
xmqwkMktoRkK7jty4,2d6141a9526ec85cfe320f1e7a592746a6d7f374680751d1e7d5850a3cff54d9,5,0.7,1,1538960608269,Sports,0.9799999999999999,0.525
ZhucLkCAxPk2Mk3cZ,2d6141a9526ec85cfe320f1e7a592746a6d7f374680751d1e7d5850a3cff54d9,6,0.59,1,1538960608272,Sports,0.6961999999999999,0.585
QNKzWwdQ2vb6c5SSa,2d6141a9526ec85cfe320f1e7a592746a6d7f374680751d1e7d5850a3cff54d9,7,0.87,1,1538960636060,Politics,1.5138,0.63
o96FzQ4PrrdNBLAsP,2d6141a9526ec85cfe320f1e7a592746a6d7f374680751d1e7d5850a3cff54d9,8,0.83,1,1538960636065,Politics,0.057800000000000025,0.495
ZXziKhmomKejRr7Gz,2d6141a9526ec85cfe320f1e7a592746a6d7f374680751d1e7d5850a3cff54d9,9,0.53,1,1538960636069,Politics,0.5618000000000001,0.545
b22tnkX3dcEB4K8jp,2d6141a9526ec85cfe320f1e7a592746a6d7f374680751d1e7d5850a3cff54d9,10,0.45,1,1538960636072,Politics,0.405,0.43
NKyK9wPDkJ2HTMkT3,2d6141a9526ec85cfe320f1e7a592746a6d7f374680751d1e7d5850a3cff54d9,11,0.44,1,1538960636075,Politics,0.3872,0.46
ZdrdHcJtoa8nYARSo,2d6141a9526ec85cfe320f1e7a592746a6d7f374680751d1e7d5850a3cff54d9,12,0.27,1,1538960636078,Politics,0.1458,0.465
6GmfFNb7tNa7F2k7e,2d6141a9526ec85cfe320f1e7a592746a6d7f374680751d1e7d5850a3cff54d9,13,0.21,1,1538960657425,Entertainment,0.08819999999999999,0.35
4oP7Pfuq6aqhBTynB,2d6141a9526ec85cfe320f1e7a592746a6d7f374680751d1e7d5850a3cff54d9,14,0.49,1,1538960657428,Entertainment,0.5202,0.615
SfbJtXzAXXeYD2QSX,2d6141a9526ec85cfe320f1e7a592746a6d7f374680751d1e7d5850a3cff54d9,15,0.86,1,1538960657433,Entertainment,1.4791999999999998,0.555
MFFXgj3XDDMy4vPG5,2d6141a9526ec85cfe320f1e7a592746a6d7f374680751d1e7d5850a3cff54d9,16,0.22,1,1538960657437,Entertainment,1.2168,0.485
xNjwwhmvwFngygMgx,2d6141a9526ec85cfe320f1e7a592746a6d7f374680751d1e7d5850a3cff54d9,17,0.52,1,1538960657439,Entertainment,0.5408000000000001,0.59
hoS9mpZFb2C84tFx7,2d6141a9526ec85cfe320f1e7a592746a6d7f374680751d1e7d5850a3cff54d9,18,0.27,1,1538960657442,Entertainment,0.1458,0.53
q3STd6eY5oLc2rEuk,a26b2dd23e5c1b0f5371cc4289790a699a8bb3ac03ef0c6a61b32cacd27fa235,1,0.64,1,1538962616449,Sports,0.2592,0.515
jEWoDwJvQCwXt388Y,a26b2dd23e5c1b0f5371cc4289790a699a8bb3ac03ef0c6a61b32cacd27fa235,2,0.43,1,1538962616450,Sports,0.36979999999999996,0.57
fTY2TTZmnwFWotnpb,a26b2dd23e5c1b0f5371cc4289790a699a8bb3ac03ef0c6a61b32cacd27fa235,3,0.39,1,1538962616451,Sports,0.3042,0.52
4FYB25EDcviF5RCkn,a26b2dd23e5c1b0f5371cc4289790a699a8bb3ac03ef0c6a61b32cacd27fa235,4,0.71,1,1538962616452,Sports,0.16820000000000004,0.53
jrgvkyjJzeh6wdZ5c,a26b2dd23e5c1b0f5371cc4289790a699a8bb3ac03ef0c6a61b32cacd27fa235,5,0.59,1,1538962616453,Sports,0.6961999999999999,0.465
CFExvoMwzdSpWtnvj,a26b2dd23e5c1b0f5371cc4289790a699a8bb3ac03ef0c6a61b32cacd27fa235,6,0.6,1,1538962616453,Sports,0.72,0.52
Q4Zu6rX2whknaNSM2,a26b2dd23e5c1b0f5371cc4289790a699a8bb3ac03ef0c6a61b32cacd27fa235,7,0.39,1,1538962622438,Politics,0.3042,0.605
7oxrMYXWaH3gv2WhQ,a26b2dd23e5c1b0f5371cc4289790a699a8bb3ac03ef0c6a61b32cacd27fa235,8,0.43,1,1538962622439,Politics,0.6498000000000002,0.55
xdywWSeAndAiQnkif,a26b2dd23e5c1b0f5371cc4289790a699a8bb3ac03ef0c6a61b32cacd27fa235,9,0.65,1,1538962622440,Politics,0.8450000000000001,0.405
ed3CybsJDKT49Yyjt,a26b2dd23e5c1b0f5371cc4289790a699a8bb3ac03ef0c6a61b32cacd27fa235,10,0.62,1,1538962622440,Politics,0.7688,0.315
iaBmbY6FDBLAJWqLW,a26b2dd23e5c1b0f5371cc4289790a699a8bb3ac03ef0c6a61b32cacd27fa235,11,0.39,1,1538962622441,Politics,0.3042,0.485
kpGEFGr4zdHSgRwko,a26b2dd23e5c1b0f5371cc4289790a699a8bb3ac03ef0c6a61b32cacd27fa235,12,0.53,1,1538962622441,Politics,0.5618000000000001,0.42
hYE3FSxYppEEbJrCr,a26b2dd23e5c1b0f5371cc4289790a699a8bb3ac03ef0c6a61b32cacd27fa235,13,0.39,1,1538962631586,Entertainment,0.3042,0.505
obdsPFww95tL7Eo3d,a26b2dd23e5c1b0f5371cc4289790a699a8bb3ac03ef0c6a61b32cacd27fa235,14,0.39,1,1538962631587,Entertainment,0.7442,0.605
3JDKgSwNJtKHBYZ6M,a26b2dd23e5c1b0f5371cc4289790a699a8bb3ac03ef0c6a61b32cacd27fa235,15,0.73,1,1538962631588,Entertainment,1.0657999999999999,0.425
S3vXTv9CZTs6ZTozY,a26b2dd23e5c1b0f5371cc4289790a699a8bb3ac03ef0c6a61b32cacd27fa235,16,0.37,1,1538962631588,Entertainment,0.7938000000000001,0.56
PfctiGXMvF39efqhh,a26b2dd23e5c1b0f5371cc4289790a699a8bb3ac03ef0c6a61b32cacd27fa235,17,0.56,1,1538962631589,Entertainment,0.6272000000000001,0.535
jWeXn2EuYhJ8kYSSb,a26b2dd23e5c1b0f5371cc4289790a699a8bb3ac03ef0c6a61b32cacd27fa235,18,0.34,1,1538962631590,Entertainment,0.23120000000000004,0.585
GRQX2PXbP6BhTZZMm,43138ab777eaf77400aa55c6e246fb1d4e81fdbe7b369c72781ed068e82f9e09,1,0.63,1,1538962681128,Sports,0.2738,0.495
EBwkNgjMCFMjWbS5e,43138ab777eaf77400aa55c6e246fb1d4e81fdbe7b369c72781ed068e82f9e09,2,0.21,1,1538962681132,Sports,0.08819999999999999,0.25
xn9tkSMkyNNcbsTFk,43138ab777eaf77400aa55c6e246fb1d4e81fdbe7b369c72781ed068e82f9e09,3,0.3,1,1538962681134,Sports,0.18,0.535
zXGPPw2gdxYXJ5EYL,43138ab777eaf77400aa55c6e246fb1d4e81fdbe7b369c72781ed068e82f9e09,4,0.52,1,1538962681137,Sports,0.4608,0.605
JwciMB23A9pBhexLs,43138ab777eaf77400aa55c6e246fb1d4e81fdbe7b369c72781ed068e82f9e09,5,0.46,1,1538962681138,Sports,0.4232,0.49
xEJ2fYcpg9ZjoQK9k,43138ab777eaf77400aa55c6e246fb1d4e81fdbe7b369c72781ed068e82f9e09,6,0.37,1,1538962681140,Sports,0.2738,0.58
qcdDB7vsg49KxWJk3,43138ab777eaf77400aa55c6e246fb1d4e81fdbe7b369c72781ed068e82f9e09,7,0.44,1,1538962687904,Politics,0.3872,0.615
AmBxaczmoJfd8cYJp,43138ab777eaf77400aa55c6e246fb1d4e81fdbe7b369c72781ed068e82f9e09,8,0.59,1,1538962687906,Politics,0.33620000000000005,0.605
SWzJeYw364CFwwosG,43138ab777eaf77400aa55c6e246fb1d4e81fdbe7b369c72781ed068e82f9e09,9,0.58,1,1538962687908,Politics,0.6728,0.46
SvqTNGqQeWxrNdLEs,43138ab777eaf77400aa55c6e246fb1d4e81fdbe7b369c72781ed068e82f9e09,10,0.51,1,1538962687910,Politics,0.5202,0.34
voHFh7LAZprGBFdyy,43138ab777eaf77400aa55c6e246fb1d4e81fdbe7b369c72781ed068e82f9e09,11,0.54,1,1538962687911,Politics,0.5832,0.475
unjorkwtgDqD8WqCF,43138ab777eaf77400aa55c6e246fb1d4e81fdbe7b369c72781ed068e82f9e09,12,0.53,1,1538962687913,Politics,0.5618000000000001,0.375
oHDW8nrS96cdMf5nX,43138ab777eaf77400aa55c6e246fb1d4e81fdbe7b369c72781ed068e82f9e09,13,0.3,1,1538962696840,Entertainment,0.18,0.57
59dQb4Cgf3A6Y4ue8,43138ab777eaf77400aa55c6e246fb1d4e81fdbe7b369c72781ed068e82f9e09,14,0.53,1,1538962696844,Entertainment,0.44179999999999997,0.525
6PEY5hxvMyaD2AD7L,43138ab777eaf77400aa55c6e246fb1d4e81fdbe7b369c72781ed068e82f9e09,15,0.54,1,1538962696846,Entertainment,0.5832,0.495
wuTqnTawaba8Pj9jr,43138ab777eaf77400aa55c6e246fb1d4e81fdbe7b369c72781ed068e82f9e09,16,0.54,1,1538962696848,Entertainment,0.4231999999999999,0.54
hnDntaz4ovbHgyimD,43138ab777eaf77400aa55c6e246fb1d4e81fdbe7b369c72781ed068e82f9e09,17,0.6,1,1538962696849,Entertainment,0.72,0.45
xmfoz7a6FmzzQM3Mn,43138ab777eaf77400aa55c6e246fb1d4e81fdbe7b369c72781ed068e82f9e09,18,0.51,1,1538962696851,Entertainment,0.5202,0.445
Aefamoggt5EgJ6Cwt,a6018b070a483644a71826489bbf1119af2e2343145be7ed1863b38c903f52b1,1,0.3,1,1538963530714,Sports,0.9799999999999999,0.655
5mi5Qh6KCqF9LKWzY,a6018b070a483644a71826489bbf1119af2e2343145be7ed1863b38c903f52b1,2,0.7,1,1538963530724,Sports,0.9799999999999999,0.55
nrWxejm4g9bTFdB9G,a6018b070a483644a71826489bbf1119af2e2343145be7ed1863b38c903f52b1,3,0.6,1,1538963530728,Sports,0.72,0.43
Q5Bm5htXvGyWrAaux,a6018b070a483644a71826489bbf1119af2e2343145be7ed1863b38c903f52b1,4,0.5,1,1538963530732,Sports,0.5,0.625
m3XPYGeaQLyg99oJ4,a6018b070a483644a71826489bbf1119af2e2343145be7ed1863b38c903f52b1,5,0.2,1,1538963530734,Sports,0.08000000000000002,0.49
XzaYEqLnZRme3wPuz,a6018b070a483644a71826489bbf1119af2e2343145be7ed1863b38c903f52b1,6,0.65,1,1538963530737,Sports,0.8450000000000001,0.54
rvfsaytMyDCx48NtF,a6018b070a483644a71826489bbf1119af2e2343145be7ed1863b38c903f52b1,7,0.7,1,1538963537182,Politics,0.9799999999999999,0.56
XTSKXL4SnCQWHndTk,a6018b070a483644a71826489bbf1119af2e2343145be7ed1863b38c903f52b1,8,0.25,1,1538963537186,Politics,1.125,0.385
FPyKTt9gym9yEwY2k,a6018b070a483644a71826489bbf1119af2e2343145be7ed1863b38c903f52b1,9,0.15,1,1538963537190,Politics,0.045,0.43
3ikozoyM2muGFh7A7,a6018b070a483644a71826489bbf1119af2e2343145be7ed1863b38c903f52b1,10,0.65,1,1538963537193,Politics,0.8450000000000001,0.375
rHgmczewRRpYxAnc3,a6018b070a483644a71826489bbf1119af2e2343145be7ed1863b38c903f52b1,11,0.7,1,1538963537195,Politics,0.9799999999999999,0.38
QNaaP2bhQxcEscK27,a6018b070a483644a71826489bbf1119af2e2343145be7ed1863b38c903f52b1,12,0.7,1,1538963537200,Politics,0.9799999999999999,0.345
ydYdSTKtCp9r3bpeJ,a6018b070a483644a71826489bbf1119af2e2343145be7ed1863b38c903f52b1,13,0.65,1,1538963546104,Entertainment,0.8450000000000001,0.575
CTZg5YZe4ve9qjE8c,a6018b070a483644a71826489bbf1119af2e2343145be7ed1863b38c903f52b1,14,0.9,1,1538963546107,Entertainment,0.01999999999999999,0.615
jydJKkm7yyWXvM49N,a6018b070a483644a71826489bbf1119af2e2343145be7ed1863b38c903f52b1,15,0.3,1,1538963546110,Entertainment,0.18,0.58
EJykb9k3F7hrf2eg7,a6018b070a483644a71826489bbf1119af2e2343145be7ed1863b38c903f52b1,16,0.1,1,1538963546114,Entertainment,1.62,0.29
uv5b5C4qBvoZDpRx2,a6018b070a483644a71826489bbf1119af2e2343145be7ed1863b38c903f52b1,17,0.3,1,1538963546116,Entertainment,0.18,0.605
WHcAkbeejbwtP2S3Y,a6018b070a483644a71826489bbf1119af2e2343145be7ed1863b38c903f52b1,18,0.1,1,1538963546119,Entertainment,0.020000000000000004,0.39
FL7uRhgcMXmca3CXN,29146cc5ca77c82019628925fb4cfa03c49c9d6a478f3f9f0f3830963b4163a4,1,0.05,1,1538965802202,Sports,1.805,0.29
eydCBM66fMxHmjcAG,29146cc5ca77c82019628925fb4cfa03c49c9d6a478f3f9f0f3830963b4163a4,2,0.15,1,1538965802204,Sports,0.045,0.365
bZvxkGTDXx8SFLw39,29146cc5ca77c82019628925fb4cfa03c49c9d6a478f3f9f0f3830963b4163a4,3,0.95,1,1538965802205,Sports,1.805,0.425
oYDzhS2ovGJDDgesa,29146cc5ca77c82019628925fb4cfa03c49c9d6a478f3f9f0f3830963b4163a4,4,0.45,1,1538965802205,Sports,0.6050000000000001,0.77
aDSzZBc88iyoWbm4B,29146cc5ca77c82019628925fb4cfa03c49c9d6a478f3f9f0f3830963b4163a4,5,0.05,1,1538965802206,Sports,0.005000000000000001,0.305
CC97sxFY4hJKnzb9q,29146cc5ca77c82019628925fb4cfa03c49c9d6a478f3f9f0f3830963b4163a4,6,0.84,1,1538965802207,Sports,1.4111999999999998,0.64
quMZf63niJXj7v2uT,29146cc5ca77c82019628925fb4cfa03c49c9d6a478f3f9f0f3830963b4163a4,7,0.7,1,1538965978568,Politics,0.9799999999999999,0.63
PcyXjWuvvyzBmNZYm,29146cc5ca77c82019628925fb4cfa03c49c9d6a478f3f9f0f3830963b4163a4,8,0.8,1,1538965978570,Politics,0.07999999999999996,0.64
Ne95ShZh9L7Y2arg8,29146cc5ca77c82019628925fb4cfa03c49c9d6a478f3f9f0f3830963b4163a4,9,0.8,1,1538965978571,Politics,1.2800000000000002,0.54
HKc6zJeyZKWjcFjvA,29146cc5ca77c82019628925fb4cfa03c49c9d6a478f3f9f0f3830963b4163a4,10,0.05,1,1538965978572,Politics,0.005000000000000001,0.42
eE9GbAcfKcPyw7zHj,29146cc5ca77c82019628925fb4cfa03c49c9d6a478f3f9f0f3830963b4163a4,11,0.2,1,1538965978572,Politics,0.08000000000000002,0.56
XwyH9hJyTwyMder8d,29146cc5ca77c82019628925fb4cfa03c49c9d6a478f3f9f0f3830963b4163a4,12,0.01,1,1538965978574,Politics,2e-4,0.48
vQPDaZPDNJLaqgRKK,0000266e2a1cd1c48319bf554ebdbfa00f3fe4676e9a15e4fa4b581ad02269c9,1,0.45,1,1538968985949,Sports,0.6050000000000001,0.635
BkgMddCzttp82PFmy,0000266e2a1cd1c48319bf554ebdbfa00f3fe4676e9a15e4fa4b581ad02269c9,2,0.65,1,1538968985949,Sports,0.8450000000000001,0.615
z9gMZuSQnLyEEc47k,0000266e2a1cd1c48319bf554ebdbfa00f3fe4676e9a15e4fa4b581ad02269c9,3,0.5,1,1538968985950,Sports,0.5,0.53
tQfphpmjEjEXo6hrm,0000266e2a1cd1c48319bf554ebdbfa00f3fe4676e9a15e4fa4b581ad02269c9,4,0.57,1,1538968985950,Sports,0.3698000000000001,0.625
jYxbKN73rvRTPNWK2,0000266e2a1cd1c48319bf554ebdbfa00f3fe4676e9a15e4fa4b581ad02269c9,5,0.6,1,1538968985951,Sports,0.72,0.485
Zgyc4TrTj7GC3ENH9,0000266e2a1cd1c48319bf554ebdbfa00f3fe4676e9a15e4fa4b581ad02269c9,6,0.57,1,1538968985951,Sports,0.6497999999999999,0.61
TyQYxrsAbRCzyyxcP,0000266e2a1cd1c48319bf554ebdbfa00f3fe4676e9a15e4fa4b581ad02269c9,7,0.61,1,1538969016494,Politics,0.7442,0.575
tXS97Fd5apYMSejYJ,0000266e2a1cd1c48319bf554ebdbfa00f3fe4676e9a15e4fa4b581ad02269c9,8,0.69,1,1538969016494,Politics,0.19220000000000007,0.55
FsC5LEGnfsysq3qyi,0000266e2a1cd1c48319bf554ebdbfa00f3fe4676e9a15e4fa4b581ad02269c9,9,0.64,1,1538969016494,Politics,0.8192,0.43
zMZ76gH82LRWSK48z,0000266e2a1cd1c48319bf554ebdbfa00f3fe4676e9a15e4fa4b581ad02269c9,10,0.64,1,1538969016494,Politics,0.8192,0.36
WcsW6FeTvtEZSNDwK,0000266e2a1cd1c48319bf554ebdbfa00f3fe4676e9a15e4fa4b581ad02269c9,11,0.79,1,1538969016495,Politics,1.2482000000000002,0.41
8jNdrookBcPxX8FNL,0000266e2a1cd1c48319bf554ebdbfa00f3fe4676e9a15e4fa4b581ad02269c9,12,0,1,1538969016495,Politics,0,0.41
6rs8m9Kzx6AkMP3Mv,0000266e2a1cd1c48319bf554ebdbfa00f3fe4676e9a15e4fa4b581ad02269c9,13,0.73,1,1538969035760,Entertainment,1.0657999999999999,0.505
dwJYrciwPi7MMqJRE,0000266e2a1cd1c48319bf554ebdbfa00f3fe4676e9a15e4fa4b581ad02269c9,14,0.81,1,1538969035761,Entertainment,0.07219999999999996,0.565
rHxufLoAJyregeMfb,0000266e2a1cd1c48319bf554ebdbfa00f3fe4676e9a15e4fa4b581ad02269c9,15,0.76,1,1538969035761,Entertainment,1.1552,0.495
NepPcNKBimipMaKH6,0000266e2a1cd1c48319bf554ebdbfa00f3fe4676e9a15e4fa4b581ad02269c9,16,0.79,1,1538969035762,Entertainment,0.08819999999999997,0.5
sP4bG2XAByzv9iP7p,0000266e2a1cd1c48319bf554ebdbfa00f3fe4676e9a15e4fa4b581ad02269c9,17,0.75,1,1538969035762,Entertainment,1.125,0.545
ez3DNhh9TFZhHrEgr,0000266e2a1cd1c48319bf554ebdbfa00f3fe4676e9a15e4fa4b581ad02269c9,18,0.88,1,1538969035762,Entertainment,1.5488,0.475
B479WyNgBdMhY7Tke,b755ea131ea57f91063fbcc6bb31099bb7f5c84167012c0cd004122e0dec9fc6,1,0.25,1,1538971247493,Sports,1.125,0.435
qb3oSbnnbHbm9AHo4,b755ea131ea57f91063fbcc6bb31099bb7f5c84167012c0cd004122e0dec9fc6,2,0.25,1,1538971247495,Sports,0.125,0.375
oEQmGjhGtEWZKTqup,b755ea131ea57f91063fbcc6bb31099bb7f5c84167012c0cd004122e0dec9fc6,3,0.1,1,1538971247496,Sports,0.020000000000000004,0.48
B5fxAT4bhPTSBZ29Q,b755ea131ea57f91063fbcc6bb31099bb7f5c84167012c0cd004122e0dec9fc6,4,0.5,1,1538971247497,Sports,0.5,0.68
AooS45yiczm7HyC58,b755ea131ea57f91063fbcc6bb31099bb7f5c84167012c0cd004122e0dec9fc6,5,0.9,1,1538971247498,Sports,1.62,0.535
rc9z3jzXRbMYH8EsJ,b755ea131ea57f91063fbcc6bb31099bb7f5c84167012c0cd004122e0dec9fc6,6,0,1,1538971247498,Sports,0,0.245
dBJNKbXfBrKuc9nE2,b755ea131ea57f91063fbcc6bb31099bb7f5c84167012c0cd004122e0dec9fc6,7,0.88,1,1538971250368,Politics,1.5488,0.695
qivGYqBB4fDdfvPW5,b755ea131ea57f91063fbcc6bb31099bb7f5c84167012c0cd004122e0dec9fc6,8,0.76,1,1538971250368,Politics,0.1152,0.575
cT4QBbvo9nadoAigt,b755ea131ea57f91063fbcc6bb31099bb7f5c84167012c0cd004122e0dec9fc6,9,0.29,1,1538971250369,Politics,0.1682,0.515
AyA2bwraPPPZ7tpNJ,b755ea131ea57f91063fbcc6bb31099bb7f5c84167012c0cd004122e0dec9fc6,10,0.31,1,1538971250369,Politics,0.1922,0.555
SPsjaEFH4jYG4KZWJ,b755ea131ea57f91063fbcc6bb31099bb7f5c84167012c0cd004122e0dec9fc6,11,0.21,1,1538971250370,Politics,0.08819999999999999,0.535
yjE7weNTXfxAhdYqn,b755ea131ea57f91063fbcc6bb31099bb7f5c84167012c0cd004122e0dec9fc6,12,0.17,1,1538971250372,Politics,0.05780000000000001,0.57
ryjSBypoeLpp5y9QA,b755ea131ea57f91063fbcc6bb31099bb7f5c84167012c0cd004122e0dec9fc6,13,1,1,1538971252991,Entertainment,2,0.525
xZrvFKeJcZSLZ8RmK,b755ea131ea57f91063fbcc6bb31099bb7f5c84167012c0cd004122e0dec9fc6,14,0.93,1,1538971252992,Entertainment,0.009799999999999986,0.61
otFomPwwAo9MBFpao,b755ea131ea57f91063fbcc6bb31099bb7f5c84167012c0cd004122e0dec9fc6,15,0.61,1,1538971252992,Entertainment,0.7442,0.585
qmgcq6QbafWCtnchY,b755ea131ea57f91063fbcc6bb31099bb7f5c84167012c0cd004122e0dec9fc6,16,0.19,1,1538971252992,Entertainment,1.3122000000000003,0.425
fu8tiWGKE5jidsFBR,b755ea131ea57f91063fbcc6bb31099bb7f5c84167012c0cd004122e0dec9fc6,17,0.6,1,1538971252993,Entertainment,0.72,0.52
ojEvs2AnRhweTKkvL,b755ea131ea57f91063fbcc6bb31099bb7f5c84167012c0cd004122e0dec9fc6,18,1,1,1538971252993,Entertainment,2,0.525
Eb2JxxsMdfJfu2R8L,f1565b2c2004a2baa9677ea43628588dcd1f15e41a4886248fe289a64c9c9c89,1,0.6,1,1538972269115,Sports,0.32000000000000006,0.555
KYYkLxuGq4uMSEbfJ,f1565b2c2004a2baa9677ea43628588dcd1f15e41a4886248fe289a64c9c9c89,2,0.6,1,1538972269119,Sports,0.72,0.54
A4aH9bXKZL3B7AHXP,f1565b2c2004a2baa9677ea43628588dcd1f15e41a4886248fe289a64c9c9c89,3,0.5,1,1538972269121,Sports,0.5,0.5
bsnzapEjGWDw9RWfn,f1565b2c2004a2baa9677ea43628588dcd1f15e41a4886248fe289a64c9c9c89,4,0.4,1,1538972269124,Sports,0.72,0.625
EjEePfvYamtPQxKnE,f1565b2c2004a2baa9677ea43628588dcd1f15e41a4886248fe289a64c9c9c89,5,0.5,1,1538972269125,Sports,0.5,0.585
SL9c4t4vLZW67SrWc,f1565b2c2004a2baa9677ea43628588dcd1f15e41a4886248fe289a64c9c9c89,6,0.5,1,1538972269128,Sports,0.5,0.59
iGEeh9c7o5Qu6qjMo,f1565b2c2004a2baa9677ea43628588dcd1f15e41a4886248fe289a64c9c9c89,7,0.55,1,1538972287372,Politics,0.6050000000000001,0.615
ZjgSxn7nArByo3d8d,f1565b2c2004a2baa9677ea43628588dcd1f15e41a4886248fe289a64c9c9c89,8,0.65,1,1538972287374,Politics,0.24499999999999997,0.56
RT4NJDpJDbECCnCRb,f1565b2c2004a2baa9677ea43628588dcd1f15e41a4886248fe289a64c9c9c89,9,0.35,1,1538972287375,Politics,0.24499999999999997,0.605
Hgi7iw4ZDLpCJvDam,f1565b2c2004a2baa9677ea43628588dcd1f15e41a4886248fe289a64c9c9c89,10,0.25,1,1538972287376,Politics,0.125,0.4
GZQavyicjkCv36T8G,f1565b2c2004a2baa9677ea43628588dcd1f15e41a4886248fe289a64c9c9c89,11,0.2,1,1538972287382,Politics,0.08000000000000002,0.46
GYTkZHpPZfY37Lrcu,f1565b2c2004a2baa9677ea43628588dcd1f15e41a4886248fe289a64c9c9c89,12,0.05,1,1538972287383,Politics,0.005000000000000001,0.385
R8qaLHeSdy8YccLir,f1565b2c2004a2baa9677ea43628588dcd1f15e41a4886248fe289a64c9c9c89,13,0.65,1,1538972301002,Entertainment,0.8450000000000001,0.49
wEjGJbYNGDeHiuPXa,f1565b2c2004a2baa9677ea43628588dcd1f15e41a4886248fe289a64c9c9c89,14,0.6,1,1538972301004,Entertainment,0.32000000000000006,0.53
GJfRbXJfENMBxfqJC,f1565b2c2004a2baa9677ea43628588dcd1f15e41a4886248fe289a64c9c9c89,15,0.5,1,1538972301007,Entertainment,0.5,0.52
DuC4uhjWLpHM4279N,f1565b2c2004a2baa9677ea43628588dcd1f15e41a4886248fe289a64c9c9c89,16,0.5,1,1538972301008,Entertainment,0.5,0.61
T34a88NiztZNncKJK,f1565b2c2004a2baa9677ea43628588dcd1f15e41a4886248fe289a64c9c9c89,17,0.5,1,1538972301009,Entertainment,0.5,0.53
Nk4i8jEJ4ZBuWf488,f1565b2c2004a2baa9677ea43628588dcd1f15e41a4886248fe289a64c9c9c89,18,0.5,1,1538972301011,Entertainment,0.5,0.55
HMbmRqKsSWPYfLQkM,d0bb3ba0e4dd23a9d2f724d10cade92919bb851b050a307df4aff309f0e706d6,1,0.64,1,1538974602099,Sports,0.2592,0.57
SbdEF3KN8iyAwcLRi,d0bb3ba0e4dd23a9d2f724d10cade92919bb851b050a307df4aff309f0e706d6,2,0.69,1,1538974602111,Sports,0.9521999999999998,0.495
zjBBhH7z4L5R2W8MB,d0bb3ba0e4dd23a9d2f724d10cade92919bb851b050a307df4aff309f0e706d6,3,0.33,1,1538974602118,Sports,0.21780000000000002,0.555
9SD7F33nkvbXWyw4P,d0bb3ba0e4dd23a9d2f724d10cade92919bb851b050a307df4aff309f0e706d6,4,0.2,1,1538974602121,Sports,1.2800000000000002,0.36
4Nj56w9qpjSeJFS77,d0bb3ba0e4dd23a9d2f724d10cade92919bb851b050a307df4aff309f0e706d6,5,0.53,1,1538974602125,Sports,0.5618000000000001,0.525
jNLDSRfTsK8jSMpiY,d0bb3ba0e4dd23a9d2f724d10cade92919bb851b050a307df4aff309f0e706d6,6,0.26,1,1538974602130,Sports,0.13520000000000001,0.475
TSn7JTaHRxkQLicMa,d0bb3ba0e4dd23a9d2f724d10cade92919bb851b050a307df4aff309f0e706d6,7,0.51,1,1538974611746,Politics,0.5202,0.5
E78Gr9iM8Qz7pELYP,d0bb3ba0e4dd23a9d2f724d10cade92919bb851b050a307df4aff309f0e706d6,8,0.56,1,1538974611751,Politics,0.38719999999999993,0.595
oHwRGier5mP6SoiQP,d0bb3ba0e4dd23a9d2f724d10cade92919bb851b050a307df4aff309f0e706d6,9,0.47,1,1538974611758,Politics,0.44179999999999997,0.5
woAswZFJzLdfHr78H,d0bb3ba0e4dd23a9d2f724d10cade92919bb851b050a307df4aff309f0e706d6,10,0.45,1,1538974611775,Politics,0.405,0.41
jM5hJ5D2YbAABv2pY,d0bb3ba0e4dd23a9d2f724d10cade92919bb851b050a307df4aff309f0e706d6,11,0.6,1,1538974611778,Politics,0.72,0.39
nJ72qrQi47ExoR4wg,d0bb3ba0e4dd23a9d2f724d10cade92919bb851b050a307df4aff309f0e706d6,12,0.45,1,1538974611779,Politics,0.405,0.365
tKSma5XdiJibdbMAs,d0bb3ba0e4dd23a9d2f724d10cade92919bb851b050a307df4aff309f0e706d6,13,0.61,1,1538974629268,Entertainment,0.7442,0.535
uckeSsYFu4AucDbdm,d0bb3ba0e4dd23a9d2f724d10cade92919bb851b050a307df4aff309f0e706d6,14,0.66,1,1538974629272,Entertainment,0.23119999999999996,0.585
Jmh2wAHGyHJ36ZseE,d0bb3ba0e4dd23a9d2f724d10cade92919bb851b050a307df4aff309f0e706d6,15,0.63,1,1538974629273,Entertainment,0.7938000000000001,0.485
Z4dyje6fRKP5upEZp,d0bb3ba0e4dd23a9d2f724d10cade92919bb851b050a307df4aff309f0e706d6,16,0.59,1,1538974629276,Entertainment,0.33620000000000005,0.545
8Rundh5GBCr2kRLSD,d0bb3ba0e4dd23a9d2f724d10cade92919bb851b050a307df4aff309f0e706d6,17,0.56,1,1538974629278,Entertainment,0.6272000000000001,0.6
B8tx9HkDaQ9D3iGuD,d0bb3ba0e4dd23a9d2f724d10cade92919bb851b050a307df4aff309f0e706d6,18,0.25,1,1538974629280,Entertainment,0.125,0.46
CtWTiHhpfmnKKapBE,721749a7b8fc24c947e19683ad6775a18089d6478304c8a52fb9fb32e369a6c8,1,0.96,1,1538976184139,Sports,0.003200000000000006,0.595
GiWr64zx7vYr5H5LH,721749a7b8fc24c947e19683ad6775a18089d6478304c8a52fb9fb32e369a6c8,2,0.84,1,1538976184141,Sports,1.4111999999999998,0.58
6nmpr4LvMEXWd7GWx,721749a7b8fc24c947e19683ad6775a18089d6478304c8a52fb9fb32e369a6c8,3,0.41,1,1538976184144,Sports,0.33619999999999994,0.54
mkrmR4yaHcJcb5gXY,721749a7b8fc24c947e19683ad6775a18089d6478304c8a52fb9fb32e369a6c8,4,0.75,1,1538976184145,Sports,0.125,0.655
eZqGmpNkRcZJ9EzYb,721749a7b8fc24c947e19683ad6775a18089d6478304c8a52fb9fb32e369a6c8,5,0.79,1,1538976184148,Sports,1.2482000000000002,0.59
o6gt8o3Nyq4oSDmyk,721749a7b8fc24c947e19683ad6775a18089d6478304c8a52fb9fb32e369a6c8,6,0.36,1,1538976184150,Sports,0.2592,0.63
abr5buP69DdGgbEef,721749a7b8fc24c947e19683ad6775a18089d6478304c8a52fb9fb32e369a6c8,7,0.2,1,1538976218731,Politics,0.08000000000000002,0.345
BdJNQ4MuWZW68Ry8q,721749a7b8fc24c947e19683ad6775a18089d6478304c8a52fb9fb32e369a6c8,8,0.32,1,1538976218733,Politics,0.9247999999999998,0.665
wMHoN7k4jSjhX9Q76,721749a7b8fc24c947e19683ad6775a18089d6478304c8a52fb9fb32e369a6c8,9,0.81,1,1538976218736,Politics,1.3122000000000003,0.555
9KrSguGk4xn5DPBwy,721749a7b8fc24c947e19683ad6775a18089d6478304c8a52fb9fb32e369a6c8,10,0.76,1,1538976218737,Politics,1.1552,0.345
JwriTnYcJsBruRjY5,721749a7b8fc24c947e19683ad6775a18089d6478304c8a52fb9fb32e369a6c8,11,0.23,1,1538976218739,Politics,0.1058,0.47
SJxt37pZBR6RC3kTT,721749a7b8fc24c947e19683ad6775a18089d6478304c8a52fb9fb32e369a6c8,12,0.02,1,1538976218743,Politics,8e-4,0.49
BrYnfAWfbM5p2Yrmj,c4f3db38071baef7ba38066fc12fc9ddeda43346d5da158630ab4d80b9c28ed0,1,0.5,1,1538976258700,Sports,0.5,0.64
HkTGPKwBr8wJKDg48,c4f3db38071baef7ba38066fc12fc9ddeda43346d5da158630ab4d80b9c28ed0,2,0.5,1,1538976258701,Sports,0.5,0.65
HJ5SaZNGDuNeSs9ut,c4f3db38071baef7ba38066fc12fc9ddeda43346d5da158630ab4d80b9c28ed0,3,0.28,1,1538976258704,Sports,0.15680000000000002,0.475
q6qTJoMeqdMMtYK7G,c4f3db38071baef7ba38066fc12fc9ddeda43346d5da158630ab4d80b9c28ed0,4,0.65,1,1538976258706,Sports,0.24499999999999997,0.655
Lmf3tiyGpPeGDgKmT,c4f3db38071baef7ba38066fc12fc9ddeda43346d5da158630ab4d80b9c28ed0,5,0.44,1,1538976258706,Sports,0.3872,0.535
8267Y33AGJFpegERi,c4f3db38071baef7ba38066fc12fc9ddeda43346d5da158630ab4d80b9c28ed0,6,0.8,1,1538976258707,Sports,1.2800000000000002,0.52
t9Aps49hXQKrdWGGM,721749a7b8fc24c947e19683ad6775a18089d6478304c8a52fb9fb32e369a6c8,13,1,1,1538976304348,Entertainment,2,0.525
NZJjbrbnGo6pgRa9P,721749a7b8fc24c947e19683ad6775a18089d6478304c8a52fb9fb32e369a6c8,14,0.14,1,1538976304351,Entertainment,1.4791999999999998,0.36
in68be7mkFXENxan8,721749a7b8fc24c947e19683ad6775a18089d6478304c8a52fb9fb32e369a6c8,15,0.36,1,1538976304352,Entertainment,0.2592,0.645
mawdA3n9S4dEJub8y,721749a7b8fc24c947e19683ad6775a18089d6478304c8a52fb9fb32e369a6c8,16,0.64,1,1538976304355,Entertainment,0.2592,0.6
2HQMDc4evYxv3jABC,721749a7b8fc24c947e19683ad6775a18089d6478304c8a52fb9fb32e369a6c8,17,0.04,1,1538976304357,Entertainment,0.0032,0.285
pSRczACLDtko5uFoB,721749a7b8fc24c947e19683ad6775a18089d6478304c8a52fb9fb32e369a6c8,18,0.07,1,1538976304359,Entertainment,0.009800000000000001,0.305
PhjjB7APyFfWMNo4k,c4f3db38071baef7ba38066fc12fc9ddeda43346d5da158630ab4d80b9c28ed0,7,0.92,1,1538976487764,Politics,1.6928,0.585
nZ3XBjKZudMAuZ3hh,c4f3db38071baef7ba38066fc12fc9ddeda43346d5da158630ab4d80b9c28ed0,8,0.6,1,1538976487766,Politics,0.32000000000000006,0.535
DL2XaDgxbZJCpvY3S,c4f3db38071baef7ba38066fc12fc9ddeda43346d5da158630ab4d80b9c28ed0,9,0.1,1,1538976487766,Politics,0.020000000000000004,0.42
544Ryw2Cj7kmsfZBR,c4f3db38071baef7ba38066fc12fc9ddeda43346d5da158630ab4d80b9c28ed0,10,0.2,1,1538976487766,Politics,0.08000000000000002,0.445
gFw8iANGqcmLyezhD,c4f3db38071baef7ba38066fc12fc9ddeda43346d5da158630ab4d80b9c28ed0,11,0.4,1,1538976487767,Politics,0.32000000000000006,0.49
97TbiYgnYEWEC9YJw,c4f3db38071baef7ba38066fc12fc9ddeda43346d5da158630ab4d80b9c28ed0,12,0.35,1,1538976487769,Politics,0.24499999999999997,0.52
4x2gkntJTuqJ4GStn,c4f3db38071baef7ba38066fc12fc9ddeda43346d5da158630ab4d80b9c28ed0,13,0.18,1,1538976693529,Entertainment,0.0648,0.34
WjAuaTvvjJYpbjd35,c4f3db38071baef7ba38066fc12fc9ddeda43346d5da158630ab4d80b9c28ed0,14,1,1,1538976693530,Entertainment,0,0.55
tHMrCyoTQMATFuFwL,c4f3db38071baef7ba38066fc12fc9ddeda43346d5da158630ab4d80b9c28ed0,15,0.65,1,1538976693531,Entertainment,0.8450000000000001,0.575
avxqo9Jpseum4vnhr,c4f3db38071baef7ba38066fc12fc9ddeda43346d5da158630ab4d80b9c28ed0,16,0.25,1,1538976693531,Entertainment,1.125,0.44
gusiDbqqdAMkgC5yg,c4f3db38071baef7ba38066fc12fc9ddeda43346d5da158630ab4d80b9c28ed0,17,0.43,1,1538976693532,Entertainment,0.36979999999999996,0.57
vdHwsRTpzt9tGd7bN,c4f3db38071baef7ba38066fc12fc9ddeda43346d5da158630ab4d80b9c28ed0,18,0.67,1,1538976693532,Entertainment,0.8978000000000002,0.57
uZPS5ihWtdjDJvrhZ,67c6e7112fb743ee17cf51f01db4f4c41d4a28fb30bbe421fbe15f722442fd63,1,0.7,1,1538976731075,Sports,0.18000000000000005,0.585
eykCKZhmvJffpYNKw,67c6e7112fb743ee17cf51f01db4f4c41d4a28fb30bbe421fbe15f722442fd63,2,0.7,1,1538976731077,Sports,0.9799999999999999,0.61
FXRh9cGF4brfkeXw2,67c6e7112fb743ee17cf51f01db4f4c41d4a28fb30bbe421fbe15f722442fd63,3,0.3,1,1538976731078,Sports,0.18,0.605
S3tKrXuHdvA87nYeZ,67c6e7112fb743ee17cf51f01db4f4c41d4a28fb30bbe421fbe15f722442fd63,4,0.71,1,1538976731079,Sports,0.16820000000000004,0.64
DfmjXPqx3Tw6uKE2q,67c6e7112fb743ee17cf51f01db4f4c41d4a28fb30bbe421fbe15f722442fd63,5,0.5,1,1538976731081,Sports,0.5,0.61
3LhzJWM6ixkcdmpkY,67c6e7112fb743ee17cf51f01db4f4c41d4a28fb30bbe421fbe15f722442fd63,6,0.5,1,1538976731083,Sports,0.5,0.65
vcw26oRJnE2gTq9f8,67c6e7112fb743ee17cf51f01db4f4c41d4a28fb30bbe421fbe15f722442fd63,7,0.8,1,1538977267754,Politics,1.2800000000000002,0.59
hDssiLNbhYqg7a3oH,67c6e7112fb743ee17cf51f01db4f4c41d4a28fb30bbe421fbe15f722442fd63,8,0.1,1,1538977267756,Politics,1.62,0.38
cSkr7aQZ2hzskcWn9,67c6e7112fb743ee17cf51f01db4f4c41d4a28fb30bbe421fbe15f722442fd63,9,0.1,1,1538977267757,Politics,0.020000000000000004,0.49
2maK3aiKSHZpnLimL,67c6e7112fb743ee17cf51f01db4f4c41d4a28fb30bbe421fbe15f722442fd63,10,0.1,1,1538977267758,Politics,0.020000000000000004,0.52
ogPyP8NwQPrFeRa4G,67c6e7112fb743ee17cf51f01db4f4c41d4a28fb30bbe421fbe15f722442fd63,11,0.5,1,1538977267759,Politics,0.5,0.54
A2mqcX3hsnMuoqHJT,67c6e7112fb743ee17cf51f01db4f4c41d4a28fb30bbe421fbe15f722442fd63,12,0.1,1,1538977267760,Politics,0.020000000000000004,0.53
dfsgzaomcxC2hKupT,67c6e7112fb743ee17cf51f01db4f4c41d4a28fb30bbe421fbe15f722442fd63,13,0.7,1,1538977439207,Entertainment,0.9799999999999999,0.59
uCwFfr4w6vHAL5prr,67c6e7112fb743ee17cf51f01db4f4c41d4a28fb30bbe421fbe15f722442fd63,14,0.11,1,1538977439209,Entertainment,1.5842,0.305
5ad9NK2HELxjNtgwa,67c6e7112fb743ee17cf51f01db4f4c41d4a28fb30bbe421fbe15f722442fd63,15,0.02,1,1538977439210,Entertainment,8e-4,0.285
DaacH35bsSQB5bMFA,67c6e7112fb743ee17cf51f01db4f4c41d4a28fb30bbe421fbe15f722442fd63,16,0.15,1,1538977439213,Entertainment,1.4449999999999998,0.425
RGnqrynrH2Cypi2Y6,67c6e7112fb743ee17cf51f01db4f4c41d4a28fb30bbe421fbe15f722442fd63,17,0.15,1,1538977439215,Entertainment,0.045,0.375
LNC5vsZyAgjvXSYxE,67c6e7112fb743ee17cf51f01db4f4c41d4a28fb30bbe421fbe15f722442fd63,18,0.86,1,1538977439217,Entertainment,1.4791999999999998,0.595
9DwHjjwZiu38PWrJE,2076a5fd14e9b68d6e5972c998d91f574ed0b0c7f8412ee27481a662d3a7b6de,1,0.21,1,1538978854445,Sports,1.2482000000000002,0.505
75CRBhSJQLisL35uD,2076a5fd14e9b68d6e5972c998d91f574ed0b0c7f8412ee27481a662d3a7b6de,2,0.79,1,1538978854446,Sports,1.2482000000000002,0.615
dKJpgq5ZmZvhErxuX,2076a5fd14e9b68d6e5972c998d91f574ed0b0c7f8412ee27481a662d3a7b6de,3,0.21,1,1538978854447,Sports,0.08819999999999999,0.54
eDks9Gh24NNJjcBGB,2076a5fd14e9b68d6e5972c998d91f574ed0b0c7f8412ee27481a662d3a7b6de,4,0.79,1,1538978854447,Sports,0.08819999999999997,0.655
fmpDyXSCfFcSroZTM,2076a5fd14e9b68d6e5972c998d91f574ed0b0c7f8412ee27481a662d3a7b6de,5,0.21,1,1538978854447,Sports,0.08819999999999999,0.485
N35tME8FzE8gDBLRL,2076a5fd14e9b68d6e5972c998d91f574ed0b0c7f8412ee27481a662d3a7b6de,6,0.79,1,1538978854447,Sports,1.2482000000000002,0.63
Q567KDv5BMMdmvyTp,2076a5fd14e9b68d6e5972c998d91f574ed0b0c7f8412ee27481a662d3a7b6de,7,0.79,1,1538978866749,Politics,1.2482000000000002,0.67
FEjYcBmZHWyFmNMjb,2076a5fd14e9b68d6e5972c998d91f574ed0b0c7f8412ee27481a662d3a7b6de,8,0.79,1,1538978866750,Politics,0.08819999999999997,0.555
PJdkSYkmD8znuSeGt,2076a5fd14e9b68d6e5972c998d91f574ed0b0c7f8412ee27481a662d3a7b6de,9,0.1,1,1538978866750,Politics,0.020000000000000004,0.46
xoWYW65hH9PKCKfMt,2076a5fd14e9b68d6e5972c998d91f574ed0b0c7f8412ee27481a662d3a7b6de,10,0.21,1,1538978866750,Politics,0.08819999999999999,0.51
npsKh97oCc89fyuR8,2076a5fd14e9b68d6e5972c998d91f574ed0b0c7f8412ee27481a662d3a7b6de,11,0.21,1,1538978866750,Politics,0.08819999999999999,0.575
AicBTpnEYKyReBzCK,2076a5fd14e9b68d6e5972c998d91f574ed0b0c7f8412ee27481a662d3a7b6de,12,0.1,1,1538978866750,Politics,0.020000000000000004,0.6
J2sFErq8fTsj7yDCo,2076a5fd14e9b68d6e5972c998d91f574ed0b0c7f8412ee27481a662d3a7b6de,13,0.21,1,1538978873467,Entertainment,0.08819999999999999,0.425
AFtpSWtnPadfmCnKK,2076a5fd14e9b68d6e5972c998d91f574ed0b0c7f8412ee27481a662d3a7b6de,14,0.79,1,1538978873467,Entertainment,0.08819999999999997,0.66
8E6kWoQor2pGJtzyr,2076a5fd14e9b68d6e5972c998d91f574ed0b0c7f8412ee27481a662d3a7b6de,15,0.79,1,1538978873468,Entertainment,1.2482000000000002,0.555
yH9uJ9DZFQ39tTovr,2076a5fd14e9b68d6e5972c998d91f574ed0b0c7f8412ee27481a662d3a7b6de,16,0.79,1,1538978873468,Entertainment,0.08819999999999997,0.585
DyXdT4o6GpuSnQZP7,2076a5fd14e9b68d6e5972c998d91f574ed0b0c7f8412ee27481a662d3a7b6de,17,0.21,1,1538978873468,Entertainment,0.08819999999999999,0.5
8HBS8mtepP8vPmsuz,2076a5fd14e9b68d6e5972c998d91f574ed0b0c7f8412ee27481a662d3a7b6de,18,0.1,1,1538978873468,Entertainment,0.020000000000000004,0.515
r4SmPGyaWoRqXtxPi,32663e6c310349cb49290c2aca62adadd70cad2bc355fb4e6739ee27c8062dda,1,0.3,1,1538979685286,Sports,0.9799999999999999,0.71
CPYWMiYoMsLzpCiau,32663e6c310349cb49290c2aca62adadd70cad2bc355fb4e6739ee27c8062dda,2,0.2,1,1538979685287,Sports,0.08000000000000002,0.42
muAgkSu8dTF9fRNRe,32663e6c310349cb49290c2aca62adadd70cad2bc355fb4e6739ee27c8062dda,3,0.15,1,1538979685287,Sports,0.045,0.54
AgW5Po2S36yqezjXn,32663e6c310349cb49290c2aca62adadd70cad2bc355fb4e6739ee27c8062dda,4,0.7,1,1538979685288,Sports,0.18000000000000005,0.68
KxdtSL6BXb6Mscs3J,32663e6c310349cb49290c2aca62adadd70cad2bc355fb4e6739ee27c8062dda,5,0.85,1,1538979685288,Sports,1.4449999999999998,0.515
vEqcek8aroqx7LvnF,32663e6c310349cb49290c2aca62adadd70cad2bc355fb4e6739ee27c8062dda,6,0.15,1,1538979685289,Sports,0.045,0.4
cDXrD4P6GAsxJ9sMA,32663e6c310349cb49290c2aca62adadd70cad2bc355fb4e6739ee27c8062dda,7,0.75,1,1538979727262,Politics,1.125,0.62
2n86usZsDgBfwAxci,32663e6c310349cb49290c2aca62adadd70cad2bc355fb4e6739ee27c8062dda,8,0.72,1,1538979727263,Politics,0.15680000000000002,0.615
G9CA8nMSQLJcK3G3g,32663e6c310349cb49290c2aca62adadd70cad2bc355fb4e6739ee27c8062dda,9,0.75,1,1538979727263,Politics,1.125,0.515
q7etBreKZbY7nBiB9,32663e6c310349cb49290c2aca62adadd70cad2bc355fb4e6739ee27c8062dda,10,0.15,1,1538979727264,Politics,0.045,0.545
C28aGZaHCMS9e4Me4,32663e6c310349cb49290c2aca62adadd70cad2bc355fb4e6739ee27c8062dda,11,0.15,1,1538979727264,Politics,0.045,0.58
5AgrkzrKMDinvBaFm,32663e6c310349cb49290c2aca62adadd70cad2bc355fb4e6739ee27c8062dda,12,0.2,1,1538979727264,Politics,0.08000000000000002,0.495
YYZZKdkWPk6tjX2R5,32663e6c310349cb49290c2aca62adadd70cad2bc355fb4e6739ee27c8062dda,13,0.85,1,1538979747551,Entertainment,1.4449999999999998,0.59
u6wrrrjFRFMHymhRK,32663e6c310349cb49290c2aca62adadd70cad2bc355fb4e6739ee27c8062dda,14,0.24,1,1538979747551,Entertainment,1.1552,0.395
tZ6hKLkkGHSNPqw4b,32663e6c310349cb49290c2aca62adadd70cad2bc355fb4e6739ee27c8062dda,15,0.2,1,1538979747551,Entertainment,0.08000000000000002,0.46
nxfgQnKkTuLozxdmN,32663e6c310349cb49290c2aca62adadd70cad2bc355fb4e6739ee27c8062dda,16,0.1,1,1538979747552,Entertainment,1.62,0.435
eqh4SnMyTpQxEau4v,32663e6c310349cb49290c2aca62adadd70cad2bc355fb4e6739ee27c8062dda,17,0.25,1,1538979747553,Entertainment,0.125,0.54
DecrRWF3HeWw4GbGg,32663e6c310349cb49290c2aca62adadd70cad2bc355fb4e6739ee27c8062dda,18,0.1,1,1538979747553,Entertainment,0.020000000000000004,0.455
KLvupooe7s3hWoC4N,f082bd4168907f828dc9247e2778fb40a83aa9f0f75b181938e57ffb17a012d7,1,0.4,1,1538986365975,Sports,0.72,0.625
SiaMWvCWtqDmqmRgr,f082bd4168907f828dc9247e2778fb40a83aa9f0f75b181938e57ffb17a012d7,2,0.75,1,1538986365976,Sports,1.125,0.565
e6fSryn5xw5CzSCnY,f082bd4168907f828dc9247e2778fb40a83aa9f0f75b181938e57ffb17a012d7,3,0.25,1,1538986365977,Sports,0.125,0.51
8WiSwfE8gAnxR8fMw,f082bd4168907f828dc9247e2778fb40a83aa9f0f75b181938e57ffb17a012d7,4,0.7,1,1538986365977,Sports,0.18000000000000005,0.58
Ywrb3aYi9353gLev8,f082bd4168907f828dc9247e2778fb40a83aa9f0f75b181938e57ffb17a012d7,5,0.35,1,1538986365977,Sports,0.24499999999999997,0.585
pbxtsRRnm528bQaeB,f082bd4168907f828dc9247e2778fb40a83aa9f0f75b181938e57ffb17a012d7,6,0.3,1,1538986365977,Sports,0.18,0.58
BpoHWZRXsgx942gQW,f082bd4168907f828dc9247e2778fb40a83aa9f0f75b181938e57ffb17a012d7,7,0.8,1,1538986509827,Politics,1.2800000000000002,0.585
i5AZ58XXjzwKMPoxy,f082bd4168907f828dc9247e2778fb40a83aa9f0f75b181938e57ffb17a012d7,8,0.7,1,1538986509827,Politics,0.18000000000000005,0.55
niL4QBKsj65EjGk5p,f082bd4168907f828dc9247e2778fb40a83aa9f0f75b181938e57ffb17a012d7,9,0.75,1,1538986509827,Politics,1.125,0.47
YjvXunYYADE4uEsSs,f082bd4168907f828dc9247e2778fb40a83aa9f0f75b181938e57ffb17a012d7,10,0.2,1,1538986509827,Politics,0.08000000000000002,0.375
6ddCHL2q7PLzpBprK,f082bd4168907f828dc9247e2778fb40a83aa9f0f75b181938e57ffb17a012d7,11,0.3,1,1538986509827,Politics,0.18,0.5
tsrY4oT6fXvG77F53,f082bd4168907f828dc9247e2778fb40a83aa9f0f75b181938e57ffb17a012d7,12,0.3,1,1538986509828,Politics,0.18,0.48
SsDkE6iEQtcqQ6gR8,f082bd4168907f828dc9247e2778fb40a83aa9f0f75b181938e57ffb17a012d7,13,0.25,1,1538986580622,Entertainment,0.125,0.345
cH6ix7DFsJybqa8Jq,f082bd4168907f828dc9247e2778fb40a83aa9f0f75b181938e57ffb17a012d7,14,0.8,1,1538986580622,Entertainment,0.07999999999999996,0.545
HMm86quvkDrXuhaWD,f082bd4168907f828dc9247e2778fb40a83aa9f0f75b181938e57ffb17a012d7,15,0.6,1,1538986580622,Entertainment,0.72,0.47
xTFBpKsdwmh9zLQCi,f082bd4168907f828dc9247e2778fb40a83aa9f0f75b181938e57ffb17a012d7,16,0.2,1,1538986580623,Entertainment,1.2800000000000002,0.49
owgZaHSwBgFXoaEa9,f082bd4168907f828dc9247e2778fb40a83aa9f0f75b181938e57ffb17a012d7,17,0.3,1,1538986580624,Entertainment,0.18,0.555
uAieP9RZXzTzNcaQp,f082bd4168907f828dc9247e2778fb40a83aa9f0f75b181938e57ffb17a012d7,18,0.35,1,1538986580624,Entertainment,0.24499999999999997,0.58
AC5pfdjEtKTRvDR9n,8a35b1243881d110d01e4e3a1b56eb961560cbf0e9d2d15ad616ce7e57cdc9ef,1,0.21,1,1538987072546,Sports,1.2482000000000002,0.475
JZPQsrmovScKjFLr8,8a35b1243881d110d01e4e3a1b56eb961560cbf0e9d2d15ad616ce7e57cdc9ef,2,0.92,1,1538987072547,Sports,1.6928,0.695
tGcPdBe8YQADs97w2,8a35b1243881d110d01e4e3a1b56eb961560cbf0e9d2d15ad616ce7e57cdc9ef,3,0.12,1,1538987072547,Sports,0.0288,0.58
Nzn8eYvXmNqkZZMGW,8a35b1243881d110d01e4e3a1b56eb961560cbf0e9d2d15ad616ce7e57cdc9ef,4,0.93,1,1538987072550,Sports,0.009799999999999986,0.725
zji8Epvqc3e47R958,8a35b1243881d110d01e4e3a1b56eb961560cbf0e9d2d15ad616ce7e57cdc9ef,5,0.15,1,1538987072551,Sports,0.045,0.47
hDNf3YLWELYL8iRa8,8a35b1243881d110d01e4e3a1b56eb961560cbf0e9d2d15ad616ce7e57cdc9ef,6,0.97,1,1538987072552,Sports,1.8818,0.645
MeZ9iYuXnNqZXkjrQ,8a35b1243881d110d01e4e3a1b56eb961560cbf0e9d2d15ad616ce7e57cdc9ef,7,0.98,1,1538987444581,Politics,1.9207999999999998,0.67
JyHe9G5GbsumGrTM2,8a35b1243881d110d01e4e3a1b56eb961560cbf0e9d2d15ad616ce7e57cdc9ef,8,0.92,1,1538987444582,Politics,0.012799999999999987,0.665
f6LEFX2quaRgQFEy6,8a35b1243881d110d01e4e3a1b56eb961560cbf0e9d2d15ad616ce7e57cdc9ef,9,0.13,1,1538987444583,Politics,0.033800000000000004,0.575
nXXTBgoL3hfPncWCh,8a35b1243881d110d01e4e3a1b56eb961560cbf0e9d2d15ad616ce7e57cdc9ef,10,0.06,1,1538987444585,Politics,0.0072,0.485
ddW2MwG9TkdjCSNgf,8a35b1243881d110d01e4e3a1b56eb961560cbf0e9d2d15ad616ce7e57cdc9ef,11,0.06,1,1538987444586,Politics,0.0072,0.46
CWHuXWzknYeGQFNGo,8a35b1243881d110d01e4e3a1b56eb961560cbf0e9d2d15ad616ce7e57cdc9ef,12,0.09,1,1538987444587,Politics,0.0162,0.45
NciotDLBaQb5TAEMv,8a35b1243881d110d01e4e3a1b56eb961560cbf0e9d2d15ad616ce7e57cdc9ef,13,0.77,1,1538987990143,Entertainment,1.1858,0.565
Numq7dW6xhxcWdftr,8a35b1243881d110d01e4e3a1b56eb961560cbf0e9d2d15ad616ce7e57cdc9ef,14,0.97,1,1538987990144,Entertainment,0.0018000000000000032,0.675
SJ7DQ7rLdLLfpthnw,8a35b1243881d110d01e4e3a1b56eb961560cbf0e9d2d15ad616ce7e57cdc9ef,15,0.88,1,1538987990145,Entertainment,1.5488,0.625
T52wHmLGdu3fygjk9,8a35b1243881d110d01e4e3a1b56eb961560cbf0e9d2d15ad616ce7e57cdc9ef,16,0.9,1,1538987990146,Entertainment,0.01999999999999999,0.605
ZpZtjZDEvdn3XCEdr,8a35b1243881d110d01e4e3a1b56eb961560cbf0e9d2d15ad616ce7e57cdc9ef,17,0.04,1,1538987990147,Entertainment,0.0032,0.355
KsuXLZSKSiEvKApue,8a35b1243881d110d01e4e3a1b56eb961560cbf0e9d2d15ad616ce7e57cdc9ef,18,0.1,1,1538987990147,Entertainment,0.020000000000000004,0.54
kcNw8XibBj8BCsngs,223e53eb384fef11c692ed4f757196a4825255c5bb5c140499f1f12e031e1196,1,0.73,1,1538991301427,Sports,0.1458,0.6
XTm89SiLcKM9z3TTe,223e53eb384fef11c692ed4f757196a4825255c5bb5c140499f1f12e031e1196,2,0.94,1,1538991301432,Sports,1.7671999999999999,0.6
sHjBo6Nxo4RM3gjes,223e53eb384fef11c692ed4f757196a4825255c5bb5c140499f1f12e031e1196,3,0.27,1,1538991301433,Sports,0.1458,0.555
FFsfaryyGabrAHJqu,223e53eb384fef11c692ed4f757196a4825255c5bb5c140499f1f12e031e1196,4,0.75,1,1538991301435,Sports,0.125,0.625
5AhAG4Ahjpnursxb8,223e53eb384fef11c692ed4f757196a4825255c5bb5c140499f1f12e031e1196,5,0.66,1,1538991301436,Sports,0.8712000000000001,0.565
LAkoTgdentSvX8FR2,223e53eb384fef11c692ed4f757196a4825255c5bb5c140499f1f12e031e1196,6,0.39,1,1538991301437,Sports,0.3042,0.68
dCkYAhw9TdWhCjrSS,223e53eb384fef11c692ed4f757196a4825255c5bb5c140499f1f12e031e1196,7,0.04,1,1538991356661,Politics,0.0032,0.205
6NcaioyrYD6fWSjXq,223e53eb384fef11c692ed4f757196a4825255c5bb5c140499f1f12e031e1196,8,0.7,1,1538991356662,Politics,0.18000000000000005,0.56
SmuAZubDQpx5jYruv,223e53eb384fef11c692ed4f757196a4825255c5bb5c140499f1f12e031e1196,9,0.96,1,1538991356663,Politics,1.8432,0.495
b9ENBs8Fav2mwRWDZ,223e53eb384fef11c692ed4f757196a4825255c5bb5c140499f1f12e031e1196,10,0.27,1,1538991356664,Politics,0.1458,0.49
pApyWtrTAjekQK9d5,223e53eb384fef11c692ed4f757196a4825255c5bb5c140499f1f12e031e1196,11,0.14,1,1538991356665,Politics,0.039200000000000006,0.53
RGhT7TjqQfqoBByA9,223e53eb384fef11c692ed4f757196a4825255c5bb5c140499f1f12e031e1196,12,0.03,1,1538991356665,Politics,0.0018,0.435
4H9gFc92ZDtoea4dL,223e53eb384fef11c692ed4f757196a4825255c5bb5c140499f1f12e031e1196,13,1,1,1538991396694,Entertainment,2,0.56
RiKkvHZykZWmS7sqP,223e53eb384fef11c692ed4f757196a4825255c5bb5c140499f1f12e031e1196,14,0.77,1,1538991396696,Entertainment,0.10579999999999998,0.64
yHBS2J9BQbmZZsuSC,223e53eb384fef11c692ed4f757196a4825255c5bb5c140499f1f12e031e1196,15,0.12,1,1538991396698,Entertainment,0.0288,0.385
ym2un6By3tiSt83yY,223e53eb384fef11c692ed4f757196a4825255c5bb5c140499f1f12e031e1196,16,0.32,1,1538991396700,Entertainment,0.9247999999999998,0.7
9mieGydBok4tFYJKT,223e53eb384fef11c692ed4f757196a4825255c5bb5c140499f1f12e031e1196,17,0.72,1,1538991396701,Entertainment,1.0368,0.605
daRy7RaaH8FEsuyFH,223e53eb384fef11c692ed4f757196a4825255c5bb5c140499f1f12e031e1196,18,0.8,1,1538991396703,Entertainment,1.2800000000000002,0.5
FEykAuRzmipNz4cjz,2a993cef3084fab96c56e6b5392be0d8f7545f622ed831d77a104052d3464853,1,0.65,1,1538996028256,Sports,0.24499999999999997,0.59
WQB2KYqpTaLT5Ef9k,2a993cef3084fab96c56e6b5392be0d8f7545f622ed831d77a104052d3464853,2,0.85,1,1538996028257,Sports,1.4449999999999998,0.65
fSKRxfA5C6SGGrmdz,2a993cef3084fab96c56e6b5392be0d8f7545f622ed831d77a104052d3464853,3,0.05,1,1538996028258,Sports,0.005000000000000001,0.37
eCu5iRdkn4QPCMNY9,2a993cef3084fab96c56e6b5392be0d8f7545f622ed831d77a104052d3464853,4,0.28,1,1538996028258,Sports,1.0368,0.285
m62uRKKixgSxMPhSB,2a993cef3084fab96c56e6b5392be0d8f7545f622ed831d77a104052d3464853,5,0.25,1,1538996028259,Sports,0.125,0.47
sXEAXqjT5Nb7mFbA5,2a993cef3084fab96c56e6b5392be0d8f7545f622ed831d77a104052d3464853,6,0.39,1,1538996028259,Sports,0.3042,0.605
pmckbkRa2Y3KB7446,2a993cef3084fab96c56e6b5392be0d8f7545f622ed831d77a104052d3464853,7,0.1,1,1538996057453,Politics,0.020000000000000004,0.325
qWLhxp3e9njEpnHkS,2a993cef3084fab96c56e6b5392be0d8f7545f622ed831d77a104052d3464853,8,0.62,1,1538996057453,Politics,0.2888,0.615
8dbTioEtaRbeZWCQy,2a993cef3084fab96c56e6b5392be0d8f7545f622ed831d77a104052d3464853,9,0.09,1,1538996057454,Politics,0.0162,0.3
9mwSiErd7QCArt9bf,2a993cef3084fab96c56e6b5392be0d8f7545f622ed831d77a104052d3464853,10,0.5,1,1538996057454,Politics,0.5,0.395
DMCtpYZhG48MZGDGt,2a993cef3084fab96c56e6b5392be0d8f7545f622ed831d77a104052d3464853,11,0.64,1,1538996057455,Politics,0.8192,0.475
zJ56gbSJFGbykkgnS,2a993cef3084fab96c56e6b5392be0d8f7545f622ed831d77a104052d3464853,12,0.54,1,1538996057455,Politics,0.5832,0.405
ELWLzp3XRpXBryogt,2a993cef3084fab96c56e6b5392be0d8f7545f622ed831d77a104052d3464853,13,0.75,1,1538996064561,Entertainment,1.125,0.565
94oBSFcJSttd9LupP,2a993cef3084fab96c56e6b5392be0d8f7545f622ed831d77a104052d3464853,14,0.82,1,1538996064562,Entertainment,0.06480000000000004,0.58
GMYJrCtbRxyoequuf,2a993cef3084fab96c56e6b5392be0d8f7545f622ed831d77a104052d3464853,15,0.43,1,1538996064562,Entertainment,0.36979999999999996,0.63
vZusEkehgumhNwtAa,2a993cef3084fab96c56e6b5392be0d8f7545f622ed831d77a104052d3464853,16,0.69,1,1538996064562,Entertainment,0.19220000000000007,0.6
uB65ib5wdTadLiQet,2a993cef3084fab96c56e6b5392be0d8f7545f622ed831d77a104052d3464853,17,0.12,1,1538996064562,Entertainment,0.0288,0.395
4zRhgnHSyhK668ZjB,2a993cef3084fab96c56e6b5392be0d8f7545f622ed831d77a104052d3464853,18,0.39,1,1538996064563,Entertainment,0.3042,0.64
F4RSRFAudiBzk27Gd,c0b2567cc1834a6cf4fe1bdbd7753b78ebeb1cad5657bec7c5312ba9a02cbd44,1,0.22,1,1538999115134,Sports,1.2168,0.56
2gkFcvkyiyrFxWGCL,c0b2567cc1834a6cf4fe1bdbd7753b78ebeb1cad5657bec7c5312ba9a02cbd44,2,1,1,1538999115134,Sports,2,0.775
N9nvMzBuuRo9JuNCk,c0b2567cc1834a6cf4fe1bdbd7753b78ebeb1cad5657bec7c5312ba9a02cbd44,3,0,1,1538999115135,Sports,0,0.435
Qk3zNJ4xYxviQCWj2,c0b2567cc1834a6cf4fe1bdbd7753b78ebeb1cad5657bec7c5312ba9a02cbd44,4,0.79,1,1538999115135,Sports,0.08819999999999997,0.745
k482yaD4rEntARziK,c0b2567cc1834a6cf4fe1bdbd7753b78ebeb1cad5657bec7c5312ba9a02cbd44,5,0,1,1538999115136,Sports,0,0.38
AsAGcNnQnM9nozvLa,c0b2567cc1834a6cf4fe1bdbd7753b78ebeb1cad5657bec7c5312ba9a02cbd44,6,0.88,1,1538999115137,Sports,1.5488,0.67
JB6tsJzRkCqL9WY2f,c0b2567cc1834a6cf4fe1bdbd7753b78ebeb1cad5657bec7c5312ba9a02cbd44,7,1,1,1538999265767,Politics,2,0.76
Hd6rt786Yte47uDrd,c0b2567cc1834a6cf4fe1bdbd7753b78ebeb1cad5657bec7c5312ba9a02cbd44,8,1,1,1538999265767,Politics,0,0.675
yLf3wFG5xq5jsAvzC,c0b2567cc1834a6cf4fe1bdbd7753b78ebeb1cad5657bec7c5312ba9a02cbd44,9,0,1,1538999265768,Politics,0,0.415
2LPDeeQfyRFhG8nAf,c0b2567cc1834a6cf4fe1bdbd7753b78ebeb1cad5657bec7c5312ba9a02cbd44,10,0,1,1538999265768,Politics,0,0.485
PWT4Wqpa6i6ytFjfi,c0b2567cc1834a6cf4fe1bdbd7753b78ebeb1cad5657bec7c5312ba9a02cbd44,11,0,1,1538999265769,Politics,0,0.485
YWXLRY2GG6F6gkqXy,c0b2567cc1834a6cf4fe1bdbd7753b78ebeb1cad5657bec7c5312ba9a02cbd44,12,0,1,1538999265769,Politics,0,0.535
t97gExANAfnPrKdCW,c0b2567cc1834a6cf4fe1bdbd7753b78ebeb1cad5657bec7c5312ba9a02cbd44,13,0,1,1538999472726,Entertainment,0,0.31
Lny8Hfj7YPNb5njCQ,c0b2567cc1834a6cf4fe1bdbd7753b78ebeb1cad5657bec7c5312ba9a02cbd44,14,1,1,1538999472726,Entertainment,0,0.715
Yu42eLazjBdhSSDS5,c0b2567cc1834a6cf4fe1bdbd7753b78ebeb1cad5657bec7c5312ba9a02cbd44,15,1,1,1538999472726,Entertainment,2,0.66
XafrzaTFi2F3sPnQv,c0b2567cc1834a6cf4fe1bdbd7753b78ebeb1cad5657bec7c5312ba9a02cbd44,16,0,1,1538999472727,Entertainment,2,0.36
2XfteR5jnh7AEax8d,c0b2567cc1834a6cf4fe1bdbd7753b78ebeb1cad5657bec7c5312ba9a02cbd44,17,0,1,1538999472727,Entertainment,0,0.385
Ft9x8rNg6wZ5QJGvh,c0b2567cc1834a6cf4fe1bdbd7753b78ebeb1cad5657bec7c5312ba9a02cbd44,18,0,1,1538999472727,Entertainment,0,0.415
LumjpzoouY8cCQXsn,a395a1ee4d9aca434641b670bf07645018c0e40f86030cdc1e88d1806d2f1477,1,0.5,1,1538999958809,Sports,0.5,0.66
3frQvtqK2oj4NkhMq,a395a1ee4d9aca434641b670bf07645018c0e40f86030cdc1e88d1806d2f1477,2,0.72,1,1538999958810,Sports,1.0368,0.605
HcLEFcnDuKET2tftk,a395a1ee4d9aca434641b670bf07645018c0e40f86030cdc1e88d1806d2f1477,3,0.55,1,1538999958812,Sports,0.6050000000000001,0.54
htkbZNCEd6QaBXc8D,a395a1ee4d9aca434641b670bf07645018c0e40f86030cdc1e88d1806d2f1477,4,0.39,1,1538999958812,Sports,0.7442,0.665
LEtXJLrxtjFbKZ3W4,a395a1ee4d9aca434641b670bf07645018c0e40f86030cdc1e88d1806d2f1477,5,0.69,1,1538999958813,Sports,0.9521999999999998,0.455
QkianMYFQvB89m86T,a395a1ee4d9aca434641b670bf07645018c0e40f86030cdc1e88d1806d2f1477,6,0.72,1,1538999958814,Sports,1.0368,0.58
f8ptvpRNrs6XLtNMc,a395a1ee4d9aca434641b670bf07645018c0e40f86030cdc1e88d1806d2f1477,7,0.29,1,1539000009800,Politics,0.1682,0.315
zs5SEy5hHpHSWEkbx,a395a1ee4d9aca434641b670bf07645018c0e40f86030cdc1e88d1806d2f1477,8,0.66,1,1539000009801,Politics,0.23119999999999996,0.635
RSLnSKQTsuKQa5dbv,a395a1ee4d9aca434641b670bf07645018c0e40f86030cdc1e88d1806d2f1477,9,0.57,1,1539000009801,Politics,0.6497999999999999,0.58
cSL5yRnScPbSbXN8Y,a395a1ee4d9aca434641b670bf07645018c0e40f86030cdc1e88d1806d2f1477,10,0.06,1,1539000009801,Politics,0.0072,0.425
x5RhWYtPZ4diRSBS8,a395a1ee4d9aca434641b670bf07645018c0e40f86030cdc1e88d1806d2f1477,11,0.39,1,1539000009801,Politics,0.3042,0.585
oAxAaNdxKCJ7tMB3N,a395a1ee4d9aca434641b670bf07645018c0e40f86030cdc1e88d1806d2f1477,12,0.21,1,1539000009803,Politics,0.08819999999999999,0.445
SHyZ8NWukkauCE6Z3,a395a1ee4d9aca434641b670bf07645018c0e40f86030cdc1e88d1806d2f1477,13,0.82,1,1539000053243,Entertainment,1.3447999999999998,0.515
XzNXX7H3bPqgFKYBi,a395a1ee4d9aca434641b670bf07645018c0e40f86030cdc1e88d1806d2f1477,14,0.14,1,1539000053244,Entertainment,1.4791999999999998,0.33
NbS9gS9b7WPS7Smfw,a395a1ee4d9aca434641b670bf07645018c0e40f86030cdc1e88d1806d2f1477,15,0.25,1,1539000053246,Entertainment,0.125,0.42
Wiqcuw4DtzufyQbgw,a395a1ee4d9aca434641b670bf07645018c0e40f86030cdc1e88d1806d2f1477,16,0.32,1,1539000053246,Entertainment,0.9247999999999998,0.65
kAuM8ehue3vn28RBR,a395a1ee4d9aca434641b670bf07645018c0e40f86030cdc1e88d1806d2f1477,17,0.2,1,1539000053247,Entertainment,0.08000000000000002,0.435
P3xpHddWoDWRZpRAK,a395a1ee4d9aca434641b670bf07645018c0e40f86030cdc1e88d1806d2f1477,18,0.18,1,1539000053249,Entertainment,0.0648,0.4
2g3MQnbwXAX4RLdMo,80e1c785f49e4830275d2e0481bea87dee9d51dd2b13d70d2a0f7cfbf8ee195b,1,0.3,1,1539001230043,Sports,0.9799999999999999,0.64
YmfChyuNgNZZxPduu,80e1c785f49e4830275d2e0481bea87dee9d51dd2b13d70d2a0f7cfbf8ee195b,2,0.75,1,1539001230044,Sports,1.125,0.535
mdjxZtzhs9WkJjt3H,80e1c785f49e4830275d2e0481bea87dee9d51dd2b13d70d2a0f7cfbf8ee195b,3,0.4,1,1539001230044,Sports,0.32000000000000006,0.515
9MbG3RAAAbfJkeLgp,80e1c785f49e4830275d2e0481bea87dee9d51dd2b13d70d2a0f7cfbf8ee195b,4,0.7,1,1539001230045,Sports,0.18000000000000005,0.575
QPvKNawxMThvKfiNG,80e1c785f49e4830275d2e0481bea87dee9d51dd2b13d70d2a0f7cfbf8ee195b,5,0.38,1,1539001230045,Sports,0.2888,0.65
6JKDQipNvA6qjFwQy,80e1c785f49e4830275d2e0481bea87dee9d51dd2b13d70d2a0f7cfbf8ee195b,6,0.51,1,1539001230045,Sports,0.5202,0.59
2w5z62EjKQLpQshix,80e1c785f49e4830275d2e0481bea87dee9d51dd2b13d70d2a0f7cfbf8ee195b,7,0.85,1,1539001301234,Politics,1.4449999999999998,0.575
rCuQBrvgbHP3GPcRH,80e1c785f49e4830275d2e0481bea87dee9d51dd2b13d70d2a0f7cfbf8ee195b,8,0.6,1,1539001301234,Politics,0.32000000000000006,0.53
3LQ4qdR2YKBqbfucN,80e1c785f49e4830275d2e0481bea87dee9d51dd2b13d70d2a0f7cfbf8ee195b,9,0.3,1,1539001301235,Politics,0.18,0.57
o6jdMt5GxD2JwRJMg,80e1c785f49e4830275d2e0481bea87dee9d51dd2b13d70d2a0f7cfbf8ee195b,10,0.01,1,1539001301235,Politics,2e-4,0.37
4rQM6vAzmKmuYJ5RZ,80e1c785f49e4830275d2e0481bea87dee9d51dd2b13d70d2a0f7cfbf8ee195b,11,0.25,1,1539001301235,Politics,0.125,0.42
ts9dD4mjdAufC6nB4,80e1c785f49e4830275d2e0481bea87dee9d51dd2b13d70d2a0f7cfbf8ee195b,12,0.1,1,1539001301235,Politics,0.020000000000000004,0.5
q745f49xRHhFgtxtZ,82999ccdc200588b5101feec3d0e11ba3e078a61fccc0695a46ae659945901a0,1,0.37,1,1539001322845,Sports,0.7938000000000001,0.665
7GyK2c9Te5CyQGt5z,82999ccdc200588b5101feec3d0e11ba3e078a61fccc0695a46ae659945901a0,2,0.89,1,1539001322846,Sports,1.5842,0.605
SBmZLh22xhkdwg54o,82999ccdc200588b5101feec3d0e11ba3e078a61fccc0695a46ae659945901a0,3,0.74,1,1539001322850,Sports,1.0952,0.505
sNLE9tTpKSMMdq7e2,82999ccdc200588b5101feec3d0e11ba3e078a61fccc0695a46ae659945901a0,4,0.67,1,1539001322859,Sports,0.21779999999999994,0.605
SHsFSNYzn2f49Qfr5,82999ccdc200588b5101feec3d0e11ba3e078a61fccc0695a46ae659945901a0,5,0.83,1,1539001322861,Sports,1.3778,0.605
dq5iBYQQroK6ziF5D,82999ccdc200588b5101feec3d0e11ba3e078a61fccc0695a46ae659945901a0,6,0.73,1,1539001322862,Sports,1.0657999999999999,0.61
GgyRhc8biKmHYePhC,82999ccdc200588b5101feec3d0e11ba3e078a61fccc0695a46ae659945901a0,7,0.29,1,1539001351911,Politics,0.1682,0.335
m76BN7LeNRshPJbSf,82999ccdc200588b5101feec3d0e11ba3e078a61fccc0695a46ae659945901a0,8,0.32,1,1539001351912,Politics,0.9247999999999998,0.645
CbyWKovBiLEHtaAWR,82999ccdc200588b5101feec3d0e11ba3e078a61fccc0695a46ae659945901a0,9,0.1,1,1539001351914,Politics,0.020000000000000004,0.37
rvsJpk7PDgdHxtZ5B,82999ccdc200588b5101feec3d0e11ba3e078a61fccc0695a46ae659945901a0,10,0.19,1,1539001351914,Politics,0.0722,0.535
3qLKThw4KavjaL4Jr,82999ccdc200588b5101feec3d0e11ba3e078a61fccc0695a46ae659945901a0,11,0.65,1,1539001351916,Politics,0.8450000000000001,0.405
7w2dmG53qXSsqGZeW,82999ccdc200588b5101feec3d0e11ba3e078a61fccc0695a46ae659945901a0,12,0.1,1,1539001351917,Politics,0.020000000000000004,0.56
NnHPTX4BQGSvRyRey,80e1c785f49e4830275d2e0481bea87dee9d51dd2b13d70d2a0f7cfbf8ee195b,13,0.4,1,1539001366545,Entertainment,0.32000000000000006,0.545
zEB7H6uEPSfe4JzgB,80e1c785f49e4830275d2e0481bea87dee9d51dd2b13d70d2a0f7cfbf8ee195b,14,0.75,1,1539001366545,Entertainment,0.125,0.545
iFssdK77K3xNAyzKe,80e1c785f49e4830275d2e0481bea87dee9d51dd2b13d70d2a0f7cfbf8ee195b,15,0.2,1,1539001366546,Entertainment,0.08000000000000002,0.43
YYy2maocjCCAzHhSd,80e1c785f49e4830275d2e0481bea87dee9d51dd2b13d70d2a0f7cfbf8ee195b,16,0.35,1,1539001366546,Entertainment,0.8450000000000001,0.54
ituR9HNQWZvieJsSA,80e1c785f49e4830275d2e0481bea87dee9d51dd2b13d70d2a0f7cfbf8ee195b,17,0.25,1,1539001366547,Entertainment,0.125,0.38
jmHSWNq5CZJvZHTwm,80e1c785f49e4830275d2e0481bea87dee9d51dd2b13d70d2a0f7cfbf8ee195b,18,0.3,1,1539001366547,Entertainment,0.18,0.65
gpMWpEwv9kKSCkASk,82999ccdc200588b5101feec3d0e11ba3e078a61fccc0695a46ae659945901a0,13,0.94,1,1539001380183,Entertainment,1.7671999999999999,0.5
QThKiGz4Et7pTmyLk,82999ccdc200588b5101feec3d0e11ba3e078a61fccc0695a46ae659945901a0,14,0.73,1,1539001380185,Entertainment,0.1458,0.55
zAxuTNBBg9KRbKkHD,82999ccdc200588b5101feec3d0e11ba3e078a61fccc0695a46ae659945901a0,15,0.72,1,1539001380186,Entertainment,1.0368,0.51
zoCQqJ4dBH2pzk3CR,82999ccdc200588b5101feec3d0e11ba3e078a61fccc0695a46ae659945901a0,16,0.8,1,1539001380189,Entertainment,0.07999999999999996,0.54
mmxaNA2XKeovo6uSq,82999ccdc200588b5101feec3d0e11ba3e078a61fccc0695a46ae659945901a0,17,0.9,1,1539001380190,Entertainment,1.62,0.495
iz6ZAvfWKvvrud78f,82999ccdc200588b5101feec3d0e11ba3e078a61fccc0695a46ae659945901a0,18,0.74,1,1539001380191,Entertainment,1.0952,0.495
Fxb534qyBPsEQ9Jd6,01bc4cae3637166998403717d3c96cca54d8c57e56bef7e640495b021701e0fd,1,0.333,1,1539001473670,Sports,0.8897780000000001,0.695
RbHeJa3b6Tb9owQhZ,01bc4cae3637166998403717d3c96cca54d8c57e56bef7e640495b021701e0fd,2,0.4,1,1539001473671,Sports,0.32000000000000006,0.695
HuCkyNaHi4Jt5zDMn,01bc4cae3637166998403717d3c96cca54d8c57e56bef7e640495b021701e0fd,3,0.1,1,1539001473671,Sports,0.020000000000000004,0.435
xE4jTtNkHWWcPLLc9,01bc4cae3637166998403717d3c96cca54d8c57e56bef7e640495b021701e0fd,4,0.5,1,1539001473673,Sports,0.5,0.685
9Xukj98Nr4te2AQHJ,01bc4cae3637166998403717d3c96cca54d8c57e56bef7e640495b021701e0fd,5,0.1,1,1539001473673,Sports,0.020000000000000004,0.49
sqgQrw9FWDcCgpRJc,01bc4cae3637166998403717d3c96cca54d8c57e56bef7e640495b021701e0fd,6,0.5,1,1539001473674,Sports,0.5,0.645
79ct9jrWWA66Cderr,01bc4cae3637166998403717d3c96cca54d8c57e56bef7e640495b021701e0fd,7,0.8,1,1539001635617,Politics,1.2800000000000002,0.645
627BoNMhciYdeeMjt,01bc4cae3637166998403717d3c96cca54d8c57e56bef7e640495b021701e0fd,8,0.1,1,1539001635618,Politics,1.62,0.395
aAJwEWeGvddFpajd8,01bc4cae3637166998403717d3c96cca54d8c57e56bef7e640495b021701e0fd,9,0.4,1,1539001635618,Politics,0.32000000000000006,0.575
upYYsPDxmJt2pPGuE,01bc4cae3637166998403717d3c96cca54d8c57e56bef7e640495b021701e0fd,10,0.1,1,1539001635619,Politics,0.020000000000000004,0.55
DYD4PkzzX2A4dvwP2,01bc4cae3637166998403717d3c96cca54d8c57e56bef7e640495b021701e0fd,11,0.01,1,1539001635619,Politics,2e-4,0.345
eDpwWMiBD8fGbjha2,01bc4cae3637166998403717d3c96cca54d8c57e56bef7e640495b021701e0fd,12,0.45,1,1539001635620,Politics,0.405,0.43
tbm2GCSPBp4rcBjLN,01bc4cae3637166998403717d3c96cca54d8c57e56bef7e640495b021701e0fd,13,0,1,1539001765283,Entertainment,0,0.33
Ja4BR95gKk66Y327B,01bc4cae3637166998403717d3c96cca54d8c57e56bef7e640495b021701e0fd,14,1,1,1539001765284,Entertainment,0,0.635
92jaL2agSmTK45Pgj,01bc4cae3637166998403717d3c96cca54d8c57e56bef7e640495b021701e0fd,15,0.8,1,1539001765284,Entertainment,1.2800000000000002,0.58
KRmPoGpaa2hzzPqeq,01bc4cae3637166998403717d3c96cca54d8c57e56bef7e640495b021701e0fd,16,0.5,1,1539001765285,Entertainment,0.5,0.605
ryexyn4Ht9hX8Fnyu,01bc4cae3637166998403717d3c96cca54d8c57e56bef7e640495b021701e0fd,17,0.1,1,1539001765285,Entertainment,0.020000000000000004,0.345
fcimSwEMuLdvAgM5o,01bc4cae3637166998403717d3c96cca54d8c57e56bef7e640495b021701e0fd,18,0.5,1,1539001765286,Entertainment,0.5,0.54
Mvnn84Qu63WJDFQQS,a8362d10b9e22185699e32ae221645b3a3feb6927e440f60905213a7f4f819ac,1,1,1,1539002882287,Sports,0,0.665
G8CbzmzqsKzQbfyQ8,a8362d10b9e22185699e32ae221645b3a3feb6927e440f60905213a7f4f819ac,2,0.2,1,1539002882288,Sports,0.08000000000000002,0.375
MKEQyyhWGcdZdC935,a8362d10b9e22185699e32ae221645b3a3feb6927e440f60905213a7f4f819ac,3,0,1,1539002882290,Sports,0,0.345
eqktxYNAv6bzvXRZf,a8362d10b9e22185699e32ae221645b3a3feb6927e440f60905213a7f4f819ac,4,0.1,1,1539002882290,Sports,1.62,0.33
rr8nkJ8FqRGyf4XcH,a8362d10b9e22185699e32ae221645b3a3feb6927e440f60905213a7f4f819ac,5,0.7,1,1539002882290,Sports,0.9799999999999999,0.545
ZwQMeX2sgrMBa5tPa,a8362d10b9e22185699e32ae221645b3a3feb6927e440f60905213a7f4f819ac,6,0.9,1,1539002882291,Sports,1.62,0.62
NcQp6Jy8XZePgiHE4,93d2a23eaab241f353c026f0f3dec3d72472ab76624c187c2b129338f0774057,7,0.69,1,1539002952790,Politics,0.9521999999999998,0.58
Kv938RuTn6kp7h6gz,93d2a23eaab241f353c026f0f3dec3d72472ab76624c187c2b129338f0774057,8,0.58,1,1539002952794,Politics,0.35280000000000006,0.6
FjJDo3w5GoZ3xoFGW,93d2a23eaab241f353c026f0f3dec3d72472ab76624c187c2b129338f0774057,9,0.61,1,1539002952797,Politics,0.7442,0.435
xGhpZHp5oAFZPHc7f,93d2a23eaab241f353c026f0f3dec3d72472ab76624c187c2b129338f0774057,10,0.11,1,1539002952799,Politics,0.0242,0.48
6Md3e6uG5kc4YDpCP,93d2a23eaab241f353c026f0f3dec3d72472ab76624c187c2b129338f0774057,11,0.11,1,1539002952801,Politics,0.0242,0.41
CJSGYZdA7bFFFNkmQ,93d2a23eaab241f353c026f0f3dec3d72472ab76624c187c2b129338f0774057,12,0.32,1,1539002952803,Politics,0.2048,0.45
ogFsJr6RFXbk9gYZs,a8362d10b9e22185699e32ae221645b3a3feb6927e440f60905213a7f4f819ac,7,0.75,1,1539003028173,Politics,1.125,0.665
fSyxp7zzx7eG66DCP,a8362d10b9e22185699e32ae221645b3a3feb6927e440f60905213a7f4f819ac,8,0.3,1,1539003028173,Politics,0.9799999999999999,0.72
TvKZXved62wCr46XC,a8362d10b9e22185699e32ae221645b3a3feb6927e440f60905213a7f4f819ac,9,0,1,1539003028174,Politics,0,0.325
CqfcKgZgserPQk5LJ,a8362d10b9e22185699e32ae221645b3a3feb6927e440f60905213a7f4f819ac,10,0.1,1,1539003028174,Politics,0.020000000000000004,0.525
aQWWA6hscL3aaoLab,a8362d10b9e22185699e32ae221645b3a3feb6927e440f60905213a7f4f819ac,11,0.01,1,1539003028175,Politics,2e-4,0.405
Bmy3i528sbifT7Kee,a8362d10b9e22185699e32ae221645b3a3feb6927e440f60905213a7f4f819ac,12,0.5,1,1539003028175,Politics,0.5,0.525
Ep2xCbYL7mhXeeP4J,93d2a23eaab241f353c026f0f3dec3d72472ab76624c187c2b129338f0774057,13,0.88,1,1539003115505,Entertainment,1.5488,0.555
Zoge8i8jeehbo4Bae,93d2a23eaab241f353c026f0f3dec3d72472ab76624c187c2b129338f0774057,14,0.61,1,1539003115508,Entertainment,0.3042,0.535
Qt2QersFnm5ocFJ7P,93d2a23eaab241f353c026f0f3dec3d72472ab76624c187c2b129338f0774057,15,0.45,1,1539003115509,Entertainment,0.405,0.54
dh4rT7B2qTaKLHDG3,93d2a23eaab241f353c026f0f3dec3d72472ab76624c187c2b129338f0774057,16,0.48,1,1539003115511,Entertainment,0.5408000000000001,0.53
ykHukANjNJWhtkxBQ,93d2a23eaab241f353c026f0f3dec3d72472ab76624c187c2b129338f0774057,17,0.18,1,1539003115512,Entertainment,0.0648,0.38
vLc5BANeN4qHCsvh9,93d2a23eaab241f353c026f0f3dec3d72472ab76624c187c2b129338f0774057,18,0.64,1,1539003115518,Entertainment,0.8192,0.525
MKeQiDCQtYLkudZ65,a8362d10b9e22185699e32ae221645b3a3feb6927e440f60905213a7f4f819ac,13,0.03,1,1539003518989,Entertainment,0.0018,0.255
ja9AdGPeYtDykgbRk,a8362d10b9e22185699e32ae221645b3a3feb6927e440f60905213a7f4f819ac,14,1,1,1539003518989,Entertainment,0,0.69
63ifrQCzBusWk44R3,a8362d10b9e22185699e32ae221645b3a3feb6927e440f60905213a7f4f819ac,15,1,1,1539003518990,Entertainment,2,0.605
W9rfpPQfjh7P8jZ9C,a8362d10b9e22185699e32ae221645b3a3feb6927e440f60905213a7f4f819ac,16,0.8,1,1539003518990,Entertainment,0.07999999999999996,0.52
oDN33jMoJG82KWycX,a8362d10b9e22185699e32ae221645b3a3feb6927e440f60905213a7f4f819ac,17,0,1,1539003518991,Entertainment,0,0.345
nw7wg38L7fbWxQc6m,a8362d10b9e22185699e32ae221645b3a3feb6927e440f60905213a7f4f819ac,18,1,1,1539003518991,Entertainment,2,0.575
ko42pMF4WcNi3RQ8P,d817510f548e3f7197e24f934d70e3ef431204f6fe107e493d032f5e55cb1f37,1,0.3,1,1539004539660,Sports,0.9799999999999999,0.665
uhFpzHKGth2mZ3fCN,d817510f548e3f7197e24f934d70e3ef431204f6fe107e493d032f5e55cb1f37,2,0.76,1,1539004539660,Sports,1.1552,0.595
qYCZz8QCCv2df7W9D,d817510f548e3f7197e24f934d70e3ef431204f6fe107e493d032f5e55cb1f37,3,0.58,1,1539004539662,Sports,0.6728,0.565
PGjRdeboyMzzAs97b,d817510f548e3f7197e24f934d70e3ef431204f6fe107e493d032f5e55cb1f37,4,0.29,1,1539004539662,Sports,1.0082,0.375
9feFsQdQZ4TYj6ZWu,d817510f548e3f7197e24f934d70e3ef431204f6fe107e493d032f5e55cb1f37,5,0.62,1,1539004539662,Sports,0.7688,0.555
DwPa4bHYZJQjkpRZs,d817510f548e3f7197e24f934d70e3ef431204f6fe107e493d032f5e55cb1f37,6,0.65,1,1539004539663,Sports,0.8450000000000001,0.55
GzDDbSc4LagnFZjDG,d817510f548e3f7197e24f934d70e3ef431204f6fe107e493d032f5e55cb1f37,7,0.36,1,1539004578044,Politics,0.2592,0.68
hek8hRnNu4kHng7LP,d817510f548e3f7197e24f934d70e3ef431204f6fe107e493d032f5e55cb1f37,8,0.54,1,1539004578045,Politics,0.4231999999999999,0.63
Zv2G9N2iojCRFTC2h,d817510f548e3f7197e24f934d70e3ef431204f6fe107e493d032f5e55cb1f37,9,0.67,1,1539004578045,Politics,0.8978000000000002,0.47
ruC8ZH9owEvgoTFdH,d817510f548e3f7197e24f934d70e3ef431204f6fe107e493d032f5e55cb1f37,10,0.08,1,1539004578045,Politics,0.0128,0.42
xazFZfzDE4TYXvkE6,d817510f548e3f7197e24f934d70e3ef431204f6fe107e493d032f5e55cb1f37,11,0.34,1,1539004578046,Politics,0.23120000000000004,0.585
ae3t6ThSzqaTCry2z,d817510f548e3f7197e24f934d70e3ef431204f6fe107e493d032f5e55cb1f37,12,0.04,1,1539004578046,Politics,0.0032,0.425
tbpbCmtKZ68ikQAq2,d817510f548e3f7197e24f934d70e3ef431204f6fe107e493d032f5e55cb1f37,13,0.43,1,1539004597262,Entertainment,0.36979999999999996,0.62
T2JD8vboMWbaKhPRn,d817510f548e3f7197e24f934d70e3ef431204f6fe107e493d032f5e55cb1f37,14,0.17,1,1539004597262,Entertainment,1.3778,0.36
BaSXRgMmFuoS7brjz,d817510f548e3f7197e24f934d70e3ef431204f6fe107e493d032f5e55cb1f37,15,0.14,1,1539004597263,Entertainment,0.039200000000000006,0.41
8jHu8yrxubJRAPTJQ,d817510f548e3f7197e24f934d70e3ef431204f6fe107e493d032f5e55cb1f37,16,0.3,1,1539004597263,Entertainment,0.9799999999999999,0.665
Ngmb8FDnZHjb6xED4,d817510f548e3f7197e24f934d70e3ef431204f6fe107e493d032f5e55cb1f37,17,0.7,1,1539004597263,Entertainment,0.9799999999999999,0.52
c3irfjrbiZXo8XSNz,d817510f548e3f7197e24f934d70e3ef431204f6fe107e493d032f5e55cb1f37,18,0.17,1,1539004597264,Entertainment,0.05780000000000001,0.43
9sj955T5C3QJXb4PA,6b156be5a26fbe0897622e751e279d770edcba8bb5d01818561531cb071acada,1,0.4,1,1539005075462,Sports,0.72,0.655
jBT6M9MYpdc3npFNR,6b156be5a26fbe0897622e751e279d770edcba8bb5d01818561531cb071acada,2,0.5,1,1539005075466,Sports,0.5,0.605
5ZHFHvxKNyzmsE2Bz,6b156be5a26fbe0897622e751e279d770edcba8bb5d01818561531cb071acada,3,0.5,1,1539005075470,Sports,0.5,0.53
tw2mKET2djvqKYdCR,6b156be5a26fbe0897622e751e279d770edcba8bb5d01818561531cb071acada,4,0.3,1,1539005075473,Sports,0.9799999999999999,0.605
T3gQdGxTegD2Z8Fiz,6b156be5a26fbe0897622e751e279d770edcba8bb5d01818561531cb071acada,5,0.5,1,1539005075476,Sports,0.5,0.535
v7kAwNDCXKQb47BSD,6b156be5a26fbe0897622e751e279d770edcba8bb5d01818561531cb071acada,6,0.6,1,1539005075478,Sports,0.72,0.6
fRNxpkZrfsFq8rbLg,6b156be5a26fbe0897622e751e279d770edcba8bb5d01818561531cb071acada,7,0.7,1,1539005090863,Politics,0.9799999999999999,0.57
uApRFEzigW9Lrdc7Z,6b156be5a26fbe0897622e751e279d770edcba8bb5d01818561531cb071acada,8,0.2,1,1539005090866,Politics,1.2800000000000002,0.33
R3pN4wm85wbWSsFWo,6b156be5a26fbe0897622e751e279d770edcba8bb5d01818561531cb071acada,9,0.2,1,1539005090868,Politics,0.08000000000000002,0.45
p8kf7hX28DcH27Pb3,6b156be5a26fbe0897622e751e279d770edcba8bb5d01818561531cb071acada,10,0.2,1,1539005090871,Politics,0.08000000000000002,0.46
w29KSeAL7YL5zbisC,6b156be5a26fbe0897622e751e279d770edcba8bb5d01818561531cb071acada,11,0.1,1,1539005090873,Politics,0.020000000000000004,0.495
Rp9nLhscmcfqQHR76,6b156be5a26fbe0897622e751e279d770edcba8bb5d01818561531cb071acada,12,0.1,1,1539005090880,Politics,0.020000000000000004,0.47
XaoLXDzL4jreJXtux,6b156be5a26fbe0897622e751e279d770edcba8bb5d01818561531cb071acada,13,0.5,1,1539005108552,Entertainment,0.5,0.535
gLKMhxCrckX3BMKCF,6b156be5a26fbe0897622e751e279d770edcba8bb5d01818561531cb071acada,14,0.5,1,1539005108563,Entertainment,0.5,0.615
zB4quX4JdDDM7gCEt,6b156be5a26fbe0897622e751e279d770edcba8bb5d01818561531cb071acada,15,0.2,1,1539005108571,Entertainment,0.08000000000000002,0.33
4w6yqRSrgTuKw28nL,6b156be5a26fbe0897622e751e279d770edcba8bb5d01818561531cb071acada,16,0.5,1,1539005108575,Entertainment,0.5,0.595
gBh2REKbArPkCdSaK,6b156be5a26fbe0897622e751e279d770edcba8bb5d01818561531cb071acada,17,0.4,1,1539005108579,Entertainment,0.32000000000000006,0.585
DLjRkK2rCnHiFDzsC,6b156be5a26fbe0897622e751e279d770edcba8bb5d01818561531cb071acada,18,0.5,1,1539005108582,Entertainment,0.5,0.56
WmJZGxTYsjvNxATWQ,e5e7caad21a6d4075dd8636958059c4e5e8b3c7437c2712f2010e8cf2850c32c,1,0.5,1,1539005638217,Sports,0.5,0.615
xjTCDPNCKWDDe4RCW,e5e7caad21a6d4075dd8636958059c4e5e8b3c7437c2712f2010e8cf2850c32c,2,0.6,1,1539005638224,Sports,0.72,0.565
PmngH6F7WQ9gvYFPk,e5e7caad21a6d4075dd8636958059c4e5e8b3c7437c2712f2010e8cf2850c32c,3,0.6,1,1539005638228,Sports,0.72,0.385
xLAS3XGv6JkJpFZPW,e5e7caad21a6d4075dd8636958059c4e5e8b3c7437c2712f2010e8cf2850c32c,4,0.3,1,1539005638232,Sports,0.9799999999999999,0.675
rWWeTMBbuLfQWWLLE,e5e7caad21a6d4075dd8636958059c4e5e8b3c7437c2712f2010e8cf2850c32c,5,0.5,1,1539005638238,Sports,0.5,0.52
NrCoSsk6r9YtFRfuS,e5e7caad21a6d4075dd8636958059c4e5e8b3c7437c2712f2010e8cf2850c32c,6,0.2,1,1539005638241,Sports,0.08000000000000002,0.495
RF6yxMzw6YHLmgWqA,e5e7caad21a6d4075dd8636958059c4e5e8b3c7437c2712f2010e8cf2850c32c,7,0.6,1,1539005661397,Politics,0.72,0.58
7XDvBLd8vQfNKABHu,e5e7caad21a6d4075dd8636958059c4e5e8b3c7437c2712f2010e8cf2850c32c,8,0.7,1,1539005661400,Politics,0.18000000000000005,0.565
pmMubRGwdgZ9CHfqZ,e5e7caad21a6d4075dd8636958059c4e5e8b3c7437c2712f2010e8cf2850c32c,9,0.5,1,1539005661404,Politics,0.5,0.5
WLzJXwGxMrRcPke39,e5e7caad21a6d4075dd8636958059c4e5e8b3c7437c2712f2010e8cf2850c32c,10,0.5,1,1539005661406,Politics,0.5,0.39
6PkWzjYQK2ZnPcowk,e5e7caad21a6d4075dd8636958059c4e5e8b3c7437c2712f2010e8cf2850c32c,11,0.2,1,1539005661408,Politics,0.08000000000000002,0.415
5dbTDLE3Rc2qs3LFZ,e5e7caad21a6d4075dd8636958059c4e5e8b3c7437c2712f2010e8cf2850c32c,12,0.2,1,1539005661414,Politics,0.08000000000000002,0.41
6coQLW9qm7LKi4TD4,e5e7caad21a6d4075dd8636958059c4e5e8b3c7437c2712f2010e8cf2850c32c,13,0.5,1,1539005679668,Entertainment,0.5,0.51
F2ACHPrcuKqM5FSQg,e5e7caad21a6d4075dd8636958059c4e5e8b3c7437c2712f2010e8cf2850c32c,14,0.3,1,1539005679670,Entertainment,0.9799999999999999,0.625
r6MmiBjzi95hc3s5r,e5e7caad21a6d4075dd8636958059c4e5e8b3c7437c2712f2010e8cf2850c32c,15,0.2,1,1539005679672,Entertainment,0.08000000000000002,0.375
QTyRWZHCYQxsr98CW,e5e7caad21a6d4075dd8636958059c4e5e8b3c7437c2712f2010e8cf2850c32c,16,0.5,1,1539005679673,Entertainment,0.5,0.58
BZBxZ9QGmjwHzzGWW,e5e7caad21a6d4075dd8636958059c4e5e8b3c7437c2712f2010e8cf2850c32c,17,0.55,1,1539005679675,Entertainment,0.6050000000000001,0.58
CKnB4fRBNKQp6kJDn,e5e7caad21a6d4075dd8636958059c4e5e8b3c7437c2712f2010e8cf2850c32c,18,0.5,1,1539005679676,Entertainment,0.5,0.51
PHCowQ9oJoHrMrYfr,1d8a80a2de8fb3e417b40dc2a9330b8638ea873cadb1ae706dd54a0bba5312d1,1,1,1,1539006236896,Sports,0,0.74
XADWPSnZBiQMJr3a8,1d8a80a2de8fb3e417b40dc2a9330b8638ea873cadb1ae706dd54a0bba5312d1,2,1,1,1539006236896,Sports,2,0.74
FzWcApcqgPTepdZsG,1d8a80a2de8fb3e417b40dc2a9330b8638ea873cadb1ae706dd54a0bba5312d1,3,0,1,1539006236896,Sports,0,0.465
xRmhqKq2usT8yFvnK,1d8a80a2de8fb3e417b40dc2a9330b8638ea873cadb1ae706dd54a0bba5312d1,4,1,1,1539006236896,Sports,0,0.76
kGXNGynLnzHdP8rye,1d8a80a2de8fb3e417b40dc2a9330b8638ea873cadb1ae706dd54a0bba5312d1,5,0,1,1539006236896,Sports,0,0.465
KAaYxfYRezFzBboG3,1d8a80a2de8fb3e417b40dc2a9330b8638ea873cadb1ae706dd54a0bba5312d1,6,0,1,1539006236896,Sports,0,0.305
BAKdt7dLmaB4sG299,1d8a80a2de8fb3e417b40dc2a9330b8638ea873cadb1ae706dd54a0bba5312d1,7,0,1,1539006302708,Politics,0,0.36
rW233wLanyPrvAa3a,1d8a80a2de8fb3e417b40dc2a9330b8638ea873cadb1ae706dd54a0bba5312d1,8,0,1,1539006302708,Politics,2,0.395
ZyFFszei3sf69hbeH,1d8a80a2de8fb3e417b40dc2a9330b8638ea873cadb1ae706dd54a0bba5312d1,9,0,1,1539006302708,Politics,0,0.45
drTzjA4gosNdpzKQG,1d8a80a2de8fb3e417b40dc2a9330b8638ea873cadb1ae706dd54a0bba5312d1,10,0,1,1539006302708,Politics,0,0.585
xmh4PDGhfXLwN5sgJ,1d8a80a2de8fb3e417b40dc2a9330b8638ea873cadb1ae706dd54a0bba5312d1,11,0,1,1539006302708,Politics,0,0.475
97LTyiB62mFvPRq95,1d8a80a2de8fb3e417b40dc2a9330b8638ea873cadb1ae706dd54a0bba5312d1,12,0,1,1539006302708,Politics,0,0.63
P5fwERKcJg8LhiLEw,1d8a80a2de8fb3e417b40dc2a9330b8638ea873cadb1ae706dd54a0bba5312d1,13,1,1,1539006442186,Entertainment,2,0.705
AwLEqj5PdtvcaBqPj,1d8a80a2de8fb3e417b40dc2a9330b8638ea873cadb1ae706dd54a0bba5312d1,14,0,1,1539006442186,Entertainment,2,0.4
FrzB3uL5yiKSfnmiz,1d8a80a2de8fb3e417b40dc2a9330b8638ea873cadb1ae706dd54a0bba5312d1,15,0,1,1539006442186,Entertainment,0,0.41
zHXK7sAgMR95EWWwz,1d8a80a2de8fb3e417b40dc2a9330b8638ea873cadb1ae706dd54a0bba5312d1,16,1,1,1539006442186,Entertainment,0,0.705
Qzso9ixqcTnzDBK3m,1d8a80a2de8fb3e417b40dc2a9330b8638ea873cadb1ae706dd54a0bba5312d1,17,0,1,1539006442186,Entertainment,0,0.475
j2h5i439kpgr4Gudt,1d8a80a2de8fb3e417b40dc2a9330b8638ea873cadb1ae706dd54a0bba5312d1,18,0,1,1539006442186,Entertainment,0,0.425
WdFx2wwJc9X5vCtxp,027904775a7a37d1357e96ab2dc2dfe3968f2068b753ca67daa99101f5ff42ae,1,0.5,1,1539007497081,Sports,0.5,0.575
hhgJpdrRufWboZHYt,027904775a7a37d1357e96ab2dc2dfe3968f2068b753ca67daa99101f5ff42ae,2,0.5,1,1539007497082,Sports,0.5,0.66
g23JM855emWvGuGbk,027904775a7a37d1357e96ab2dc2dfe3968f2068b753ca67daa99101f5ff42ae,3,0.75,1,1539007497083,Sports,1.125,0.385
dcask8czFgRjNFkSZ,027904775a7a37d1357e96ab2dc2dfe3968f2068b753ca67daa99101f5ff42ae,4,0.5,1,1539007497084,Sports,0.5,0.655
GjxXRgczcoRgtabXF,027904775a7a37d1357e96ab2dc2dfe3968f2068b753ca67daa99101f5ff42ae,5,0.3,1,1539007497085,Sports,0.18,0.625
QDeCWb4nfwfoZGBrw,027904775a7a37d1357e96ab2dc2dfe3968f2068b753ca67daa99101f5ff42ae,6,0.5,1,1539007497085,Sports,0.5,0.6
ByM6ruHxobXdZc6sE,027904775a7a37d1357e96ab2dc2dfe3968f2068b753ca67daa99101f5ff42ae,7,0.99,1,1539007981315,Politics,1.9602,0.61
AdkNFuh3S8LfCC376,027904775a7a37d1357e96ab2dc2dfe3968f2068b753ca67daa99101f5ff42ae,8,0.99,1,1539007981321,Politics,2.0000000000000036e-4,0.545
WEWGvsarSscoAEvwB,027904775a7a37d1357e96ab2dc2dfe3968f2068b753ca67daa99101f5ff42ae,9,0.75,1,1539007981323,Politics,1.125,0.51
idZzaiWQC5ChoHw9K,027904775a7a37d1357e96ab2dc2dfe3968f2068b753ca67daa99101f5ff42ae,10,0.5,1,1539007981325,Politics,0.5,0.37
CDdhN3xq7cSTw9vr7,027904775a7a37d1357e96ab2dc2dfe3968f2068b753ca67daa99101f5ff42ae,11,0.66,1,1539007981326,Politics,0.8712000000000001,0.39
c4T4cfwkABwJmweAf,027904775a7a37d1357e96ab2dc2dfe3968f2068b753ca67daa99101f5ff42ae,12,0.1,1,1539007981327,Politics,0.020000000000000004,0.385
g8c7C6pNn4iEt8a7X,99f728305c502c9d29d925e75f1bd3587fb318cb0af0a80cd79faa020ea0b290,1,0.3,1,1539008222287,Sports,0.9799999999999999,0.74
YPxQX2N5S9BC5AYSs,99f728305c502c9d29d925e75f1bd3587fb318cb0af0a80cd79faa020ea0b290,2,0.84,1,1539008222291,Sports,1.4111999999999998,0.675
859KsA9u6YpcK6mzs,99f728305c502c9d29d925e75f1bd3587fb318cb0af0a80cd79faa020ea0b290,3,0.71,1,1539008222293,Sports,1.0082,0.455
4N7ijpSLvhcHvZvGP,99f728305c502c9d29d925e75f1bd3587fb318cb0af0a80cd79faa020ea0b290,4,0.43,1,1539008222294,Sports,0.6498000000000002,0.72
pa6hA95KC7qwWfSKR,99f728305c502c9d29d925e75f1bd3587fb318cb0af0a80cd79faa020ea0b290,5,0.09,1,1539008222295,Sports,0.0162,0.325
ELaKqbQvpzBFLwgRB,99f728305c502c9d29d925e75f1bd3587fb318cb0af0a80cd79faa020ea0b290,6,0.2,1,1539008222296,Sports,0.08000000000000002,0.555
Cv9dFrPjyAfv6WHJG,99f728305c502c9d29d925e75f1bd3587fb318cb0af0a80cd79faa020ea0b290,7,0.71,1,1539008254574,Politics,1.0082,0.635
XwKbSwXChGWPo3XLa,99f728305c502c9d29d925e75f1bd3587fb318cb0af0a80cd79faa020ea0b290,8,0.25,1,1539008254575,Politics,1.125,0.435
oisQm7w4Zs4zpf5es,99f728305c502c9d29d925e75f1bd3587fb318cb0af0a80cd79faa020ea0b290,9,0.23,1,1539008254576,Politics,0.1058,0.505
HbapeaxvraPpbjZCp,99f728305c502c9d29d925e75f1bd3587fb318cb0af0a80cd79faa020ea0b290,10,0.03,1,1539008254576,Politics,0.0018,0.44
sJtHgPQKtARBfbCwY,99f728305c502c9d29d925e75f1bd3587fb318cb0af0a80cd79faa020ea0b290,11,0.29,1,1539008254576,Politics,0.1682,0.5
4EgpdBtW7ym4rYQFC,99f728305c502c9d29d925e75f1bd3587fb318cb0af0a80cd79faa020ea0b290,12,0.29,1,1539008254577,Politics,0.1682,0.47
o5BpTDC6skGyibvX5,99f728305c502c9d29d925e75f1bd3587fb318cb0af0a80cd79faa020ea0b290,13,0.12,1,1539008259245,Entertainment,0.0288,0.395
ciRLqF3bmAqggSK5p,99f728305c502c9d29d925e75f1bd3587fb318cb0af0a80cd79faa020ea0b290,14,0.98,1,1539008259246,Entertainment,8.000000000000014e-4,0.615
aR7wNmLbk52y4KP5F,99f728305c502c9d29d925e75f1bd3587fb318cb0af0a80cd79faa020ea0b290,15,0.34,1,1539008259246,Entertainment,0.23120000000000004,0.66
aCQEv3RPLGsr4EMkc,99f728305c502c9d29d925e75f1bd3587fb318cb0af0a80cd79faa020ea0b290,16,0.36,1,1539008259247,Entertainment,0.8192,0.685
ZKsAnYSoz5sqBm3kW,99f728305c502c9d29d925e75f1bd3587fb318cb0af0a80cd79faa020ea0b290,17,0.23,1,1539008259247,Entertainment,0.1058,0.405
r9BLwbpzShTByZZmY,99f728305c502c9d29d925e75f1bd3587fb318cb0af0a80cd79faa020ea0b290,18,0.2,1,1539008259247,Entertainment,0.08000000000000002,0.54
RMrJ3C8SouRFN58d6,027904775a7a37d1357e96ab2dc2dfe3968f2068b753ca67daa99101f5ff42ae,13,0.1,1,1539008767310,Entertainment,0.020000000000000004,0.35
sjqYXSZ3gvwwoW5Au,027904775a7a37d1357e96ab2dc2dfe3968f2068b753ca67daa99101f5ff42ae,14,0.5,1,1539008767313,Entertainment,0.5,0.53
6vKmSnNroDtJJWtMj,027904775a7a37d1357e96ab2dc2dfe3968f2068b753ca67daa99101f5ff42ae,15,0.25,1,1539008767316,Entertainment,0.125,0.35
u3hp8pcgSdmEyLc7A,027904775a7a37d1357e96ab2dc2dfe3968f2068b753ca67daa99101f5ff42ae,16,0.5,1,1539008767318,Entertainment,0.5,0.585
XGY2qmmBYs77Z7Aey,027904775a7a37d1357e96ab2dc2dfe3968f2068b753ca67daa99101f5ff42ae,17,0.5,1,1539008767318,Entertainment,0.5,0.565
FaYoD7J2AaWjs5qCi,027904775a7a37d1357e96ab2dc2dfe3968f2068b753ca67daa99101f5ff42ae,18,0.75,1,1539008767319,Entertainment,1.125,0.485
dWeAcqinkEvNEM4wB,884768d83f6ed948e750da9d7d759e8e9ee3276a2fb758eae02a1c96570c8474,1,0.65,1,1539011303157,Sports,0.24499999999999997,0.645
5cMz9m2mS9hSBB4hQ,884768d83f6ed948e750da9d7d759e8e9ee3276a2fb758eae02a1c96570c8474,2,0.57,1,1539011303160,Sports,0.6497999999999999,0.72
8QW2pDfRmf8t9KhvW,884768d83f6ed948e750da9d7d759e8e9ee3276a2fb758eae02a1c96570c8474,3,0.27,1,1539011303163,Sports,0.1458,0.535
BtHiaseXABFh2nut7,884768d83f6ed948e750da9d7d759e8e9ee3276a2fb758eae02a1c96570c8474,4,0.63,1,1539011303163,Sports,0.2738,0.65
DhzR3BgKa26owoTgp,884768d83f6ed948e750da9d7d759e8e9ee3276a2fb758eae02a1c96570c8474,5,0.28,1,1539011303165,Sports,0.15680000000000002,0.49
bzb6Z2ui2SrsBijB6,884768d83f6ed948e750da9d7d759e8e9ee3276a2fb758eae02a1c96570c8474,6,0.76,1,1539011303167,Sports,1.1552,0.6
vYqz3rxbZPycKRxWn,884768d83f6ed948e750da9d7d759e8e9ee3276a2fb758eae02a1c96570c8474,7,0.19,1,1539011317518,Politics,0.0722,0.36
S3jEyTmXESqCpshoL,884768d83f6ed948e750da9d7d759e8e9ee3276a2fb758eae02a1c96570c8474,8,0.34,1,1539011317520,Politics,0.8711999999999998,0.71
9dso7hgwodSxqhTw8,884768d83f6ed948e750da9d7d759e8e9ee3276a2fb758eae02a1c96570c8474,9,0.66,1,1539011317521,Politics,0.8712000000000001,0.59
q9PtX8ykfmSeBHw3Q,884768d83f6ed948e750da9d7d759e8e9ee3276a2fb758eae02a1c96570c8474,10,0.03,1,1539011317522,Politics,0.0018,0.455
z7XogqrQ4Yuq9L5Rd,884768d83f6ed948e750da9d7d759e8e9ee3276a2fb758eae02a1c96570c8474,11,0.34,1,1539011317523,Politics,0.23120000000000004,0.65
KMLsx4mkBgAKFRMRG,884768d83f6ed948e750da9d7d759e8e9ee3276a2fb758eae02a1c96570c8474,12,0,1,1539011317525,Politics,0,0.475
YiFo7NhxeCCH6qNhR,04351752a59559d793529bef5abbd0694594eb27ed3ed339d8d7783d94868a24,1,0.83,1,1539014042744,Sports,0.057800000000000025,0.54
t5YEd9MnLp2TCv4tP,04351752a59559d793529bef5abbd0694594eb27ed3ed339d8d7783d94868a24,2,0.8,1,1539014042745,Sports,1.2800000000000002,0.565
5at5imh42Tk5SBLr7,04351752a59559d793529bef5abbd0694594eb27ed3ed339d8d7783d94868a24,3,0.25,1,1539014042746,Sports,0.125,0.465
TdpmWS6EQkLiddh7y,04351752a59559d793529bef5abbd0694594eb27ed3ed339d8d7783d94868a24,4,0.33,1,1539014042746,Sports,0.8977999999999998,0.64
3KyuHXryYybmLgDfc,04351752a59559d793529bef5abbd0694594eb27ed3ed339d8d7783d94868a24,5,0.87,1,1539014042746,Sports,1.5138,0.5
G8FHCNEu5APY4svqB,04351752a59559d793529bef5abbd0694594eb27ed3ed339d8d7783d94868a24,6,0.87,1,1539014042746,Sports,1.5138,0.55
AA9vEeA22NKkmxBem,04351752a59559d793529bef5abbd0694594eb27ed3ed339d8d7783d94868a24,7,1,1,1539014051697,Politics,2,0.58
cfcyBExmqbxfAfqj9,04351752a59559d793529bef5abbd0694594eb27ed3ed339d8d7783d94868a24,8,0.81,1,1539014051697,Politics,0.07219999999999996,0.54
EsyMACyQMJYK5ySH8,04351752a59559d793529bef5abbd0694594eb27ed3ed339d8d7783d94868a24,9,0.85,1,1539014051697,Politics,1.4449999999999998,0.48
mZpWArSxgGuQxB2Cb,04351752a59559d793529bef5abbd0694594eb27ed3ed339d8d7783d94868a24,10,1,1,1539014051697,Politics,2,0.35
ye9T5vKeNgQtQoSxG,04351752a59559d793529bef5abbd0694594eb27ed3ed339d8d7783d94868a24,11,0.2,1,1539014051697,Politics,0.08000000000000002,0.475
JixDXKyXFF22XYro5,04351752a59559d793529bef5abbd0694594eb27ed3ed339d8d7783d94868a24,12,1,1,1539014051698,Politics,2,0.34
3vcAkZp3orzCDNG4o,04351752a59559d793529bef5abbd0694594eb27ed3ed339d8d7783d94868a24,13,1,1,1539014055216,Entertainment,2,0.515
kyMuThdFABYczFZcR,04351752a59559d793529bef5abbd0694594eb27ed3ed339d8d7783d94868a24,14,1,1,1539014055217,Entertainment,0,0.53
pmDxa8k7pH2vWCENx,04351752a59559d793529bef5abbd0694594eb27ed3ed339d8d7783d94868a24,15,1,1,1539014055217,Entertainment,2,0.49
GJdhXQkFa4MKqFdXy,04351752a59559d793529bef5abbd0694594eb27ed3ed339d8d7783d94868a24,16,1,1,1539014055217,Entertainment,0,0.54
7XHHfny3dGHNpcxpW,04351752a59559d793529bef5abbd0694594eb27ed3ed339d8d7783d94868a24,17,1,1,1539014055217,Entertainment,2,0.435
JmXJymq2ceALEfubC,04351752a59559d793529bef5abbd0694594eb27ed3ed339d8d7783d94868a24,18,1,1,1539014055217,Entertainment,2,0.545
8kCGJ9AoPEPDgmTCB,ca2d7a08afe799f83a2e66011c92ff692b9ac1ffafbfea67a223bad2b809fbc5,1,0.25,1,1539015386405,Sports,1.125,0.4
xsCSRrTSNKwq9GxYS,ca2d7a08afe799f83a2e66011c92ff692b9ac1ffafbfea67a223bad2b809fbc5,2,0.42,1,1539015386405,Sports,0.35279999999999995,0.705
gPcwiZAkr5ZeXSg7Y,ca2d7a08afe799f83a2e66011c92ff692b9ac1ffafbfea67a223bad2b809fbc5,3,0.24,1,1539015386405,Sports,0.1152,0.525
DF8F26STwApH7QX8e,ca2d7a08afe799f83a2e66011c92ff692b9ac1ffafbfea67a223bad2b809fbc5,4,0.61,1,1539015386405,Sports,0.3042,0.64
gmMPzMiTd7fTtgHbx,ca2d7a08afe799f83a2e66011c92ff692b9ac1ffafbfea67a223bad2b809fbc5,5,0.18,1,1539015386406,Sports,0.0648,0.375
nC9D46q3QcMSF3A5Z,ca2d7a08afe799f83a2e66011c92ff692b9ac1ffafbfea67a223bad2b809fbc5,6,0.4,1,1539015386406,Sports,0.32000000000000006,0.63
xXPKiDpNaFo4JXorC,ca2d7a08afe799f83a2e66011c92ff692b9ac1ffafbfea67a223bad2b809fbc5,7,0.88,1,1539015424632,Politics,1.5488,0.605
GNPdn2x53Ec3dyFzL,ca2d7a08afe799f83a2e66011c92ff692b9ac1ffafbfea67a223bad2b809fbc5,8,0.72,1,1539015424632,Politics,0.15680000000000002,0.55
jxEoNymtjw7ijCp66,ca2d7a08afe799f83a2e66011c92ff692b9ac1ffafbfea67a223bad2b809fbc5,9,0.28,1,1539015424632,Politics,0.15680000000000002,0.485
sK2kSdibEpxHgmA6x,ca2d7a08afe799f83a2e66011c92ff692b9ac1ffafbfea67a223bad2b809fbc5,10,0.13,1,1539015424633,Politics,0.033800000000000004,0.535
QjQ8JNsuksNmWQe8T,ca2d7a08afe799f83a2e66011c92ff692b9ac1ffafbfea67a223bad2b809fbc5,11,0.44,1,1539015424633,Politics,0.3872,0.51
tCk7jYS8ZTKgNFTSK,ca2d7a08afe799f83a2e66011c92ff692b9ac1ffafbfea67a223bad2b809fbc5,12,0.19,1,1539015424634,Politics,0.0722,0.54
xfQgHhW9cCZbN3F93,ca2d7a08afe799f83a2e66011c92ff692b9ac1ffafbfea67a223bad2b809fbc5,13,0.19,1,1539015572167,Entertainment,0.0722,0.375
FLksHQScunWmr7fH9,ca2d7a08afe799f83a2e66011c92ff692b9ac1ffafbfea67a223bad2b809fbc5,14,0.92,1,1539015572168,Entertainment,0.012799999999999987,0.565
J2voFGoRzYtpciy7y,ca2d7a08afe799f83a2e66011c92ff692b9ac1ffafbfea67a223bad2b809fbc5,15,0.75,1,1539015572169,Entertainment,1.125,0.56
cTByKk9xHi2Bic7EH,ca2d7a08afe799f83a2e66011c92ff692b9ac1ffafbfea67a223bad2b809fbc5,16,0.49,1,1539015572169,Entertainment,0.5202,0.64
SPuT3XdbSNoP7PE44,ca2d7a08afe799f83a2e66011c92ff692b9ac1ffafbfea67a223bad2b809fbc5,17,0.63,1,1539015572169,Entertainment,0.7938000000000001,0.57
YKSoMRShFyT7yT2ks,ca2d7a08afe799f83a2e66011c92ff692b9ac1ffafbfea67a223bad2b809fbc5,18,0.3,1,1539015572170,Entertainment,0.18,0.685
ayoTitAhqsQosFWQK,370d1ebd4d8c61bda98d7c73ed5c3ea1b8ba07acd27a15f227dd3b190ecb33b6,1,0.28,1,1539021192359,Sports,1.0368,0.495
rahjnxGMkJSXNBG7r,370d1ebd4d8c61bda98d7c73ed5c3ea1b8ba07acd27a15f227dd3b190ecb33b6,2,0.61,1,1539021192360,Sports,0.7442,0.67
nxwDAZWRcFcqB6Xfi,370d1ebd4d8c61bda98d7c73ed5c3ea1b8ba07acd27a15f227dd3b190ecb33b6,3,0,1,1539021192360,Sports,0,0.335
5JxM58kXLmkS3aJ2P,370d1ebd4d8c61bda98d7c73ed5c3ea1b8ba07acd27a15f227dd3b190ecb33b6,4,0.33,1,1539021192361,Sports,0.8977999999999998,0.66
gvBeY8SaMAcW5uqKS,370d1ebd4d8c61bda98d7c73ed5c3ea1b8ba07acd27a15f227dd3b190ecb33b6,5,0.5,1,1539021192361,Sports,0.5,0.565
GT8pBxBx9ModRDDdq,370d1ebd4d8c61bda98d7c73ed5c3ea1b8ba07acd27a15f227dd3b190ecb33b6,6,0.5,1,1539021192362,Sports,0.5,0.705
kJQSgPsuNnsvhRdxP,370d1ebd4d8c61bda98d7c73ed5c3ea1b8ba07acd27a15f227dd3b190ecb33b6,7,0.97,1,1539021349434,Politics,1.8818,0.675
5paewJGr794ymrhKo,370d1ebd4d8c61bda98d7c73ed5c3ea1b8ba07acd27a15f227dd3b190ecb33b6,8,0.34,1,1539021349434,Politics,0.8711999999999998,0.71
DXkCf2TqLGyaNPN2W,370d1ebd4d8c61bda98d7c73ed5c3ea1b8ba07acd27a15f227dd3b190ecb33b6,9,0.88,1,1539021349435,Politics,1.5488,0.53
cjbY6c2gCYMYKCs3H,370d1ebd4d8c61bda98d7c73ed5c3ea1b8ba07acd27a15f227dd3b190ecb33b6,10,0,1,1539021349436,Politics,0,0.465
damKCojWtucRwARz2,370d1ebd4d8c61bda98d7c73ed5c3ea1b8ba07acd27a15f227dd3b190ecb33b6,11,0,1,1539021349436,Politics,0,0.3
DqxF96PmYEf4eusu6,370d1ebd4d8c61bda98d7c73ed5c3ea1b8ba07acd27a15f227dd3b190ecb33b6,12,0,1,1539021349436,Politics,0,0.475
aX8XRv2kw4sGG4PqF,370d1ebd4d8c61bda98d7c73ed5c3ea1b8ba07acd27a15f227dd3b190ecb33b6,13,0,1,1539021708778,Entertainment,0,0.33
PcykeBjrLDyWaZyN2,370d1ebd4d8c61bda98d7c73ed5c3ea1b8ba07acd27a15f227dd3b190ecb33b6,14,1,1,1539021708781,Entertainment,0,0.595
7GiDrJaBPdZ3XJk55,370d1ebd4d8c61bda98d7c73ed5c3ea1b8ba07acd27a15f227dd3b190ecb33b6,15,0.42,1,1539021708782,Entertainment,0.35279999999999995,0.61
7AgdvEmuj7d4sMYHG,370d1ebd4d8c61bda98d7c73ed5c3ea1b8ba07acd27a15f227dd3b190ecb33b6,16,0.35,1,1539021708782,Entertainment,0.8450000000000001,0.685
evL487ERhcsRrSBFf,370d1ebd4d8c61bda98d7c73ed5c3ea1b8ba07acd27a15f227dd3b190ecb33b6,17,0,1,1539021708783,Entertainment,0,0.3
FspGX8cT5JumMNtmB,370d1ebd4d8c61bda98d7c73ed5c3ea1b8ba07acd27a15f227dd3b190ecb33b6,18,0.54,1,1539021708784,Entertainment,0.5832,0.61
fFbXJ6Ge6JxBB4CnF,289e486a1e1ccd0c29278c8a31812191566ac61a518256739a8021dd7092f390,1,0.71,1,1539022704996,Sports,0.16820000000000004,0.585
wv358J3GuwckS6z8f,289e486a1e1ccd0c29278c8a31812191566ac61a518256739a8021dd7092f390,2,0.77,1,1539022704996,Sports,1.1858,0.63
SjzqknJ4Tb87aHbqp,289e486a1e1ccd0c29278c8a31812191566ac61a518256739a8021dd7092f390,3,0.12,1,1539022704996,Sports,0.0288,0.495
vzcgizawB3nPmuL5y,289e486a1e1ccd0c29278c8a31812191566ac61a518256739a8021dd7092f390,4,0.65,1,1539022704997,Sports,0.24499999999999997,0.595
gt4JpLNhW4pLThf5Y,289e486a1e1ccd0c29278c8a31812191566ac61a518256739a8021dd7092f390,5,0.72,1,1539022704997,Sports,1.0368,0.56
Fa5PPWjdpfQAfNpmy,289e486a1e1ccd0c29278c8a31812191566ac61a518256739a8021dd7092f390,6,0.68,1,1539022704998,Sports,0.9248000000000002,0.59
XzC3dkiEFxZbjpw7z,289e486a1e1ccd0c29278c8a31812191566ac61a518256739a8021dd7092f390,7,0.81,1,1539022744204,Politics,1.3122000000000003,0.6
WbEuwMJhTityExZpe,289e486a1e1ccd0c29278c8a31812191566ac61a518256739a8021dd7092f390,8,0.24,1,1539022744204,Politics,1.1552,0.395
E9YHmdvLEnEhas23g,289e486a1e1ccd0c29278c8a31812191566ac61a518256739a8021dd7092f390,9,0.72,1,1539022744204,Politics,1.0368,0.5
8puYmy5HJdcEEpnkt,289e486a1e1ccd0c29278c8a31812191566ac61a518256739a8021dd7092f390,10,0.73,1,1539022744206,Politics,1.0657999999999999,0.405
eP3MTAQdjqcNuZQBA,289e486a1e1ccd0c29278c8a31812191566ac61a518256739a8021dd7092f390,11,0.56,1,1539022744206,Politics,0.6272000000000001,0.525
dRKdgorZdZv9PMsTy,289e486a1e1ccd0c29278c8a31812191566ac61a518256739a8021dd7092f390,12,0.12,1,1539022744207,Politics,0.0288,0.445
GZx8nJkH7dfh9WHMh,289e486a1e1ccd0c29278c8a31812191566ac61a518256739a8021dd7092f390,13,0.85,1,1539022773932,Entertainment,1.4449999999999998,0.54
GvJaovn9Y7SQrQayW,289e486a1e1ccd0c29278c8a31812191566ac61a518256739a8021dd7092f390,14,0.57,1,1539022773932,Entertainment,0.3698000000000001,0.63
H9n3nyxv2q3eW6fjT,289e486a1e1ccd0c29278c8a31812191566ac61a518256739a8021dd7092f390,15,0.87,1,1539022773932,Entertainment,1.5138,0.55
yAyr7QxrxtmP2LiPw,289e486a1e1ccd0c29278c8a31812191566ac61a518256739a8021dd7092f390,16,0.16,1,1539022773932,Entertainment,1.4111999999999998,0.37
dZsR8Xa2mFrbRGZSy,289e486a1e1ccd0c29278c8a31812191566ac61a518256739a8021dd7092f390,17,0.92,1,1539022773934,Entertainment,1.6928,0.48
32aKWhGmn4JBpbzXP,289e486a1e1ccd0c29278c8a31812191566ac61a518256739a8021dd7092f390,18,0.12,1,1539022773934,Entertainment,0.0288,0.465
MjWmFRtQjja6BNTFh,ba1770128a37e66cf5b6db213d38c515e1ffc2b598416c31b0ac6cd75785b92a,4,0.61,1,1539022944939,Sports,0.3042,0.6
bbvgY3GNAiX5MnntL,ba1770128a37e66cf5b6db213d38c515e1ffc2b598416c31b0ac6cd75785b92a,5,0.1,1,1539022944940,Sports,0.020000000000000004,0.43
XBns4TbfGRSvE8jrN,ba1770128a37e66cf5b6db213d38c515e1ffc2b598416c31b0ac6cd75785b92a,6,0.5,1,1539022944941,Sports,0.5,0.645
nBNxm5QnJfYJ2WGqi,ba1770128a37e66cf5b6db213d38c515e1ffc2b598416c31b0ac6cd75785b92a,7,1,1,1539023104180,Politics,2,0.6
H6ZwkumDepyAuT8nd,ba1770128a37e66cf5b6db213d38c515e1ffc2b598416c31b0ac6cd75785b92a,8,1,1,1539023104182,Politics,0,0.625
swYEktYyXsi5JGN6L,ba1770128a37e66cf5b6db213d38c515e1ffc2b598416c31b0ac6cd75785b92a,9,0.32,1,1539023104182,Politics,0.2048,0.64
b7KrjPHtzcrkLtLp9,ba1770128a37e66cf5b6db213d38c515e1ffc2b598416c31b0ac6cd75785b92a,10,0.4,1,1539023104183,Politics,0.32000000000000006,0.45
9AynY9CnJADMJJEJN,ba1770128a37e66cf5b6db213d38c515e1ffc2b598416c31b0ac6cd75785b92a,11,0.6,1,1539023104184,Politics,0.72,0.42
ZnaF7P7kNT8WKtexP,ba1770128a37e66cf5b6db213d38c515e1ffc2b598416c31b0ac6cd75785b92a,12,0.1,1,1539023104185,Politics,0.020000000000000004,0.51
TPDgC4bpTz9cHdRiM,ba1770128a37e66cf5b6db213d38c515e1ffc2b598416c31b0ac6cd75785b92a,13,0,1,1539023297338,Entertainment,0,0.235
DADKDvQMKNkiqhxqS,ba1770128a37e66cf5b6db213d38c515e1ffc2b598416c31b0ac6cd75785b92a,14,1,1,1539023297338,Entertainment,0,0.53
fEpTgfaMJYAHdWkwv,ba1770128a37e66cf5b6db213d38c515e1ffc2b598416c31b0ac6cd75785b92a,15,0.71,1,1539023297339,Entertainment,1.0082,0.53
R2AD86Fxic2tLK9te,ba1770128a37e66cf5b6db213d38c515e1ffc2b598416c31b0ac6cd75785b92a,16,0.2,1,1539023297339,Entertainment,1.2800000000000002,0.46
z3xqSMXS8WXtrG6Tk,ba1770128a37e66cf5b6db213d38c515e1ffc2b598416c31b0ac6cd75785b92a,17,1,1,1539023297339,Entertainment,2,0.525
d36yPdckFDoKoCCot,ba1770128a37e66cf5b6db213d38c515e1ffc2b598416c31b0ac6cd75785b92a,18,0.17,1,1539023297339,Entertainment,0.05780000000000001,0.405
RDwnpfiD49qKLztJY,db1c88d69837d007923f7cf9f01ea424d1a019b4b891e4f242af315860336cf0,1,0.73,1,1539023399444,Sports,0.1458,0.65
uLLqhdRGwtHeYfJtn,db1c88d69837d007923f7cf9f01ea424d1a019b4b891e4f242af315860336cf0,2,0.3,1,1539023399445,Sports,0.18,0.74
Jb4npwCFeMdpSGm2r,db1c88d69837d007923f7cf9f01ea424d1a019b4b891e4f242af315860336cf0,3,0.13,1,1539023399446,Sports,0.033800000000000004,0.48
CHZpxTCsPP9Ya9aJy,db1c88d69837d007923f7cf9f01ea424d1a019b4b891e4f242af315860336cf0,4,0.6,1,1539023399446,Sports,0.32000000000000006,0.655
P3pKzn9FJXPoZFFjo,db1c88d69837d007923f7cf9f01ea424d1a019b4b891e4f242af315860336cf0,5,0.65,1,1539023399446,Sports,0.8450000000000001,0.565
uzCx9TtxyHr3taZQK,db1c88d69837d007923f7cf9f01ea424d1a019b4b891e4f242af315860336cf0,6,0.59,1,1539023399447,Sports,0.6961999999999999,0.62
hYTzpxdvvJfNizgCi,75654637209abbbda29a3cfa17b9edd873163a8c08eb73bc2e32fe3a9d04e6b0,1,0,1,1539023572433,Sports,2,0.285
KQumqT99pF6wsfGTT,75654637209abbbda29a3cfa17b9edd873163a8c08eb73bc2e32fe3a9d04e6b0,2,0,1,1539023572439,Sports,0,0.28
6WK8vXB3EEw7oQJ2k,75654637209abbbda29a3cfa17b9edd873163a8c08eb73bc2e32fe3a9d04e6b0,3,0,1,1539023572444,Sports,0,0.46
EbCBh8eRXYqhBAcgR,75654637209abbbda29a3cfa17b9edd873163a8c08eb73bc2e32fe3a9d04e6b0,4,1,1,1539023572447,Sports,0,0.725
d2zPnPqmdKBnSnC9E,75654637209abbbda29a3cfa17b9edd873163a8c08eb73bc2e32fe3a9d04e6b0,5,0,1,1539023572449,Sports,0,0.365
Q36uoQdxzQAHayp36,75654637209abbbda29a3cfa17b9edd873163a8c08eb73bc2e32fe3a9d04e6b0,6,0,1,1539023572451,Sports,0,0.39
cKoNpD33RwZtkiPxb,db1c88d69837d007923f7cf9f01ea424d1a019b4b891e4f242af315860336cf0,7,0.88,1,1539023580188,Politics,1.5488,0.69
imay4njKYttioukia,db1c88d69837d007923f7cf9f01ea424d1a019b4b891e4f242af315860336cf0,8,0.53,1,1539023580189,Politics,0.44179999999999997,0.645
XeZEmA3FcpgfGs4My,db1c88d69837d007923f7cf9f01ea424d1a019b4b891e4f242af315860336cf0,9,0.11,1,1539023580189,Politics,0.0242,0.44
hWvHdxKCJMTvP96cj,db1c88d69837d007923f7cf9f01ea424d1a019b4b891e4f242af315860336cf0,10,0.1,1,1539023580189,Politics,0.020000000000000004,0.545
E5kyRide4ws4L9xtd,db1c88d69837d007923f7cf9f01ea424d1a019b4b891e4f242af315860336cf0,11,0.19,1,1539023580191,Politics,0.0722,0.52
f5PumYwPdrx4DX8sh,db1c88d69837d007923f7cf9f01ea424d1a019b4b891e4f242af315860336cf0,12,0.16,1,1539023580191,Politics,0.0512,0.525
NTbWTerWiJMwDqGns,75654637209abbbda29a3cfa17b9edd873163a8c08eb73bc2e32fe3a9d04e6b0,7,1,1,1539023653439,Politics,2,0.65
TEgTwgnauB2qdaQWK,75654637209abbbda29a3cfa17b9edd873163a8c08eb73bc2e32fe3a9d04e6b0,8,1,1,1539023653447,Politics,0,0.615
2LtrTweLHkhfB3tBw,75654637209abbbda29a3cfa17b9edd873163a8c08eb73bc2e32fe3a9d04e6b0,9,1,1,1539023653453,Politics,2,0.645
DjgG8J6FzYaZYBNgi,75654637209abbbda29a3cfa17b9edd873163a8c08eb73bc2e32fe3a9d04e6b0,10,0.8,1,1539023653458,Politics,1.2800000000000002,0.495
x7nEjjjzX4PZSxDEC,75654637209abbbda29a3cfa17b9edd873163a8c08eb73bc2e32fe3a9d04e6b0,11,1,1,1539023653462,Politics,2,0.57
4CHR4xBsExNEhAbAH,75654637209abbbda29a3cfa17b9edd873163a8c08eb73bc2e32fe3a9d04e6b0,12,0,1,1539023653465,Politics,0,0.575
6Ejrzbf72it8wa4Ec,db1c88d69837d007923f7cf9f01ea424d1a019b4b891e4f242af315860336cf0,13,0.52,1,1539023714341,Entertainment,0.5408000000000001,0.57
LfBc3Heebz4Fy6nbY,db1c88d69837d007923f7cf9f01ea424d1a019b4b891e4f242af315860336cf0,14,0.89,1,1539023714341,Entertainment,0.024199999999999996,0.61
hjYXBhQFhBQMwTGa2,db1c88d69837d007923f7cf9f01ea424d1a019b4b891e4f242af315860336cf0,15,0.09,1,1539023714342,Entertainment,0.0162,0.3
XdpNZw9n8JwHRGwwu,db1c88d69837d007923f7cf9f01ea424d1a019b4b891e4f242af315860336cf0,16,0.65,1,1539023714342,Entertainment,0.24499999999999997,0.555
disJXp8iYTATeGQEL,db1c88d69837d007923f7cf9f01ea424d1a019b4b891e4f242af315860336cf0,17,0.19,1,1539023714342,Entertainment,0.0722,0.435
8tYRqFJivWucJs7Ja,db1c88d69837d007923f7cf9f01ea424d1a019b4b891e4f242af315860336cf0,18,0.11,1,1539023714343,Entertainment,0.0242,0.485
b6qqvacdE8o9N36Ww,75654637209abbbda29a3cfa17b9edd873163a8c08eb73bc2e32fe3a9d04e6b0,13,0,1,1539023731664,Entertainment,0,0.38
PwrpmYfBMrvtedNCK,75654637209abbbda29a3cfa17b9edd873163a8c08eb73bc2e32fe3a9d04e6b0,14,1,1,1539023731665,Entertainment,0,0.645
JSH6ht688Sq2BKBZ3,75654637209abbbda29a3cfa17b9edd873163a8c08eb73bc2e32fe3a9d04e6b0,15,0,1,1539023731667,Entertainment,0,0.355
WGs7AtCmaZfbskCss,75654637209abbbda29a3cfa17b9edd873163a8c08eb73bc2e32fe3a9d04e6b0,16,1,1,1539023731669,Entertainment,0,0.705
EBPA5cs9eotbvz9CC,75654637209abbbda29a3cfa17b9edd873163a8c08eb73bc2e32fe3a9d04e6b0,17,0,1,1539023731670,Entertainment,0,0.395
GvNFi7iFtPhxA3niR,75654637209abbbda29a3cfa17b9edd873163a8c08eb73bc2e32fe3a9d04e6b0,18,0,1,1539023731670,Entertainment,0,0.395
yT8moPjftBL4JMvCc,8cb425f6019ba8ca2cf5e1685bb74a9ad1411c26ddb3cfc378d5e239cc3115d6,1,1,1,1539024239008,Sports,0,0.69
E7gNht2ZZP2LXnvmz,8cb425f6019ba8ca2cf5e1685bb74a9ad1411c26ddb3cfc378d5e239cc3115d6,2,0,1,1539024239012,Sports,0,0.255
6CaAGgNRrQ9GqNrYT,8cb425f6019ba8ca2cf5e1685bb74a9ad1411c26ddb3cfc378d5e239cc3115d6,3,1,1,1539024239014,Sports,2,0.505
rZsrjPztu8Cgm3XjG,8cb425f6019ba8ca2cf5e1685bb74a9ad1411c26ddb3cfc378d5e239cc3115d6,4,0,1,1539024239016,Sports,2,0.325
m36rD4vRrguFzu3Cj,8cb425f6019ba8ca2cf5e1685bb74a9ad1411c26ddb3cfc378d5e239cc3115d6,5,0,1,1539024239018,Sports,0,0.435
Xi2ajiZrDkG2dkfgP,8cb425f6019ba8ca2cf5e1685bb74a9ad1411c26ddb3cfc378d5e239cc3115d6,6,1,1,1539024239020,Sports,2,0.695
vqoheyqhWYDkikEKu,8cb425f6019ba8ca2cf5e1685bb74a9ad1411c26ddb3cfc378d5e239cc3115d6,7,1,1,1539024785427,Politics,2,0.685
qAQRp67kZrQ7ki5nF,8cb425f6019ba8ca2cf5e1685bb74a9ad1411c26ddb3cfc378d5e239cc3115d6,8,0,1,1539024785428,Politics,2,0.34
HZ7XEAYtarEeugfAD,8cb425f6019ba8ca2cf5e1685bb74a9ad1411c26ddb3cfc378d5e239cc3115d6,9,1,1,1539024785429,Politics,2,0.55
td4aQ7p4NXrCBqfpg,8cb425f6019ba8ca2cf5e1685bb74a9ad1411c26ddb3cfc378d5e239cc3115d6,10,0,1,1539024785430,Politics,0,0.535
nhmNJyGgMvxcEvmXD,8cb425f6019ba8ca2cf5e1685bb74a9ad1411c26ddb3cfc378d5e239cc3115d6,11,0,1,1539024785431,Politics,0,0.47
JybPFZhfBX7RyosGu,8cb425f6019ba8ca2cf5e1685bb74a9ad1411c26ddb3cfc378d5e239cc3115d6,12,1,1,1539024785431,Politics,2,0.47
oFSGrufkiPNNRkrvx,8cb425f6019ba8ca2cf5e1685bb74a9ad1411c26ddb3cfc378d5e239cc3115d6,13,0,1,1539024823432,Entertainment,0,0.43
tQjakrK3S5GphxnB5,8cb425f6019ba8ca2cf5e1685bb74a9ad1411c26ddb3cfc378d5e239cc3115d6,14,0,1,1539024823433,Entertainment,2,0.32
SHEvgndXdvNpkED3R,8cb425f6019ba8ca2cf5e1685bb74a9ad1411c26ddb3cfc378d5e239cc3115d6,15,1,1,1539024823434,Entertainment,2,0.66
oTuwRaugPS7otvyAL,8cb425f6019ba8ca2cf5e1685bb74a9ad1411c26ddb3cfc378d5e239cc3115d6,16,0,1,1539024823434,Entertainment,2,0.37
ZMwbYd5aGb4rvadkj,8cb425f6019ba8ca2cf5e1685bb74a9ad1411c26ddb3cfc378d5e239cc3115d6,17,1,1,1539024823434,Entertainment,2,0.695
YHFdJQWDd95Rs2265,8cb425f6019ba8ca2cf5e1685bb74a9ad1411c26ddb3cfc378d5e239cc3115d6,18,1,1,1539024823435,Entertainment,2,0.635
N2H8hZTiET79z4aPb,614e8cf95ee15b98b9bebace5a352f4be0370c455852e2eb7374251610268c8c,1,0.73,1,1539026732705,Sports,0.1458,0.58
Fijk2gxtrsanmSj5f,614e8cf95ee15b98b9bebace5a352f4be0370c455852e2eb7374251610268c8c,2,0.42,1,1539026732706,Sports,0.35279999999999995,0.67
W3SsKoDNiLkaiEndt,614e8cf95ee15b98b9bebace5a352f4be0370c455852e2eb7374251610268c8c,3,0.13,1,1539026732706,Sports,0.033800000000000004,0.51
F5ksw8ZGKYmKwdRbF,614e8cf95ee15b98b9bebace5a352f4be0370c455852e2eb7374251610268c8c,4,0.75,1,1539026732706,Sports,0.125,0.625
Z7noofpGK7w2HDGyF,614e8cf95ee15b98b9bebace5a352f4be0370c455852e2eb7374251610268c8c,5,0.29,1,1539026732707,Sports,0.1682,0.395
mvyojksZXL7WEumqT,614e8cf95ee15b98b9bebace5a352f4be0370c455852e2eb7374251610268c8c,6,0.9,1,1539026732707,Sports,1.62,0.6
FP4RYpRyk6BF3n6uP,614e8cf95ee15b98b9bebace5a352f4be0370c455852e2eb7374251610268c8c,7,0.32,1,1539026735416,Politics,0.2048,0.665
yHnv8YaD48BqRH4Bt,614e8cf95ee15b98b9bebace5a352f4be0370c455852e2eb7374251610268c8c,8,0.92,1,1539026735417,Politics,0.012799999999999987,0.585
hdHqAbS7PboJa9Bam,614e8cf95ee15b98b9bebace5a352f4be0370c455852e2eb7374251610268c8c,9,0.36,1,1539026735417,Politics,0.2592,0.645
oWAjJAnmHuNjMzN97,614e8cf95ee15b98b9bebace5a352f4be0370c455852e2eb7374251610268c8c,10,0,1,1539026735418,Politics,0,0.375
7YtATTsnH59puYeqN,614e8cf95ee15b98b9bebace5a352f4be0370c455852e2eb7374251610268c8c,11,0.15,1,1539026735418,Politics,0.045,0.515
9Mq7w6yPEX8iyQ846,614e8cf95ee15b98b9bebace5a352f4be0370c455852e2eb7374251610268c8c,12,0.38,1,1539026735419,Politics,0.2888,0.58
Dx3ehyf2kfiDMbzem,614e8cf95ee15b98b9bebace5a352f4be0370c455852e2eb7374251610268c8c,13,0.88,1,1539026737801,Entertainment,1.5488,0.51
fGy2yCZsKQzzzFk8r,614e8cf95ee15b98b9bebace5a352f4be0370c455852e2eb7374251610268c8c,14,0.16,1,1539026737801,Entertainment,1.4111999999999998,0.295
Zw35e38XpHnRQQDPW,614e8cf95ee15b98b9bebace5a352f4be0370c455852e2eb7374251610268c8c,15,0.96,1,1539026737801,Entertainment,1.8432,0.495
RcnZ9Dak5W6tbE6Yg,614e8cf95ee15b98b9bebace5a352f4be0370c455852e2eb7374251610268c8c,16,0.61,1,1539026737803,Entertainment,0.3042,0.565
rwo7goCKSQBEL98S5,614e8cf95ee15b98b9bebace5a352f4be0370c455852e2eb7374251610268c8c,17,0.82,1,1539026737803,Entertainment,1.3447999999999998,0.475
3nqGGzZTLRvMwue7a,614e8cf95ee15b98b9bebace5a352f4be0370c455852e2eb7374251610268c8c,18,0.95,1,1539026737804,Entertainment,1.805,0.55
PJrXJyd2teQPbaC68,ba1770128a37e66cf5b6db213d38c515e1ffc2b598416c31b0ac6cd75785b92a,1,0.61,1,1539030284895,Sports,0.3042,0.55
WE5LA2bYKzwsi5YKM,ba1770128a37e66cf5b6db213d38c515e1ffc2b598416c31b0ac6cd75785b92a,2,0.3,1,1539030284897,Sports,0.18,0.655
kLSiiQS7KDLKWxPwj,ba1770128a37e66cf5b6db213d38c515e1ffc2b598416c31b0ac6cd75785b92a,3,0.25,1,1539030284898,Sports,0.125,0.515
NnCCkM9JFeQijmAaf,1358d087a37527c8a20843d77bc2030026534eabb6d0ad0a7a904c5d097bfcc1,1,0.19,1,1539030475980,Sports,1.3122000000000003,0.35
uH59NAKgZ7b5anFGZ,1358d087a37527c8a20843d77bc2030026534eabb6d0ad0a7a904c5d097bfcc1,2,0.3,1,1539030475990,Sports,0.18,0.725
JBuRqhjZLareSNhs6,1358d087a37527c8a20843d77bc2030026534eabb6d0ad0a7a904c5d097bfcc1,3,0.25,1,1539030475998,Sports,0.125,0.535
j4RBzjQcuiYxvRH7z,1358d087a37527c8a20843d77bc2030026534eabb6d0ad0a7a904c5d097bfcc1,4,0.8,1,1539030476002,Sports,0.07999999999999996,0.68
cCQitMoBHifHzhSrm,1358d087a37527c8a20843d77bc2030026534eabb6d0ad0a7a904c5d097bfcc1,5,0.65,1,1539030476006,Sports,0.8450000000000001,0.535
ygesMmKQCyt9oiWMv,1358d087a37527c8a20843d77bc2030026534eabb6d0ad0a7a904c5d097bfcc1,6,0.4,1,1539030476010,Sports,0.32000000000000006,0.66
o7BbH6BenYh4HjWsC,1358d087a37527c8a20843d77bc2030026534eabb6d0ad0a7a904c5d097bfcc1,7,0.9,1,1539030599252,Politics,1.62,0.655
4sQmA7Junhh39Hm9i,1358d087a37527c8a20843d77bc2030026534eabb6d0ad0a7a904c5d097bfcc1,8,0.15,1,1539030599266,Politics,1.4449999999999998,0.4
c99qNyyvtvwbkYQ4s,1358d087a37527c8a20843d77bc2030026534eabb6d0ad0a7a904c5d097bfcc1,9,0.1,1,1539030599276,Politics,0.020000000000000004,0.475
ofFR7KxgQJR9r8pe4,1358d087a37527c8a20843d77bc2030026534eabb6d0ad0a7a904c5d097bfcc1,10,0,1,1539030599282,Politics,0,0.435
dHaeaC9GZ9utpjbjt,1358d087a37527c8a20843d77bc2030026534eabb6d0ad0a7a904c5d097bfcc1,11,0.1,1,1539030599290,Politics,0.020000000000000004,0.495
xsTEzpvJuhiCiKxG5,1358d087a37527c8a20843d77bc2030026534eabb6d0ad0a7a904c5d097bfcc1,12,0,1,1539030599294,Politics,0,0.45
TbSs97oKvcDw2fwt2,2a8ef75eb26fe61e6418a2b68cae3c962031c5b223190ccc0a51da7117fa39cc,1,0.5,1,1539033512305,Sports,0.5,0.64
AWkPtT5xnifkENEXk,2a8ef75eb26fe61e6418a2b68cae3c962031c5b223190ccc0a51da7117fa39cc,2,0.5,1,1539033512310,Sports,0.5,0.62
u6pmGEhEnYEBcMqse,2a8ef75eb26fe61e6418a2b68cae3c962031c5b223190ccc0a51da7117fa39cc,3,0.5,1,1539033512312,Sports,0.5,0.48
yf3xrhqTtbeFTRb7z,2a8ef75eb26fe61e6418a2b68cae3c962031c5b223190ccc0a51da7117fa39cc,4,1,1,1539033512313,Sports,0,0.555
XnbHnyPFudeoSttqz,2a8ef75eb26fe61e6418a2b68cae3c962031c5b223190ccc0a51da7117fa39cc,5,0.5,1,1539033512314,Sports,0.5,0.455
a6NFKTpdRSwXHhX3p,2a8ef75eb26fe61e6418a2b68cae3c962031c5b223190ccc0a51da7117fa39cc,6,0.5,1,1539033512315,Sports,0.5,0.57
f4CEyZNxomGcqbeSB,2a8ef75eb26fe61e6418a2b68cae3c962031c5b223190ccc0a51da7117fa39cc,7,0.5,1,1539033539583,Politics,0.5,0.6
tnujsDTnLtHrkAT2N,2a8ef75eb26fe61e6418a2b68cae3c962031c5b223190ccc0a51da7117fa39cc,8,0.6,1,1539033539586,Politics,0.32000000000000006,0.48
nCiF6qLWjaWTDG3To,2a8ef75eb26fe61e6418a2b68cae3c962031c5b223190ccc0a51da7117fa39cc,9,0.5,1,1539033539588,Politics,0.5,0.495
hLWsCeo3vgBqdgGH9,2a8ef75eb26fe61e6418a2b68cae3c962031c5b223190ccc0a51da7117fa39cc,10,0.5,1,1539033539590,Politics,0.5,0.4
fCuQNBmGWqdCieNaq,2a8ef75eb26fe61e6418a2b68cae3c962031c5b223190ccc0a51da7117fa39cc,11,0.5,1,1539033539591,Politics,0.5,0.445
3YYB3Q5pP7YcG9XCM,2a8ef75eb26fe61e6418a2b68cae3c962031c5b223190ccc0a51da7117fa39cc,12,1,1,1539033539592,Politics,2,0.355
XcD6BStPsewHRMinx,6c54ff40613b9565143295b39abfac575306e92943367b59173def330b917240,1,0.5,1,1539033763878,Sports,0.5,0.635
kwx5GwfxAQyndfF3u,6c54ff40613b9565143295b39abfac575306e92943367b59173def330b917240,2,0.5,1,1539033763881,Sports,0.5,0.685
bawHQLzv2xtFoJQHm,6c54ff40613b9565143295b39abfac575306e92943367b59173def330b917240,3,0.2,1,1539033763881,Sports,0.08000000000000002,0.475
hJEobxiwvymPacJCg,6c54ff40613b9565143295b39abfac575306e92943367b59173def330b917240,4,0.5,1,1539033763883,Sports,0.5,0.645
kox7gc6BWQsDyZzex,6c54ff40613b9565143295b39abfac575306e92943367b59173def330b917240,5,0.5,1,1539033763884,Sports,0.5,0.56
kDpsRcyDDe8dD76Sq,6c54ff40613b9565143295b39abfac575306e92943367b59173def330b917240,6,0.5,1,1539033763885,Sports,0.5,0.625
99ZJTRAuaeWZcGDNw,91692ff5be118341606eb468976420c7739fc5fe467e7dcad663964556fb57e1,1,0.88,1,1539051936939,Sports,0.0288,0.615
8sjhM5ZJpTEPsQwmK,91692ff5be118341606eb468976420c7739fc5fe467e7dcad663964556fb57e1,2,0.79,1,1539051936939,Sports,1.2482000000000002,0.625
RsoXEBwPv8wCQrzTv,91692ff5be118341606eb468976420c7739fc5fe467e7dcad663964556fb57e1,3,0.28,1,1539051936941,Sports,0.15680000000000002,0.495
96e8sG8u2KN9NKs63,91692ff5be118341606eb468976420c7739fc5fe467e7dcad663964556fb57e1,4,0.83,1,1539051936941,Sports,0.057800000000000025,0.625
mJ7AXsMJLAcPPP86F,91692ff5be118341606eb468976420c7739fc5fe467e7dcad663964556fb57e1,5,0.17,1,1539051936941,Sports,0.05780000000000001,0.485
e6ozcNrmr3PDWxxZY,91692ff5be118341606eb468976420c7739fc5fe467e7dcad663964556fb57e1,6,0.71,1,1539051936941,Sports,1.0082,0.555
YRcji7ZezJ8S2dsE4,91692ff5be118341606eb468976420c7739fc5fe467e7dcad663964556fb57e1,7,0.09,1,1539051962698,Politics,0.0162,0.255
zonzwjmt4kNFBQPGi,91692ff5be118341606eb468976420c7739fc5fe467e7dcad663964556fb57e1,8,0.3,1,1539051962698,Politics,0.9799999999999999,0.645
4jHNYjR5BpMirS7sL,91692ff5be118341606eb468976420c7739fc5fe467e7dcad663964556fb57e1,9,0.27,1,1539051962699,Politics,0.1458,0.51
Bt3HGCYpNo5rpSJve,91692ff5be118341606eb468976420c7739fc5fe467e7dcad663964556fb57e1,10,0.82,1,1539051962699,Politics,1.3447999999999998,0.44
rBqeq2v7uyjAeiPSH,91692ff5be118341606eb468976420c7739fc5fe467e7dcad663964556fb57e1,11,0.08,1,1539051962699,Politics,0.0128,0.4
NHKHxZAGcewf7zyhe,91692ff5be118341606eb468976420c7739fc5fe467e7dcad663964556fb57e1,12,0.18,1,1539051962699,Politics,0.0648,0.58
A2A76yZes7txXvBPv,6d0f895c4cdbf7f85e7522716a8e855d8e682266280c6a359275fcb612a5af00,1,0.86,1,1539051987120,Sports,0.039200000000000006,0.61
sG7uJMx7wYB7d5NjZ,6d0f895c4cdbf7f85e7522716a8e855d8e682266280c6a359275fcb612a5af00,2,0.83,1,1539051987121,Sports,1.3778,0.64
yabJQcpsTojQyFkuT,6d0f895c4cdbf7f85e7522716a8e855d8e682266280c6a359275fcb612a5af00,3,0.28,1,1539051987122,Sports,0.15680000000000002,0.5
ze6KCjpAGhYBFHwpL,6d0f895c4cdbf7f85e7522716a8e855d8e682266280c6a359275fcb612a5af00,4,0.83,1,1539051987124,Sports,0.057800000000000025,0.59
Z3KGAtZFxoJtkNb6m,6d0f895c4cdbf7f85e7522716a8e855d8e682266280c6a359275fcb612a5af00,5,0.72,1,1539051987124,Sports,1.0368,0.555
aC8GJGmaXrySB6J5G,6d0f895c4cdbf7f85e7522716a8e855d8e682266280c6a359275fcb612a5af00,6,0.15,1,1539051987125,Sports,0.045,0.335
b3Jo5c5E3TTxFhKW4,91692ff5be118341606eb468976420c7739fc5fe467e7dcad663964556fb57e1,13,0.2,1,1539052008006,Entertainment,0.08000000000000002,0.375
3jH5co39B946jund6,91692ff5be118341606eb468976420c7739fc5fe467e7dcad663964556fb57e1,14,0.91,1,1539052008006,Entertainment,0.01619999999999999,0.615
6uLyLsH7oBfZtx8oK,91692ff5be118341606eb468976420c7739fc5fe467e7dcad663964556fb57e1,15,0.61,1,1539052008008,Entertainment,0.7442,0.59
tbAwSv2Ky5dTNy3vz,91692ff5be118341606eb468976420c7739fc5fe467e7dcad663964556fb57e1,16,0.18,1,1539052008009,Entertainment,1.3448000000000002,0.455
XGBzsRDXuCABrznWP,91692ff5be118341606eb468976420c7739fc5fe467e7dcad663964556fb57e1,17,0.09,1,1539052008009,Entertainment,0.0162,0.32
ESSwomm4GrPoRPi8b,91692ff5be118341606eb468976420c7739fc5fe467e7dcad663964556fb57e1,18,0.33,1,1539052008011,Entertainment,0.21780000000000002,0.73
c8bZhebwjwEvsruvN,6d0f895c4cdbf7f85e7522716a8e855d8e682266280c6a359275fcb612a5af00,7,1,1,1539052015860,Politics,2,0.605
z7WQT3r5dNEQD98oM,6d0f895c4cdbf7f85e7522716a8e855d8e682266280c6a359275fcb612a5af00,8,0.89,1,1539052015861,Politics,0.024199999999999996,0.54
cXnJs2tjTQe4jZRRf,6d0f895c4cdbf7f85e7522716a8e855d8e682266280c6a359275fcb612a5af00,9,0.11,1,1539052015862,Politics,0.0242,0.495
dDetiqsm4HyxgJvqK,6d0f895c4cdbf7f85e7522716a8e855d8e682266280c6a359275fcb612a5af00,10,0.7,1,1539052015863,Politics,0.9799999999999999,0.335
kghPhi8PFMAZbwXqx,6d0f895c4cdbf7f85e7522716a8e855d8e682266280c6a359275fcb612a5af00,11,0.1,1,1539052015864,Politics,0.020000000000000004,0.49
swPQMeyMfLFRFczXe,6d0f895c4cdbf7f85e7522716a8e855d8e682266280c6a359275fcb612a5af00,12,0.73,1,1539052015864,Politics,1.0657999999999999,0.385
hPkBKmb4miADCGfXs,6d0f895c4cdbf7f85e7522716a8e855d8e682266280c6a359275fcb612a5af00,13,0.84,1,1539052033228,Entertainment,1.4111999999999998,0.5
Yjsn9BYzMnfAnZvw9,6d0f895c4cdbf7f85e7522716a8e855d8e682266280c6a359275fcb612a5af00,14,0.82,1,1539052033231,Entertainment,0.06480000000000004,0.56
kgr3ijRSYoJo8jbD4,6d0f895c4cdbf7f85e7522716a8e855d8e682266280c6a359275fcb612a5af00,15,0.76,1,1539052033231,Entertainment,1.1552,0.585
oiGsSawjp4qz7KpzG,6d0f895c4cdbf7f85e7522716a8e855d8e682266280c6a359275fcb612a5af00,16,0.15,1,1539052033231,Entertainment,1.4449999999999998,0.405
okyhqkmraSpxnQJH6,6d0f895c4cdbf7f85e7522716a8e855d8e682266280c6a359275fcb612a5af00,17,0.18,1,1539052033236,Entertainment,0.0648,0.38
maZx37tzjjCzyKjxM,6d0f895c4cdbf7f85e7522716a8e855d8e682266280c6a359275fcb612a5af00,18,1,1,1539052033236,Entertainment,2,0.465
EGftc74Wb9s5fBmrt,3619065193edad11b9a7b076425aefad89f447676bb91fb2d342bd6aed7b1699,1,0.24,1,1539052444623,Sports,1.1552,0.395
Zv7ca2MA5MfYJwSgM,3619065193edad11b9a7b076425aefad89f447676bb91fb2d342bd6aed7b1699,2,0.9,1,1539052444624,Sports,1.62,0.58
2fhTMQCiBn6NFyCxx,3619065193edad11b9a7b076425aefad89f447676bb91fb2d342bd6aed7b1699,3,0.03,1,1539052444624,Sports,0.0018,0.33
Zrq8uJ4tpp4eCrLrK,3619065193edad11b9a7b076425aefad89f447676bb91fb2d342bd6aed7b1699,4,0.67,1,1539052444624,Sports,0.21779999999999994,0.6
yW46zQRaYRWeEKg5L,3619065193edad11b9a7b076425aefad89f447676bb91fb2d342bd6aed7b1699,5,0.39,1,1539052444624,Sports,0.3042,0.645
sgiktpQhWyiy7vLKj,3619065193edad11b9a7b076425aefad89f447676bb91fb2d342bd6aed7b1699,6,0.44,1,1539052444624,Sports,0.3872,0.62
pCbHP7gqP63cyGE88,3619065193edad11b9a7b076425aefad89f447676bb91fb2d342bd6aed7b1699,7,0.41,1,1539052461057,Politics,0.33619999999999994,0.665
DQeG3TqReuGWoMGm9,3619065193edad11b9a7b076425aefad89f447676bb91fb2d342bd6aed7b1699,8,0.61,1,1539052461058,Politics,0.3042,0.555
D4r675AHcE3kaJwdR,3619065193edad11b9a7b076425aefad89f447676bb91fb2d342bd6aed7b1699,9,0.5,1,1539052461058,Politics,0.5,0.54
A4ted9CAkXyWsbnaG,3619065193edad11b9a7b076425aefad89f447676bb91fb2d342bd6aed7b1699,10,0.19,1,1539052461058,Politics,0.0722,0.5
TnoSK2rTv9XmqLYSn,3619065193edad11b9a7b076425aefad89f447676bb91fb2d342bd6aed7b1699,11,0.25,1,1539052461058,Politics,0.125,0.49
Q288QxANHeHE5SiGQ,3619065193edad11b9a7b076425aefad89f447676bb91fb2d342bd6aed7b1699,12,0.22,1,1539052461058,Politics,0.0968,0.395
jAGn9sX6HjMPSKoMG,3619065193edad11b9a7b076425aefad89f447676bb91fb2d342bd6aed7b1699,13,0.52,1,1539052483430,Entertainment,0.5408000000000001,0.61
Fuvy3SxcDrJTGygvn,3619065193edad11b9a7b076425aefad89f447676bb91fb2d342bd6aed7b1699,14,0.5,1,1539052483430,Entertainment,0.5,0.61
t5WDF5hNo9XZvaisi,3619065193edad11b9a7b076425aefad89f447676bb91fb2d342bd6aed7b1699,15,0.72,1,1539052483431,Entertainment,1.0368,0.485
bo5yPogHz9oe7oXhQ,3619065193edad11b9a7b076425aefad89f447676bb91fb2d342bd6aed7b1699,16,0.47,1,1539052483431,Entertainment,0.5618000000000001,0.6
viiJggkpZCtDHbtyH,3619065193edad11b9a7b076425aefad89f447676bb91fb2d342bd6aed7b1699,17,0.45,1,1539052483431,Entertainment,0.405,0.57
ccQDmPZkYbKYoYcvG,3619065193edad11b9a7b076425aefad89f447676bb91fb2d342bd6aed7b1699,18,0.79,1,1539052483431,Entertainment,1.2482000000000002,0.56
NSkPQL3ckzJ2tpaD8,92c9c38751ca91ab771efc0fc66209bfad2397c702a74b22abdea7e5acdaa16c,1,0.3,1,1539052657621,Sports,0.9799999999999999,0.745
ECiPM8cK4KY7Amutz,92c9c38751ca91ab771efc0fc66209bfad2397c702a74b22abdea7e5acdaa16c,2,0.24,1,1539052657623,Sports,0.1152,0.49
zNJ3P6Jh3CcARn4ek,92c9c38751ca91ab771efc0fc66209bfad2397c702a74b22abdea7e5acdaa16c,3,0.61,1,1539052657624,Sports,0.7442,0.475
Eu8xxAHMC8FHKXHge,92c9c38751ca91ab771efc0fc66209bfad2397c702a74b22abdea7e5acdaa16c,4,0.21,1,1539052657626,Sports,1.2482000000000002,0.46
x8uRPmd4hPzPdzFoB,92c9c38751ca91ab771efc0fc66209bfad2397c702a74b22abdea7e5acdaa16c,5,0.39,1,1539052657628,Sports,0.3042,0.64
7CoXJMDRBvAtGfTGp,92c9c38751ca91ab771efc0fc66209bfad2397c702a74b22abdea7e5acdaa16c,6,0.67,1,1539052657630,Sports,0.8978000000000002,0.595
Xs7CNKonxmdobEWz7,92c9c38751ca91ab771efc0fc66209bfad2397c702a74b22abdea7e5acdaa16c,7,0.13,1,1539052684923,Politics,0.033800000000000004,0.4
tuLdZPvMQQ8Q9f8RH,92c9c38751ca91ab771efc0fc66209bfad2397c702a74b22abdea7e5acdaa16c,8,0.23,1,1539052684926,Politics,1.1858,0.43
wxjrsMYqsS3ysgEJZ,92c9c38751ca91ab771efc0fc66209bfad2397c702a74b22abdea7e5acdaa16c,9,0.21,1,1539052684927,Politics,0.08819999999999999,0.5
Jk33cPWbAwQoveX6E,92c9c38751ca91ab771efc0fc66209bfad2397c702a74b22abdea7e5acdaa16c,10,0.08,1,1539052684928,Politics,0.0128,0.435
dPuaj5eHk5DrsBgxD,92c9c38751ca91ab771efc0fc66209bfad2397c702a74b22abdea7e5acdaa16c,11,0.06,1,1539052684928,Politics,0.0072,0.4
topZksAAbetmXtfTp,92c9c38751ca91ab771efc0fc66209bfad2397c702a74b22abdea7e5acdaa16c,12,0.03,1,1539052684929,Politics,0.0018,0.505
K3qy56XizTJDgrZcZ,92c9c38751ca91ab771efc0fc66209bfad2397c702a74b22abdea7e5acdaa16c,13,0.57,1,1539052700628,Entertainment,0.6497999999999999,0.605
DLh436SN4knSqKBvs,92c9c38751ca91ab771efc0fc66209bfad2397c702a74b22abdea7e5acdaa16c,14,1,1,1539052700629,Entertainment,0,0.605
uhcHq3Megdy9ZssGN,92c9c38751ca91ab771efc0fc66209bfad2397c702a74b22abdea7e5acdaa16c,15,0.26,1,1539052700630,Entertainment,0.13520000000000001,0.425
zX2c6RWkqdPD3dWg3,92c9c38751ca91ab771efc0fc66209bfad2397c702a74b22abdea7e5acdaa16c,16,0.11,1,1539052700631,Entertainment,1.5842,0.42
ijEsR6srxXkhrixsx,92c9c38751ca91ab771efc0fc66209bfad2397c702a74b22abdea7e5acdaa16c,17,0.28,1,1539052700632,Entertainment,0.15680000000000002,0.565
HRNwWacr6jqhZk6Q5,92c9c38751ca91ab771efc0fc66209bfad2397c702a74b22abdea7e5acdaa16c,18,0.28,1,1539052700632,Entertainment,0.15680000000000002,0.46
TWrCgvQTp8kqbbzbi,885b00e3dbcb498da85a271ee43025a7658014c7ff576c0eec544695c3e8c0b9,1,0.73,1,1539053144150,Sports,0.1458,0.56
dDF83CgKaf62QbNtq,885b00e3dbcb498da85a271ee43025a7658014c7ff576c0eec544695c3e8c0b9,2,0.64,1,1539053144152,Sports,0.8192,0.55
pYuW4mJvZk244q2GG,885b00e3dbcb498da85a271ee43025a7658014c7ff576c0eec544695c3e8c0b9,3,0.35,1,1539053144154,Sports,0.24499999999999997,0.535
Y68WfH9HD5mpSLmRX,885b00e3dbcb498da85a271ee43025a7658014c7ff576c0eec544695c3e8c0b9,4,0.59,1,1539053144155,Sports,0.33620000000000005,0.62
fL9czzWeRpgPCzhfy,885b00e3dbcb498da85a271ee43025a7658014c7ff576c0eec544695c3e8c0b9,5,0.37,1,1539053144156,Sports,0.2738,0.61
2QTCdz2cSHyf8Sp4a,885b00e3dbcb498da85a271ee43025a7658014c7ff576c0eec544695c3e8c0b9,6,0.42,1,1539053144157,Sports,0.35279999999999995,0.55
qcsWWSosXMxjodHhd,885b00e3dbcb498da85a271ee43025a7658014c7ff576c0eec544695c3e8c0b9,7,0.64,1,1539053445444,Politics,0.8192,0.565
hENFnv9RGy8fkwbyg,885b00e3dbcb498da85a271ee43025a7658014c7ff576c0eec544695c3e8c0b9,8,0.58,1,1539053445447,Politics,0.35280000000000006,0.57
TqmewJcxMZ56GoM2F,885b00e3dbcb498da85a271ee43025a7658014c7ff576c0eec544695c3e8c0b9,9,0.64,1,1539053445451,Politics,0.8192,0.465
AsJmRNFP5yjD2v9bh,885b00e3dbcb498da85a271ee43025a7658014c7ff576c0eec544695c3e8c0b9,10,0.28,1,1539053445453,Politics,0.15680000000000002,0.425
xqAZhyEwCpiY3z3XB,885b00e3dbcb498da85a271ee43025a7658014c7ff576c0eec544695c3e8c0b9,11,0.35,1,1539053445454,Politics,0.24499999999999997,0.535
8oHe8vBah96WZCFTD,885b00e3dbcb498da85a271ee43025a7658014c7ff576c0eec544695c3e8c0b9,12,0.62,1,1539053445455,Politics,0.7688,0.335
sB22hmiJvLAjWytPm,885b00e3dbcb498da85a271ee43025a7658014c7ff576c0eec544695c3e8c0b9,13,0.21,1,1539053913582,Entertainment,0.08819999999999999,0.365
Z4ojxqnYWhgLKz8zt,885b00e3dbcb498da85a271ee43025a7658014c7ff576c0eec544695c3e8c0b9,14,0.91,1,1539053913586,Entertainment,0.01619999999999999,0.52
87CaMqgmNeWdScDBS,885b00e3dbcb498da85a271ee43025a7658014c7ff576c0eec544695c3e8c0b9,15,0.35,1,1539053913588,Entertainment,0.24499999999999997,0.615
HScpSSNPsYJ28jEgS,885b00e3dbcb498da85a271ee43025a7658014c7ff576c0eec544695c3e8c0b9,16,0.57,1,1539053913589,Entertainment,0.3698000000000001,0.545
cRsFrL5vQRx7wzaKG,885b00e3dbcb498da85a271ee43025a7658014c7ff576c0eec544695c3e8c0b9,17,0.45,1,1539053913590,Entertainment,0.405,0.49
3T3GG6CzpjMp2ceXq,885b00e3dbcb498da85a271ee43025a7658014c7ff576c0eec544695c3e8c0b9,18,0.26,1,1539053913591,Entertainment,0.13520000000000001,0.38
HawumuusPnJfTuPD5,898922ceac225f8c319a654bc4f63410352b75a2c3c3c07cd4cebc32ed6e07f9,1,1,1,1539054003657,Sports,0,0.69
6pX7k4ANc4SAPzv8z,898922ceac225f8c319a654bc4f63410352b75a2c3c3c07cd4cebc32ed6e07f9,2,1,1,1539054003659,Sports,2,0.715
K4DKFzjnwgWhntnrv,898922ceac225f8c319a654bc4f63410352b75a2c3c3c07cd4cebc32ed6e07f9,3,0,1,1539054003660,Sports,0,0.415
Yq2gWrxkASqNiXydX,898922ceac225f8c319a654bc4f63410352b75a2c3c3c07cd4cebc32ed6e07f9,4,1,1,1539054003661,Sports,0,0.725
6p5DjyzFkP8L67CDg,898922ceac225f8c319a654bc4f63410352b75a2c3c3c07cd4cebc32ed6e07f9,5,1,1,1539054003661,Sports,2,0.63
S8DjJQxa77PwXWwmz,898922ceac225f8c319a654bc4f63410352b75a2c3c3c07cd4cebc32ed6e07f9,6,1,1,1539054003661,Sports,2,0.645
dmk6mtvupznwRXhgH,898922ceac225f8c319a654bc4f63410352b75a2c3c3c07cd4cebc32ed6e07f9,7,1,1,1539054014388,Politics,2,0.67
eT2vb8AFrnvmGjxqA,898922ceac225f8c319a654bc4f63410352b75a2c3c3c07cd4cebc32ed6e07f9,8,1,1,1539054014389,Politics,0,0.69
32qAbfrdpR6DMtJ8T,898922ceac225f8c319a654bc4f63410352b75a2c3c3c07cd4cebc32ed6e07f9,9,0,1,1539054014390,Politics,0,0.415
wPckLRouGye5AL8Bm,898922ceac225f8c319a654bc4f63410352b75a2c3c3c07cd4cebc32ed6e07f9,10,0,1,1539054014390,Politics,0,0.53
WTeG5yPj8ZCnf2rm8,898922ceac225f8c319a654bc4f63410352b75a2c3c3c07cd4cebc32ed6e07f9,11,0,1,1539054014392,Politics,0,0.425
c3Qbhrr5M9m8s5PRb,898922ceac225f8c319a654bc4f63410352b75a2c3c3c07cd4cebc32ed6e07f9,12,0,1,1539054014393,Politics,0,0.525
nFmP6SKTAmtxi6PkS,898922ceac225f8c319a654bc4f63410352b75a2c3c3c07cd4cebc32ed6e07f9,13,0,1,1539054023093,Entertainment,0,0.405
HT9kDS55KLRmLnRPT,898922ceac225f8c319a654bc4f63410352b75a2c3c3c07cd4cebc32ed6e07f9,14,1,1,1539054023094,Entertainment,0,0.69
68KDnHc77EqL98auT,898922ceac225f8c319a654bc4f63410352b75a2c3c3c07cd4cebc32ed6e07f9,15,0,1,1539054023096,Entertainment,0,0.355
HYTdiS6foj38EoZHd,898922ceac225f8c319a654bc4f63410352b75a2c3c3c07cd4cebc32ed6e07f9,16,1,1,1539054023097,Entertainment,0,0.62
RzQKsKLgfbJxvBpZq,898922ceac225f8c319a654bc4f63410352b75a2c3c3c07cd4cebc32ed6e07f9,17,0,1,1539054023097,Entertainment,0,0.34
vjsTNGJdMCSGYPpBE,898922ceac225f8c319a654bc4f63410352b75a2c3c3c07cd4cebc32ed6e07f9,18,0,1,1539054023098,Entertainment,0,0.385
oi5MFco32LFJLDgMQ,b9db406dd58e16fff82599e42a7cec0aac0d845983cba6a858daccfc31854c3f,1,0.6,1,1539054188424,Sports,0.32000000000000006,0.61
LGSzTaBGyJcrGNPhp,b9db406dd58e16fff82599e42a7cec0aac0d845983cba6a858daccfc31854c3f,2,0.48,1,1539054188425,Sports,0.4608,0.7
F5eZk5hcwvDLL7T9G,b9db406dd58e16fff82599e42a7cec0aac0d845983cba6a858daccfc31854c3f,3,0.76,1,1539054188425,Sports,1.1552,0.485
ba8KJfjfNZmu7MY7E,b9db406dd58e16fff82599e42a7cec0aac0d845983cba6a858daccfc31854c3f,4,0.53,1,1539054188425,Sports,0.44179999999999997,0.66
2SGjKwzQXkcas9AFL,b9db406dd58e16fff82599e42a7cec0aac0d845983cba6a858daccfc31854c3f,5,0.16,1,1539054188425,Sports,0.0512,0.345
pMYPELYeDMevwrJHR,b9db406dd58e16fff82599e42a7cec0aac0d845983cba6a858daccfc31854c3f,6,0.62,1,1539054188425,Sports,0.7688,0.545
dNZr9mseEfSCr7tA8,b9db406dd58e16fff82599e42a7cec0aac0d845983cba6a858daccfc31854c3f,7,1,1,1539054375334,Politics,2,0.605
9mr4nm8yLEXo2b7ZZ,b9db406dd58e16fff82599e42a7cec0aac0d845983cba6a858daccfc31854c3f,8,0.6,1,1539054375334,Politics,0.32000000000000006,0.57
nqn2HFj6xat65wHrH,b9db406dd58e16fff82599e42a7cec0aac0d845983cba6a858daccfc31854c3f,9,0.14,1,1539054375334,Politics,0.039200000000000006,0.44
hAyRebdg36c9xXWiw,b9db406dd58e16fff82599e42a7cec0aac0d845983cba6a858daccfc31854c3f,10,0.18,1,1539054375335,Politics,0.0648,0.56
dczGZk8YZbNNFSbdF,b9db406dd58e16fff82599e42a7cec0aac0d845983cba6a858daccfc31854c3f,11,0.28,1,1539054375335,Politics,0.15680000000000002,0.495
tLz5njRYtMpTnbfLd,b9db406dd58e16fff82599e42a7cec0aac0d845983cba6a858daccfc31854c3f,12,0.77,1,1539054375336,Politics,1.1858,0.365
JuqCd2Q7hY8fst899,b9db406dd58e16fff82599e42a7cec0aac0d845983cba6a858daccfc31854c3f,13,0,1,1539054601753,Entertainment,0,0.3
B9ouzSE5Q4KuD54jx,b9db406dd58e16fff82599e42a7cec0aac0d845983cba6a858daccfc31854c3f,14,0.9,1,1539054601753,Entertainment,0.01999999999999999,0.67
8eytr9FpyNrnjqhBu,b9db406dd58e16fff82599e42a7cec0aac0d845983cba6a858daccfc31854c3f,15,0.85,1,1539054601754,Entertainment,1.4449999999999998,0.55
u4LvjqETNKnMQooo7,b9db406dd58e16fff82599e42a7cec0aac0d845983cba6a858daccfc31854c3f,16,0.86,1,1539054601754,Entertainment,0.039200000000000006,0.515
pqRbsoH7urKgiusQW,b9db406dd58e16fff82599e42a7cec0aac0d845983cba6a858daccfc31854c3f,17,1,1,1539054601755,Entertainment,2,0.575
XYaFRLsgFbe9Kf8aF,b9db406dd58e16fff82599e42a7cec0aac0d845983cba6a858daccfc31854c3f,18,0.73,1,1539054601755,Entertainment,1.0657999999999999,0.625
tHHf5WQH7YHdAhhzF,a48b24b4bab1c861abf21e687dca6b9c1595536981d3268362cfe4437ae99064,1,0.45,1,1539054761837,Sports,0.6050000000000001,0.595
yJwmGaNAibACjPRKw,a48b24b4bab1c861abf21e687dca6b9c1595536981d3268362cfe4437ae99064,2,0.26,1,1539054761837,Sports,0.13520000000000001,0.305
cxeTz2PuGyhLeeAvM,a48b24b4bab1c861abf21e687dca6b9c1595536981d3268362cfe4437ae99064,3,0.59,1,1539054761837,Sports,0.6961999999999999,0.45
f8yxoAZmaocRJavre,a48b24b4bab1c861abf21e687dca6b9c1595536981d3268362cfe4437ae99064,4,0.64,1,1539054761839,Sports,0.2592,0.575
BCEnMq4TxB3mNGwaR,a48b24b4bab1c861abf21e687dca6b9c1595536981d3268362cfe4437ae99064,5,0.3,1,1539054761839,Sports,0.18,0.61
Sc9djXCvNeNoGAD4x,a48b24b4bab1c861abf21e687dca6b9c1595536981d3268362cfe4437ae99064,6,0.56,1,1539054761839,Sports,0.6272000000000001,0.595
xpwyzKczfaN7MjmvG,a48b24b4bab1c861abf21e687dca6b9c1595536981d3268362cfe4437ae99064,7,0.87,1,1539054773547,Politics,1.5138,0.54
uhiAJ7N3eGMDYQMd7,a48b24b4bab1c861abf21e687dca6b9c1595536981d3268362cfe4437ae99064,8,0.33,1,1539054773547,Politics,0.8977999999999998,0.6
nxzC44Fd8KT4Ph6rw,a48b24b4bab1c861abf21e687dca6b9c1595536981d3268362cfe4437ae99064,9,0.56,1,1539054773548,Politics,0.6272000000000001,0.56
9NQ8YXZcTENskyo4i,a48b24b4bab1c861abf21e687dca6b9c1595536981d3268362cfe4437ae99064,10,0.22,1,1539054773549,Politics,0.0968,0.44
PwALgNHDwQkWL2747,a48b24b4bab1c861abf21e687dca6b9c1595536981d3268362cfe4437ae99064,11,0.22,1,1539054773549,Politics,0.0968,0.425
tRkwPxm3RREgsLgP6,a48b24b4bab1c861abf21e687dca6b9c1595536981d3268362cfe4437ae99064,12,0.59,1,1539054773550,Politics,0.6961999999999999,0.355
ZRMuT46GLKbwuhce9,a48b24b4bab1c861abf21e687dca6b9c1595536981d3268362cfe4437ae99064,13,0.7,1,1539054779707,Entertainment,0.9799999999999999,0.515
5ZKYKfG2RhPScuWcK,a48b24b4bab1c861abf21e687dca6b9c1595536981d3268362cfe4437ae99064,14,0.35,1,1539054779708,Entertainment,0.8450000000000001,0.565
QjERtHGtfgQnh7AZD,a48b24b4bab1c861abf21e687dca6b9c1595536981d3268362cfe4437ae99064,15,0.62,1,1539054779708,Entertainment,0.7688,0.505
c5eLaSm4ei4eoM2u8,a48b24b4bab1c861abf21e687dca6b9c1595536981d3268362cfe4437ae99064,16,0.56,1,1539054779709,Entertainment,0.38719999999999993,0.64
uihFa3JHeN6YzmxnS,a48b24b4bab1c861abf21e687dca6b9c1595536981d3268362cfe4437ae99064,17,0.45,1,1539054779709,Entertainment,0.405,0.62
ZqHTMjApiaHsHym4Z,a48b24b4bab1c861abf21e687dca6b9c1595536981d3268362cfe4437ae99064,18,0.73,1,1539054779710,Entertainment,1.0657999999999999,0.465
amPmzXwDasCr2cNhK,b431916eb8fa9354e7fd6d57007acce6f06c3921be7ef6d5655eee5754999166,1,0.55,1,1539055558962,Sports,0.4049999999999999,0.615
iNLEMo4gp5ZSkKDkq,b431916eb8fa9354e7fd6d57007acce6f06c3921be7ef6d5655eee5754999166,2,0.6,1,1539055558963,Sports,0.72,0.575
bzt5hn7ZAbbEBQLvH,b431916eb8fa9354e7fd6d57007acce6f06c3921be7ef6d5655eee5754999166,3,0.45,1,1539055558963,Sports,0.405,0.51
mfFExuzsk7K3x9pjn,b431916eb8fa9354e7fd6d57007acce6f06c3921be7ef6d5655eee5754999166,4,0.6,1,1539055558964,Sports,0.32000000000000006,0.59
X3Yd9CYC8dAhfdQib,b431916eb8fa9354e7fd6d57007acce6f06c3921be7ef6d5655eee5754999166,5,0.4,1,1539055558964,Sports,0.32000000000000006,0.58
KefPNr6n6X8fbtx6M,b431916eb8fa9354e7fd6d57007acce6f06c3921be7ef6d5655eee5754999166,6,0.5,1,1539055558964,Sports,0.5,0.59
ABT9G2uF42zigywCA,e9f6cbe38038076a386c778088343e9cfacec2e08730e6ab0d4a87bf8d600a6d,1,0.48,1,1539058870234,Sports,0.5408000000000001,0.58
YQWmQa8co7rneWGF4,e9f6cbe38038076a386c778088343e9cfacec2e08730e6ab0d4a87bf8d600a6d,2,0.41,1,1539058870234,Sports,0.33619999999999994,0.66
rCGcYzg7e2yXa6TBe,e9f6cbe38038076a386c778088343e9cfacec2e08730e6ab0d4a87bf8d600a6d,3,0.42,1,1539058870234,Sports,0.35279999999999995,0.475
PTStJpgMJznQxzMAb,e9f6cbe38038076a386c778088343e9cfacec2e08730e6ab0d4a87bf8d600a6d,4,0.58,1,1539058870234,Sports,0.35280000000000006,0.6
YCH5G5GDx9cH2KdoT,e9f6cbe38038076a386c778088343e9cfacec2e08730e6ab0d4a87bf8d600a6d,5,0.4,1,1539058870234,Sports,0.32000000000000006,0.54
kexMC5YMyc9ZEtgvN,e9f6cbe38038076a386c778088343e9cfacec2e08730e6ab0d4a87bf8d600a6d,6,0.48,1,1539058870234,Sports,0.4608,0.55
8BDpoyDN9Dtjbgppi,e9f6cbe38038076a386c778088343e9cfacec2e08730e6ab0d4a87bf8d600a6d,7,0.64,1,1539058890866,Politics,0.8192,0.55
xgrXPb9atu3mm27mv,e9f6cbe38038076a386c778088343e9cfacec2e08730e6ab0d4a87bf8d600a6d,8,0.7,1,1539058890866,Politics,0.18000000000000005,0.515
57dYFeriGasEsNWNZ,e9f6cbe38038076a386c778088343e9cfacec2e08730e6ab0d4a87bf8d600a6d,9,0.62,1,1539058890901,Politics,0.7688,0.415
WJnXqT3nghMPe3kZo,e9f6cbe38038076a386c778088343e9cfacec2e08730e6ab0d4a87bf8d600a6d,10,0.42,1,1539058890904,Politics,0.35279999999999995,0.345
taTfacZPN4Yom8hkh,e9f6cbe38038076a386c778088343e9cfacec2e08730e6ab0d4a87bf8d600a6d,11,0.37,1,1539058890906,Politics,0.2738,0.55
Fu5JCX9f2vxSaAusM,e9f6cbe38038076a386c778088343e9cfacec2e08730e6ab0d4a87bf8d600a6d,12,0.45,1,1539058890910,Politics,0.405,0.365
5pMwLqS22vJxwoFBX,e9f6cbe38038076a386c778088343e9cfacec2e08730e6ab0d4a87bf8d600a6d,13,0.4,1,1539058908127,Entertainment,0.32000000000000006,0.52
QFqK8RfJSPqsyrx2v,e9f6cbe38038076a386c778088343e9cfacec2e08730e6ab0d4a87bf8d600a6d,14,0.5,1,1539058908128,Entertainment,0.5,0.585
YmyyK9TRCHmXAyNww,e9f6cbe38038076a386c778088343e9cfacec2e08730e6ab0d4a87bf8d600a6d,15,0.27,1,1539058908128,Entertainment,0.1458,0.36
C6rSbJP9e5gD2QZrQ,e9f6cbe38038076a386c778088343e9cfacec2e08730e6ab0d4a87bf8d600a6d,16,0.71,1,1539058908129,Entertainment,0.16820000000000004,0.46
eun85B5kgYpnXboP3,e9f6cbe38038076a386c778088343e9cfacec2e08730e6ab0d4a87bf8d600a6d,17,0.42,1,1539058908134,Entertainment,0.35279999999999995,0.565
Kwrfcr2rTp5us4GM6,e9f6cbe38038076a386c778088343e9cfacec2e08730e6ab0d4a87bf8d600a6d,18,0.55,1,1539058908135,Entertainment,0.6050000000000001,0.49
zCS3veRwyfE54muic,e665e4106dea0bf0e08becd3cee93993331a0f56a26abc9841b96a7894cb275f,1,0.5,1,1539061246276,Sports,0.5,0.67
64iZXY7zR7z8svFoZ,e665e4106dea0bf0e08becd3cee93993331a0f56a26abc9841b96a7894cb275f,2,0.7,1,1539061246276,Sports,0.9799999999999999,0.615
rsN478ssiYeSnYXN4,e665e4106dea0bf0e08becd3cee93993331a0f56a26abc9841b96a7894cb275f,3,0.2,1,1539061246276,Sports,0.08000000000000002,0.49
tjZTc7ePLhS3ZbxYu,e665e4106dea0bf0e08becd3cee93993331a0f56a26abc9841b96a7894cb275f,4,0.5,1,1539061246276,Sports,0.5,0.715
a4afvYeKyLYvpnWz9,e665e4106dea0bf0e08becd3cee93993331a0f56a26abc9841b96a7894cb275f,5,0.8,1,1539061246276,Sports,1.2800000000000002,0.555
ZBerrNJLLdEF7YNBA,e665e4106dea0bf0e08becd3cee93993331a0f56a26abc9841b96a7894cb275f,6,0.5,1,1539061246276,Sports,0.5,0.67
CdZcdR6X6YeTqzjji,e665e4106dea0bf0e08becd3cee93993331a0f56a26abc9841b96a7894cb275f,7,1,1,1539061314256,Politics,2,0.64
zgQ47bRi82XJdvSg6,e665e4106dea0bf0e08becd3cee93993331a0f56a26abc9841b96a7894cb275f,8,0.6,1,1539061314271,Politics,0.32000000000000006,0.555
7MjYJD3Wp9SesBr8o,e665e4106dea0bf0e08becd3cee93993331a0f56a26abc9841b96a7894cb275f,9,0.9,1,1539061314271,Politics,1.62,0.495
s9Txsafwub9xB9DZt,e665e4106dea0bf0e08becd3cee93993331a0f56a26abc9841b96a7894cb275f,10,0.3,1,1539061314271,Politics,0.18,0.615
DLBsAGpwiFtdxzzxd,e665e4106dea0bf0e08becd3cee93993331a0f56a26abc9841b96a7894cb275f,11,0,1,1539061314271,Politics,0,0.365
R5FgdYNnHnEW7itvm,e665e4106dea0bf0e08becd3cee93993331a0f56a26abc9841b96a7894cb275f,12,0,1,1539061314271,Politics,0,0.47
v4Dzn3A9JrmPaWbxr,e665e4106dea0bf0e08becd3cee93993331a0f56a26abc9841b96a7894cb275f,13,0.1,1,1539061372703,Entertainment,0.020000000000000004,0.415
rwJStMZEc8G3o2xZg,e665e4106dea0bf0e08becd3cee93993331a0f56a26abc9841b96a7894cb275f,14,0.2,1,1539061372703,Entertainment,1.2800000000000002,0.405
nLgZN5mgYPDt56Hhu,e665e4106dea0bf0e08becd3cee93993331a0f56a26abc9841b96a7894cb275f,15,0.8,1,1539061372703,Entertainment,1.2800000000000002,0.525
CddQoMzvdpkjSaNW3,e665e4106dea0bf0e08becd3cee93993331a0f56a26abc9841b96a7894cb275f,16,0,1,1539061372703,Entertainment,2,0.27
S2zX78Qtua4zjjGfA,e665e4106dea0bf0e08becd3cee93993331a0f56a26abc9841b96a7894cb275f,17,0.2,1,1539061372703,Entertainment,0.08000000000000002,0.445
ApQhxzrr92EXCY7yf,e665e4106dea0bf0e08becd3cee93993331a0f56a26abc9841b96a7894cb275f,18,0.7,1,1539061372703,Entertainment,0.9799999999999999,0.52
PnwhDWR92zGFjegQz,ef3370305d8c61746601e00685e89c478824bfd23135268e702e35792f4c783b,1,0.5,1,1539062512723,Sports,0.5,0.69
HxqRnMosPXYknun9b,ef3370305d8c61746601e00685e89c478824bfd23135268e702e35792f4c783b,2,0.07,1,1539062512724,Sports,0.009800000000000001,0.265
tYPrLftpECoymDk3j,ef3370305d8c61746601e00685e89c478824bfd23135268e702e35792f4c783b,3,0,1,1539062512726,Sports,0,0.34
kbDxjSmLa53vGEMve,ef3370305d8c61746601e00685e89c478824bfd23135268e702e35792f4c783b,4,0.22,1,1539062512726,Sports,1.2168,0.5
7Xnf3rwSjBRMaCKmA,ef3370305d8c61746601e00685e89c478824bfd23135268e702e35792f4c783b,5,0.36,1,1539062512726,Sports,0.2592,0.705
m9QaHnvHKA7wgqicD,ef3370305d8c61746601e00685e89c478824bfd23135268e702e35792f4c783b,6,0.11,1,1539062512727,Sports,0.0242,0.405
ja2sAXJhTGXhmXN9C,ef3370305d8c61746601e00685e89c478824bfd23135268e702e35792f4c783b,7,0.25,1,1539062630748,Politics,0.125,0.47
o7oY9CaDPJ46H34AZ,ef3370305d8c61746601e00685e89c478824bfd23135268e702e35792f4c783b,8,0.5,1,1539062630750,Politics,0.5,0.685
gzPxA44aF3sgm2axN,ef3370305d8c61746601e00685e89c478824bfd23135268e702e35792f4c783b,9,0.5,1,1539062630750,Politics,0.5,0.6
Ev7NnHG9fyKfZADrN,ef3370305d8c61746601e00685e89c478824bfd23135268e702e35792f4c783b,10,0.12,1,1539062630750,Politics,0.0288,0.55
stnM5wffTHyw2GhcQ,ef3370305d8c61746601e00685e89c478824bfd23135268e702e35792f4c783b,11,0.05,1,1539062630750,Politics,0.005000000000000001,0.405
n4zacNYjSq5vuR6sj,ef3370305d8c61746601e00685e89c478824bfd23135268e702e35792f4c783b,12,0,1,1539062630750,Politics,0,0.445
JAKx2KrHQT4YMCNgr,ef3370305d8c61746601e00685e89c478824bfd23135268e702e35792f4c783b,13,0.5,1,1539062743365,Entertainment,0.5,0.63
Bh5E5F5R2jmMpJMQh,ef3370305d8c61746601e00685e89c478824bfd23135268e702e35792f4c783b,14,0.24,1,1539062743367,Entertainment,1.1552,0.325
CBM6CzPJ4RKiPhmPq,ef3370305d8c61746601e00685e89c478824bfd23135268e702e35792f4c783b,15,1,1,1539062743367,Entertainment,2,0.555
WL92o4rhexvg4xRq5,ef3370305d8c61746601e00685e89c478824bfd23135268e702e35792f4c783b,16,0.24,1,1539062743367,Entertainment,1.1552,0.515
hzW9K7s3pZDS4iB66,ef3370305d8c61746601e00685e89c478824bfd23135268e702e35792f4c783b,17,0.21,1,1539062743367,Entertainment,0.08819999999999999,0.545
yQfsi4iPNcWsDjTaf,ef3370305d8c61746601e00685e89c478824bfd23135268e702e35792f4c783b,18,0.19,1,1539062743369,Entertainment,0.0722,0.42
jK7ZXPcEMuXELewcR,77c97a0e6836271a333460a914aa40d3f17f1bec6b220883b420a526f4ab6ee0,1,0.6,1,1539063314695,Sports,0.32000000000000006,0.61
W5ahiYbGdMCSWz33J,77c97a0e6836271a333460a914aa40d3f17f1bec6b220883b420a526f4ab6ee0,2,0.8,1,1539063314698,Sports,1.2800000000000002,0.705
2TpJWhLhDJh5gFduu,77c97a0e6836271a333460a914aa40d3f17f1bec6b220883b420a526f4ab6ee0,3,0.6,1,1539063314700,Sports,0.72,0.53
vCkBbRMx5nrhTwbBi,77c97a0e6836271a333460a914aa40d3f17f1bec6b220883b420a526f4ab6ee0,4,0.6,1,1539063314702,Sports,0.32000000000000006,0.675
tgSGsR7cS6xz3W64u,77c97a0e6836271a333460a914aa40d3f17f1bec6b220883b420a526f4ab6ee0,5,0.4,1,1539063314703,Sports,0.32000000000000006,0.695
NRSa7ZgmKRnD8TMJx,77c97a0e6836271a333460a914aa40d3f17f1bec6b220883b420a526f4ab6ee0,6,0,1,1539063314704,Sports,0,0.265
TY5StTdyBmR7ss5Wh,33d61d7566fa5ceb6421134258024c9f6b4c52d9724f7aabe536f4968c5e87f7,1,1,1,1539063306557,Sports,0,0.715
4WYg3huqgXS4RwHR4,33d61d7566fa5ceb6421134258024c9f6b4c52d9724f7aabe536f4968c5e87f7,2,1,1,1539063306560,Sports,2,0.775
zEMHWXTn6noeudL4h,33d61d7566fa5ceb6421134258024c9f6b4c52d9724f7aabe536f4968c5e87f7,3,0,1,1539063306560,Sports,0,0.4
NSrACyB2MBN9GAnB4,33d61d7566fa5ceb6421134258024c9f6b4c52d9724f7aabe536f4968c5e87f7,4,1,1,1539063306561,Sports,0,0.755
hAJyZwySuFBA5aEa4,33d61d7566fa5ceb6421134258024c9f6b4c52d9724f7aabe536f4968c5e87f7,5,0,1,1539063306562,Sports,0,0.42
JqSNiyJmDYewamGGH,33d61d7566fa5ceb6421134258024c9f6b4c52d9724f7aabe536f4968c5e87f7,6,0,1,1539063306564,Sports,0,0.335
ZCpSqvbuW6B3htzS9,77c97a0e6836271a333460a914aa40d3f17f1bec6b220883b420a526f4ab6ee0,7,0.8,1,1539063481865,Politics,1.2800000000000002,0.65
8yCkeFRpJEbrh6kaC,77c97a0e6836271a333460a914aa40d3f17f1bec6b220883b420a526f4ab6ee0,8,0.6,1,1539063481868,Politics,0.32000000000000006,0.63
DQMHLDHYTAjQpGGkD,77c97a0e6836271a333460a914aa40d3f17f1bec6b220883b420a526f4ab6ee0,9,0.4,1,1539063481871,Politics,0.32000000000000006,0.56
HYTCbF6zv9aCNW4X7,77c97a0e6836271a333460a914aa40d3f17f1bec6b220883b420a526f4ab6ee0,10,0,1,1539063481871,Politics,0,0.435
sMmJBMrkd4M6yDEBE,77c97a0e6836271a333460a914aa40d3f17f1bec6b220883b420a526f4ab6ee0,11,0,1,1539063481872,Politics,0,0.305
2ywu6XP8GKbnA9sca,77c97a0e6836271a333460a914aa40d3f17f1bec6b220883b420a526f4ab6ee0,12,0,1,1539063481873,Politics,0,0.435
HPZWtmGBzHqaLxo8W,33d61d7566fa5ceb6421134258024c9f6b4c52d9724f7aabe536f4968c5e87f7,7,1,1,1539063473283,Politics,2,0.77
ytsdMmDJTwNbtoqdA,33d61d7566fa5ceb6421134258024c9f6b4c52d9724f7aabe536f4968c5e87f7,8,1,1,1539063473284,Politics,0,0.75
QsbBE88bppaQDoGn8,33d61d7566fa5ceb6421134258024c9f6b4c52d9724f7aabe536f4968c5e87f7,9,0,1,1539063473284,Politics,0,0.37
hRhoMQmrEyysx2wnx,33d61d7566fa5ceb6421134258024c9f6b4c52d9724f7aabe536f4968c5e87f7,10,1,1,1539063473285,Politics,2,0.42
y5e5FjmBWCA9wPk4g,33d61d7566fa5ceb6421134258024c9f6b4c52d9724f7aabe536f4968c5e87f7,11,0,1,1539063473286,Politics,0,0.49
LtsLDo2tp3BZnP8fz,33d61d7566fa5ceb6421134258024c9f6b4c52d9724f7aabe536f4968c5e87f7,12,0,1,1539063473286,Politics,0,0.52
f5LhCXmB5gL2aepoH,77c97a0e6836271a333460a914aa40d3f17f1bec6b220883b420a526f4ab6ee0,13,0,1,1539063540749,Entertainment,0,0.345
inyZMQGKJzSSPt3p4,77c97a0e6836271a333460a914aa40d3f17f1bec6b220883b420a526f4ab6ee0,14,1,1,1539063540751,Entertainment,0,0.66
sRitT43WFpXaXQrbg,77c97a0e6836271a333460a914aa40d3f17f1bec6b220883b420a526f4ab6ee0,15,0.4,1,1539063540752,Entertainment,0.32000000000000006,0.595
jEXacfJKTLXZ87wBv,77c97a0e6836271a333460a914aa40d3f17f1bec6b220883b420a526f4ab6ee0,16,0.4,1,1539063540753,Entertainment,0.72,0.665
zMYom4GkX2qncsTQ5,77c97a0e6836271a333460a914aa40d3f17f1bec6b220883b420a526f4ab6ee0,17,1,1,1539063540753,Entertainment,2,0.575
jiqQhKoWTqdRoaBim,77c97a0e6836271a333460a914aa40d3f17f1bec6b220883b420a526f4ab6ee0,18,1,1,1539063540756,Entertainment,2,0.55
6sdKCQWFQKQTL5xhF,33d61d7566fa5ceb6421134258024c9f6b4c52d9724f7aabe536f4968c5e87f7,13,0,1,1539063714605,Entertainment,0,0.415
GQC4LjhYPKmBdCzMN,33d61d7566fa5ceb6421134258024c9f6b4c52d9724f7aabe536f4968c5e87f7,14,1,1,1539063714606,Entertainment,0,0.745
KXS7JGiupiv4xY5K2,33d61d7566fa5ceb6421134258024c9f6b4c52d9724f7aabe536f4968c5e87f7,15,0,1,1539063714608,Entertainment,0,0.41
Th4DQJuPCRqxWHYep,33d61d7566fa5ceb6421134258024c9f6b4c52d9724f7aabe536f4968c5e87f7,16,0,1,1539063714609,Entertainment,2,0.35
RX54Zb7pofG9ozwtY,33d61d7566fa5ceb6421134258024c9f6b4c52d9724f7aabe536f4968c5e87f7,17,0,1,1539063714612,Entertainment,0,0.435
7is6Hur8t3X3BGS7Y,33d61d7566fa5ceb6421134258024c9f6b4c52d9724f7aabe536f4968c5e87f7,18,0,1,1539063714614,Entertainment,0,0.385
G9x5rHLnmFMFfFYZ3,804239992927acc16bf3bc18f2b9e428191b71a4de7dd82f565a0bdced43ceb7,1,0.2,1,1539069683149,Sports,1.2800000000000002,0.445
Q95PPbPwqvxgePnRf,804239992927acc16bf3bc18f2b9e428191b71a4de7dd82f565a0bdced43ceb7,2,0.89,1,1539069683149,Sports,1.5842,0.575
MazmbkTNMYrcb92Fi,804239992927acc16bf3bc18f2b9e428191b71a4de7dd82f565a0bdced43ceb7,3,0.72,1,1539069683149,Sports,1.0368,0.425
QS2QYzDcC4YztXvHL,804239992927acc16bf3bc18f2b9e428191b71a4de7dd82f565a0bdced43ceb7,4,0.33,1,1539069683149,Sports,0.8977999999999998,0.685
3rFHpaAnke2PkDTCT,804239992927acc16bf3bc18f2b9e428191b71a4de7dd82f565a0bdced43ceb7,5,0.57,1,1539069683150,Sports,0.6497999999999999,0.59
poevjqzLXv227xkpe,804239992927acc16bf3bc18f2b9e428191b71a4de7dd82f565a0bdced43ceb7,6,0.5,1,1539069683150,Sports,0.5,0.615
FoyAtmdgtwGrFzL9z,804239992927acc16bf3bc18f2b9e428191b71a4de7dd82f565a0bdced43ceb7,7,1,1,1539069727024,Politics,2,0.605
v3P3fNK4LxTJEjAHN,804239992927acc16bf3bc18f2b9e428191b71a4de7dd82f565a0bdced43ceb7,8,0.64,1,1539069727025,Politics,0.2592,0.56
AQsNEirJgDvkp5qvp,804239992927acc16bf3bc18f2b9e428191b71a4de7dd82f565a0bdced43ceb7,9,0.24,1,1539069727026,Politics,0.1152,0.455
rXC5tdxJgYboNsKTD,804239992927acc16bf3bc18f2b9e428191b71a4de7dd82f565a0bdced43ceb7,10,0.38,1,1539069727026,Politics,0.2888,0.57
JEgJBnqekGGWs6378,804239992927acc16bf3bc18f2b9e428191b71a4de7dd82f565a0bdced43ceb7,11,0.1,1,1539069727026,Politics,0.020000000000000004,0.5
mPHTGMjrAma9e9HFJ,804239992927acc16bf3bc18f2b9e428191b71a4de7dd82f565a0bdced43ceb7,12,0.5,1,1539069727027,Politics,0.5,0.395
TihEGjGbHH3YxNbkT,804239992927acc16bf3bc18f2b9e428191b71a4de7dd82f565a0bdced43ceb7,13,0,1,1539069788387,Entertainment,0,0.29
oTGsNHpkqftLraDve,804239992927acc16bf3bc18f2b9e428191b71a4de7dd82f565a0bdced43ceb7,14,1,1,1539069788388,Entertainment,0,0.545
afAoRmh4Wb3N25wTu,804239992927acc16bf3bc18f2b9e428191b71a4de7dd82f565a0bdced43ceb7,15,0.7,1,1539069788388,Entertainment,0.9799999999999999,0.555
YrY8HnN4KqCPn3Baj,804239992927acc16bf3bc18f2b9e428191b71a4de7dd82f565a0bdced43ceb7,16,0.5,1,1539069788388,Entertainment,0.5,0.6
Y4EXdTyxjdjN2QQoj,804239992927acc16bf3bc18f2b9e428191b71a4de7dd82f565a0bdced43ceb7,17,1,1,1539069788389,Entertainment,2,0.455
WJR24MCc7aQfJHBFa,804239992927acc16bf3bc18f2b9e428191b71a4de7dd82f565a0bdced43ceb7,18,0.1,1,1539069788389,Entertainment,0.020000000000000004,0.42
Ku8Kv9GEjtSEW5P6u,58517fe3aea9ba0703890b02a4bc4fe2ac683329ee20be1546606ce5447a9d65,1,0.85,1,1539075252929,Sports,0.04500000000000001,0.575
v25EcZMcbEqc7qBRu,58517fe3aea9ba0703890b02a4bc4fe2ac683329ee20be1546606ce5447a9d65,2,0.78,1,1539075252930,Sports,1.2168,0.575
SuRzLoqsRARSPPqKy,58517fe3aea9ba0703890b02a4bc4fe2ac683329ee20be1546606ce5447a9d65,3,0.81,1,1539075252932,Sports,1.3122000000000003,0.37
4E5ReNziKu8JptNgq,58517fe3aea9ba0703890b02a4bc4fe2ac683329ee20be1546606ce5447a9d65,4,0.83,1,1539075252933,Sports,0.057800000000000025,0.68
C8qSq8cEeJL5gPAsq,58517fe3aea9ba0703890b02a4bc4fe2ac683329ee20be1546606ce5447a9d65,5,0.25,1,1539075252934,Sports,0.125,0.435
MbyZBiuDZzQfgCDpB,58517fe3aea9ba0703890b02a4bc4fe2ac683329ee20be1546606ce5447a9d65,6,0.35,1,1539075252935,Sports,0.24499999999999997,0.65
b9s83aodATXj3R7D8,58517fe3aea9ba0703890b02a4bc4fe2ac683329ee20be1546606ce5447a9d65,7,0.75,1,1539075279218,Politics,1.125,0.575
n5EuC2ELSKZbgBovv,58517fe3aea9ba0703890b02a4bc4fe2ac683329ee20be1546606ce5447a9d65,8,0.82,1,1539075279219,Politics,0.06480000000000004,0.61
afns3bK3t8GPHGu7i,58517fe3aea9ba0703890b02a4bc4fe2ac683329ee20be1546606ce5447a9d65,9,0.3,1,1539075279222,Politics,0.18,0.69
3BQdd9DWWnRaCnaMc,58517fe3aea9ba0703890b02a4bc4fe2ac683329ee20be1546606ce5447a9d65,10,0.27,1,1539075279224,Politics,0.1458,0.41
rffyPPZhm75yoMFGj,58517fe3aea9ba0703890b02a4bc4fe2ac683329ee20be1546606ce5447a9d65,11,0.27,1,1539075279225,Politics,0.1458,0.44
8Ty7BL2pNiCcnYQpY,58517fe3aea9ba0703890b02a4bc4fe2ac683329ee20be1546606ce5447a9d65,12,0.23,1,1539075279227,Politics,0.1058,0.41
f86L7rXgJSDNMc7HC,58517fe3aea9ba0703890b02a4bc4fe2ac683329ee20be1546606ce5447a9d65,13,0.38,1,1539075300759,Entertainment,0.2888,0.615
nnvNNQWPogMco3f6T,58517fe3aea9ba0703890b02a4bc4fe2ac683329ee20be1546606ce5447a9d65,14,0.8,1,1539075300761,Entertainment,0.07999999999999996,0.52
RgLRWHs5wojhNoWNH,58517fe3aea9ba0703890b02a4bc4fe2ac683329ee20be1546606ce5447a9d65,15,0.26,1,1539075300762,Entertainment,0.13520000000000001,0.395
cJr9qYJ2r6uFnFdAm,58517fe3aea9ba0703890b02a4bc4fe2ac683329ee20be1546606ce5447a9d65,16,0.32,1,1539075300763,Entertainment,0.9247999999999998,0.625
QagnPWNzchpBvnh6u,58517fe3aea9ba0703890b02a4bc4fe2ac683329ee20be1546606ce5447a9d65,17,0.21,1,1539075300764,Entertainment,0.08819999999999999,0.45
QhZBg5XGjffDL38X8,58517fe3aea9ba0703890b02a4bc4fe2ac683329ee20be1546606ce5447a9d65,18,0.73,1,1539075300766,Entertainment,1.0657999999999999,0.485
Ep52Fk5a95xDcLsjJ,19976a659084a980f359145de4db92c84f065afbac207e813814f63b9d7a1c9b,1,0.76,1,1539077448710,Sports,0.1152,0.585
T3zx4kqzfioH37xbo,19976a659084a980f359145de4db92c84f065afbac207e813814f63b9d7a1c9b,2,0.64,1,1539077448711,Sports,0.8192,0.54
m54FKEoBBgL7C8B6b,19976a659084a980f359145de4db92c84f065afbac207e813814f63b9d7a1c9b,3,0.43,1,1539077448711,Sports,0.36979999999999996,0.49
LPJr7yyfCz3L8AjMR,19976a659084a980f359145de4db92c84f065afbac207e813814f63b9d7a1c9b,4,0.55,1,1539077448712,Sports,0.4049999999999999,0.61
66vBYNgMnMooTmfzB,19976a659084a980f359145de4db92c84f065afbac207e813814f63b9d7a1c9b,5,0.69,1,1539077448712,Sports,0.9521999999999998,0.48
PNxgtJW4vPeXGodBJ,19976a659084a980f359145de4db92c84f065afbac207e813814f63b9d7a1c9b,6,0.58,1,1539077448712,Sports,0.6728,0.585
oZS43yidskK5wpQEm,19976a659084a980f359145de4db92c84f065afbac207e813814f63b9d7a1c9b,7,0.73,1,1539077458614,Politics,1.0657999999999999,0.595
Th73Neqwt5pucqsvK,19976a659084a980f359145de4db92c84f065afbac207e813814f63b9d7a1c9b,8,0.65,1,1539077458615,Politics,0.24499999999999997,0.465
oaXXcnkDJXG7Jmpu5,19976a659084a980f359145de4db92c84f065afbac207e813814f63b9d7a1c9b,9,0.53,1,1539077458615,Politics,0.5618000000000001,0.545
MriSaSMpsb2P28zFi,19976a659084a980f359145de4db92c84f065afbac207e813814f63b9d7a1c9b,10,0.11,1,1539077458615,Politics,0.0242,0.485
C5cLmkuc6j6ddejrn,19976a659084a980f359145de4db92c84f065afbac207e813814f63b9d7a1c9b,11,0.37,1,1539077458615,Politics,0.2738,0.555
D3kLT5ERyEthMGMhK,19976a659084a980f359145de4db92c84f065afbac207e813814f63b9d7a1c9b,12,0.4,1,1539077458615,Politics,0.32000000000000006,0.42
wqBYEq4gJT6aD6kuT,19976a659084a980f359145de4db92c84f065afbac207e813814f63b9d7a1c9b,13,0.74,1,1539077465678,Entertainment,1.0952,0.44
NJitctEMqu4ed9TMw,19976a659084a980f359145de4db92c84f065afbac207e813814f63b9d7a1c9b,14,0.81,1,1539077465678,Entertainment,0.07219999999999996,0.555
ZR9qTB3WCc8NsXZ4G,19976a659084a980f359145de4db92c84f065afbac207e813814f63b9d7a1c9b,15,0.64,1,1539077465678,Entertainment,0.8192,0.455
szZ3tJ2M8afeMnM9e,19976a659084a980f359145de4db92c84f065afbac207e813814f63b9d7a1c9b,16,0.64,1,1539077465678,Entertainment,0.2592,0.48
fZiXvJBvYAspe3GKh,19976a659084a980f359145de4db92c84f065afbac207e813814f63b9d7a1c9b,17,0.82,1,1539077465680,Entertainment,1.3447999999999998,0.465
GaG5ayih2vmquQSx6,19976a659084a980f359145de4db92c84f065afbac207e813814f63b9d7a1c9b,18,0.95,1,1539077465680,Entertainment,1.805,0.46
B83PyFbiZTYe2nb3x,114504437230d0d2b93eec8f2110a2ca3260cc207c878a24bf9441f95c32cfed,1,1,1,1539077595389,Sports,0,0.625
uEYPo3MnG9zdiTd2e,114504437230d0d2b93eec8f2110a2ca3260cc207c878a24bf9441f95c32cfed,2,0.16,1,1539077595391,Sports,0.0512,0.36
s6nvz8akgjcYMeXiG,114504437230d0d2b93eec8f2110a2ca3260cc207c878a24bf9441f95c32cfed,3,0.95,1,1539077595392,Sports,1.805,0.48
533sDCHNn8zj4ZpCu,114504437230d0d2b93eec8f2110a2ca3260cc207c878a24bf9441f95c32cfed,4,0.99,1,1539077595393,Sports,2.0000000000000036e-4,0.65
8YTwNJkRLCcScWdgL,114504437230d0d2b93eec8f2110a2ca3260cc207c878a24bf9441f95c32cfed,5,0.71,1,1539077595393,Sports,1.0082,0.5
q6KDJYqEn8o8mSWag,114504437230d0d2b93eec8f2110a2ca3260cc207c878a24bf9441f95c32cfed,6,0.95,1,1539077595394,Sports,1.805,0.565
tZrmMvthYMX674DdL,114504437230d0d2b93eec8f2110a2ca3260cc207c878a24bf9441f95c32cfed,7,0.96,1,1539077655124,Politics,1.8432,0.615
L9MBHvXFDMKiQR5Db,114504437230d0d2b93eec8f2110a2ca3260cc207c878a24bf9441f95c32cfed,8,0.98,1,1539077655124,Politics,8.000000000000014e-4,0.625
fPapG8hRzofZZtjdT,114504437230d0d2b93eec8f2110a2ca3260cc207c878a24bf9441f95c32cfed,9,0.92,1,1539077655125,Politics,1.6928,0.58
YtuHjcRaPSrz3kXFC,114504437230d0d2b93eec8f2110a2ca3260cc207c878a24bf9441f95c32cfed,10,0.98,1,1539077655125,Politics,1.9207999999999998,0.38
xprwg3gjgfqaa2XDg,114504437230d0d2b93eec8f2110a2ca3260cc207c878a24bf9441f95c32cfed,11,0,1,1539077655126,Politics,0,0.41
H6gkx6qJjkabQL3jL,114504437230d0d2b93eec8f2110a2ca3260cc207c878a24bf9441f95c32cfed,12,0.06,1,1539077655127,Politics,0.0072,0.45
4jy2NB6XF3LeLXKBP,114504437230d0d2b93eec8f2110a2ca3260cc207c878a24bf9441f95c32cfed,13,0.81,1,1539077680931,Entertainment,1.3122000000000003,0.545
xhLLbwrkTovpYDf2g,114504437230d0d2b93eec8f2110a2ca3260cc207c878a24bf9441f95c32cfed,14,0.82,1,1539077680933,Entertainment,0.06480000000000004,0.6
YBjxqPDB2MN2f9wEg,114504437230d0d2b93eec8f2110a2ca3260cc207c878a24bf9441f95c32cfed,15,0.06,1,1539077680933,Entertainment,0.0072,0.3
rv6yhoZys8yiaAciZ,114504437230d0d2b93eec8f2110a2ca3260cc207c878a24bf9441f95c32cfed,16,0.94,1,1539077680934,Entertainment,0.007200000000000013,0.515
8CZDwypufY8oazfkn,114504437230d0d2b93eec8f2110a2ca3260cc207c878a24bf9441f95c32cfed,17,0.12,1,1539077680935,Entertainment,0.0288,0.42
jifaBzL3AvuvxKMeG,114504437230d0d2b93eec8f2110a2ca3260cc207c878a24bf9441f95c32cfed,18,0.92,1,1539077680935,Entertainment,1.6928,0.525
oBjLYiYDv8djrYRuD,2d0aa5aa206a863dcff29b5a383a8fa01d8b517c990acc22a3ac099dffaca5da,1,0,1,1539079951209,Sports,2,0.275
jk6udZBb9uvQb6rXb,2d0aa5aa206a863dcff29b5a383a8fa01d8b517c990acc22a3ac099dffaca5da,2,0,1,1539079951209,Sports,0,0.285
YjyXSZ5u3RhuQydem,2d0aa5aa206a863dcff29b5a383a8fa01d8b517c990acc22a3ac099dffaca5da,3,1,1,1539079951210,Sports,2,0.495
GnQDFrqdZkCND5ved,2d0aa5aa206a863dcff29b5a383a8fa01d8b517c990acc22a3ac099dffaca5da,4,1,1,1539079951210,Sports,0,0.715
zXpkM2TWSwcsYaNFT,2d0aa5aa206a863dcff29b5a383a8fa01d8b517c990acc22a3ac099dffaca5da,5,0,1,1539079951211,Sports,0,0.44
cWamM7uT5pZX5ruiQ,2d0aa5aa206a863dcff29b5a383a8fa01d8b517c990acc22a3ac099dffaca5da,6,0,1,1539079951211,Sports,0,0.305
vm84ZDar3nW66ARvz,2d0aa5aa206a863dcff29b5a383a8fa01d8b517c990acc22a3ac099dffaca5da,7,1,1,1539080000298,Politics,2,0.695
dgA8SMHZu9C9NNF4s,2d0aa5aa206a863dcff29b5a383a8fa01d8b517c990acc22a3ac099dffaca5da,8,1,1,1539080000299,Politics,0,0.68
JawHGQ4DkTaWHKxf4,2d0aa5aa206a863dcff29b5a383a8fa01d8b517c990acc22a3ac099dffaca5da,9,0,1,1539080000299,Politics,0,0.37
6SwHhKTbsdNpouCa2,2d0aa5aa206a863dcff29b5a383a8fa01d8b517c990acc22a3ac099dffaca5da,10,0,1,1539080000300,Politics,0,0.505
9Agz3gfpWLPSyfSdN,2d0aa5aa206a863dcff29b5a383a8fa01d8b517c990acc22a3ac099dffaca5da,11,1,1,1539080000300,Politics,2,0.5
bgwuePxMTDrN6sJXL,2d0aa5aa206a863dcff29b5a383a8fa01d8b517c990acc22a3ac099dffaca5da,12,0,1,1539080000300,Politics,0,0.53
4AB5fjJeEyJ6PSaFz,2d0aa5aa206a863dcff29b5a383a8fa01d8b517c990acc22a3ac099dffaca5da,13,1,1,1539080027017,Entertainment,2,0.645
oewQsxELyXuZHWDHK,2d0aa5aa206a863dcff29b5a383a8fa01d8b517c990acc22a3ac099dffaca5da,14,1,1,1539080027017,Entertainment,0,0.66
nsniC2xXaH2zTcxwh,2d0aa5aa206a863dcff29b5a383a8fa01d8b517c990acc22a3ac099dffaca5da,15,0,1,1539080027018,Entertainment,0,0.345
R9hchfLFJZyMtn3B3,2d0aa5aa206a863dcff29b5a383a8fa01d8b517c990acc22a3ac099dffaca5da,16,1,1,1539080027018,Entertainment,0,0.635
nu3o6zD5Sg8Q2QG45,2d0aa5aa206a863dcff29b5a383a8fa01d8b517c990acc22a3ac099dffaca5da,17,0,1,1539080027019,Entertainment,0,0.38
tBNun4XPNhYDpyBAP,2d0aa5aa206a863dcff29b5a383a8fa01d8b517c990acc22a3ac099dffaca5da,18,1,1,1539080027019,Entertainment,2,0.625
MGgfr9KEHWTjzRZXS,2adee3b6e0fce97a6e1a7a423e358c9edf98a7cb075fdf43b4d879bafbc2e708,1,0.69,1,1539080284428,Sports,0.19220000000000007,0.525
AAPbPBaAjTgqWoMA2,2adee3b6e0fce97a6e1a7a423e358c9edf98a7cb075fdf43b4d879bafbc2e708,2,0.71,1,1539080284432,Sports,1.0082,0.57
N3rEQpFQfA5YsT6Rr,2adee3b6e0fce97a6e1a7a423e358c9edf98a7cb075fdf43b4d879bafbc2e708,3,0.86,1,1539080284435,Sports,1.4791999999999998,0.41
ijSzjsknfDABGxsTL,2adee3b6e0fce97a6e1a7a423e358c9edf98a7cb075fdf43b4d879bafbc2e708,4,0.8,1,1539080284438,Sports,0.07999999999999996,0.61
nyAj38qmd2CjMr6pF,2adee3b6e0fce97a6e1a7a423e358c9edf98a7cb075fdf43b4d879bafbc2e708,5,0.34,1,1539080284441,Sports,0.23120000000000004,0.62
Q7TZvL4EHEqSqBGMe,2adee3b6e0fce97a6e1a7a423e358c9edf98a7cb075fdf43b4d879bafbc2e708,6,0.5,1,1539080284443,Sports,0.5,0.625
W5HAH5MXTkF8WJXBK,2adee3b6e0fce97a6e1a7a423e358c9edf98a7cb075fdf43b4d879bafbc2e708,7,0.6,1,1539080392710,Politics,0.72,0.565
Ca53T96B9NjM92Tqn,2adee3b6e0fce97a6e1a7a423e358c9edf98a7cb075fdf43b4d879bafbc2e708,8,0.68,1,1539080392713,Politics,0.20479999999999993,0.54
KcS3gSFezfkXsCEiq,2adee3b6e0fce97a6e1a7a423e358c9edf98a7cb075fdf43b4d879bafbc2e708,9,0.49,1,1539080392718,Politics,0.48019999999999996,0.49
oSwQsxWmLseHwvgzz,2adee3b6e0fce97a6e1a7a423e358c9edf98a7cb075fdf43b4d879bafbc2e708,10,0.22,1,1539080392722,Politics,0.0968,0.42
sh75EtNSxZ6vxyPo4,2adee3b6e0fce97a6e1a7a423e358c9edf98a7cb075fdf43b4d879bafbc2e708,11,0.29,1,1539080392724,Politics,0.1682,0.445
kQbFPJCLuf5Hu6G2k,2adee3b6e0fce97a6e1a7a423e358c9edf98a7cb075fdf43b4d879bafbc2e708,12,0.31,1,1539080392727,Politics,0.1922,0.46
zzqubr7DrgLckWD4g,2adee3b6e0fce97a6e1a7a423e358c9edf98a7cb075fdf43b4d879bafbc2e708,13,0.59,1,1539080527237,Entertainment,0.6961999999999999,0.555
trJFjLvPLKYh3bz6L,2adee3b6e0fce97a6e1a7a423e358c9edf98a7cb075fdf43b4d879bafbc2e708,14,0.66,1,1539080527241,Entertainment,0.23119999999999996,0.575
Exy5iApC7QNMuuam4,2adee3b6e0fce97a6e1a7a423e358c9edf98a7cb075fdf43b4d879bafbc2e708,15,0.73,1,1539080527244,Entertainment,1.0657999999999999,0.495
WB8ziaEekt3SGtTYg,2adee3b6e0fce97a6e1a7a423e358c9edf98a7cb075fdf43b4d879bafbc2e708,16,0.42,1,1539080527247,Entertainment,0.6728000000000002,0.555
TsW8rkez3xs7959Lr,2adee3b6e0fce97a6e1a7a423e358c9edf98a7cb075fdf43b4d879bafbc2e708,17,0.66,1,1539080527250,Entertainment,0.8712000000000001,0.495
fYfyePeqzZHcRpKib,2adee3b6e0fce97a6e1a7a423e358c9edf98a7cb075fdf43b4d879bafbc2e708,18,0.51,1,1539080527253,Entertainment,0.5202,0.545
8FtmZoCzqRLSu74EA,f6f1f84eea73a8279036d43ad8b33c74c86e4beaac08d406083be606021416d6,1,0.45,1,1539082134278,Sports,0.6050000000000001,0.69
L3WWq4iAC2KkR6Erf,f6f1f84eea73a8279036d43ad8b33c74c86e4beaac08d406083be606021416d6,2,0.28,1,1539082134278,Sports,0.15680000000000002,0.37
cZjZATkQ9cyQmwewq,f6f1f84eea73a8279036d43ad8b33c74c86e4beaac08d406083be606021416d6,3,1,1,1539082134279,Sports,2,0.455
m2CMHpiDQwwsCJ9f3,f6f1f84eea73a8279036d43ad8b33c74c86e4beaac08d406083be606021416d6,4,1,1,1539082134279,Sports,0,0.65
HpHhyGJihTgrcHcoH,f6f1f84eea73a8279036d43ad8b33c74c86e4beaac08d406083be606021416d6,5,1,1,1539082134279,Sports,2,0.585
H7n36YdYDAr3ju9aw,f6f1f84eea73a8279036d43ad8b33c74c86e4beaac08d406083be606021416d6,6,1,1,1539082134279,Sports,2,0.645
hPSQMKTzSQisgQxvQ,f6f1f84eea73a8279036d43ad8b33c74c86e4beaac08d406083be606021416d6,7,1,1,1539082554753,Politics,2,0.625
bLEt5uoCp4kNDmEF8,f6f1f84eea73a8279036d43ad8b33c74c86e4beaac08d406083be606021416d6,8,0,1,1539082554754,Politics,2,0.3
kbggeAnugXcuTuuud,f6f1f84eea73a8279036d43ad8b33c74c86e4beaac08d406083be606021416d6,9,0.6,1,1539082554754,Politics,0.72,0.555
uRPXM7BayxFZsfdcR,f6f1f84eea73a8279036d43ad8b33c74c86e4beaac08d406083be606021416d6,10,0.21,1,1539082554754,Politics,0.08819999999999999,0.49
oiv8SY5K9WrihE8XW,f6f1f84eea73a8279036d43ad8b33c74c86e4beaac08d406083be606021416d6,11,0,1,1539082554754,Politics,0,0.37
Hegqe77KX98uTKRfC,f6f1f84eea73a8279036d43ad8b33c74c86e4beaac08d406083be606021416d6,12,0,1,1539082554755,Politics,0,0.425
QmLWnyriAfaD4jvgt,f6f1f84eea73a8279036d43ad8b33c74c86e4beaac08d406083be606021416d6,13,1,1,1539082964717,Entertainment,2,0.625
EXGZ3ThiDzf8SmvE3,f6f1f84eea73a8279036d43ad8b33c74c86e4beaac08d406083be606021416d6,14,1,1,1539082964717,Entertainment,0,0.615
pWFYkutN7MHND49Gi,f6f1f84eea73a8279036d43ad8b33c74c86e4beaac08d406083be606021416d6,15,0,1,1539082964718,Entertainment,0,0.335
3ZYuAqNSnZCSc53Yv,f6f1f84eea73a8279036d43ad8b33c74c86e4beaac08d406083be606021416d6,16,0.68,1,1539082964718,Entertainment,0.20479999999999993,0.6
CMeknfoY9xERLzDGo,f6f1f84eea73a8279036d43ad8b33c74c86e4beaac08d406083be606021416d6,17,0.55,1,1539082964718,Entertainment,0.6050000000000001,0.595
mRSm77rrRHPiaZbBR,f6f1f84eea73a8279036d43ad8b33c74c86e4beaac08d406083be606021416d6,18,1,1,1539082964718,Entertainment,2,0.535
L6fzgvLRwDTu7bMxk,25fe18f55b441722b6f7e6ee217e5fd1da14b1f9161955a3440485b50d9eec81,7,0.43,1,1539083142759,Politics,0.36979999999999996,0.655
iFxAYbbBfkffkYPXy,25fe18f55b441722b6f7e6ee217e5fd1da14b1f9161955a3440485b50d9eec81,8,0.73,1,1539083142765,Politics,0.1458,0.54
unC7i9K8siKFSdfdY,25fe18f55b441722b6f7e6ee217e5fd1da14b1f9161955a3440485b50d9eec81,9,0.84,1,1539083142768,Politics,1.4111999999999998,0.49
N3naCwA9qa7jg5oyu,25fe18f55b441722b6f7e6ee217e5fd1da14b1f9161955a3440485b50d9eec81,10,0.74,1,1539083142772,Politics,1.0952,0.355
WmdSb87asqaL8YGds,25fe18f55b441722b6f7e6ee217e5fd1da14b1f9161955a3440485b50d9eec81,11,0.73,1,1539083142775,Politics,1.0657999999999999,0.43
p9DkekdE37EMy2PWD,25fe18f55b441722b6f7e6ee217e5fd1da14b1f9161955a3440485b50d9eec81,12,0.74,1,1539083142780,Politics,1.0952,0.4
vzcBxYkgHMDXGLN8k,25fe18f55b441722b6f7e6ee217e5fd1da14b1f9161955a3440485b50d9eec81,13,0.74,1,1539083154773,Entertainment,1.0952,0.525
7EawKPzsWKM4HL6gQ,25fe18f55b441722b6f7e6ee217e5fd1da14b1f9161955a3440485b50d9eec81,14,0.47,1,1539083154777,Entertainment,0.5618000000000001,0.625
XojNq8PTJ2JSNozdv,25fe18f55b441722b6f7e6ee217e5fd1da14b1f9161955a3440485b50d9eec81,15,0.77,1,1539083154783,Entertainment,1.1858,0.58
4J7ALKyz6ff4NcEgF,25fe18f55b441722b6f7e6ee217e5fd1da14b1f9161955a3440485b50d9eec81,16,0.22,1,1539083154789,Entertainment,1.2168,0.515
PvcqpaEgQ5zXqzu9E,25fe18f55b441722b6f7e6ee217e5fd1da14b1f9161955a3440485b50d9eec81,17,0.84,1,1539083154794,Entertainment,1.4111999999999998,0.57
tSk68pkbwJWWfMQZZ,25fe18f55b441722b6f7e6ee217e5fd1da14b1f9161955a3440485b50d9eec81,18,0.19,1,1539083154797,Entertainment,0.0722,0.44
PMGfusSWw7ge2kR85,25fe18f55b441722b6f7e6ee217e5fd1da14b1f9161955a3440485b50d9eec81,1,0.15,1,1539083251227,Sports,1.4449999999999998,0.355
jgb7ThpGCfrwBRug9,25fe18f55b441722b6f7e6ee217e5fd1da14b1f9161955a3440485b50d9eec81,2,1,1,1539083251234,Sports,2,0.62
zCLt8XwakSn756WE3,25fe18f55b441722b6f7e6ee217e5fd1da14b1f9161955a3440485b50d9eec81,3,0.65,1,1539083251239,Sports,0.8450000000000001,0.46
hP5mFA2Ni3WHD5gja,25fe18f55b441722b6f7e6ee217e5fd1da14b1f9161955a3440485b50d9eec81,4,1,1,1539083251244,Sports,0,0.65
Z8tNJmTcKEkHeCZqu,25fe18f55b441722b6f7e6ee217e5fd1da14b1f9161955a3440485b50d9eec81,5,0.07,1,1539083251251,Sports,0.009800000000000001,0.25
qz7WTqswGHtwnPY9g,25fe18f55b441722b6f7e6ee217e5fd1da14b1f9161955a3440485b50d9eec81,6,0.11,1,1539083251254,Sports,0.0242,0.395
hXz4Zww5PmymvAiSS,1930f23375338a7fe6969655ac1027e29718bb4b60218372cfed71aa23dcec61,1,0.31,1,1539083392457,Sports,0.9521999999999998,0.625
ZJ7zpFdRSzaWLYoXr,1930f23375338a7fe6969655ac1027e29718bb4b60218372cfed71aa23dcec61,2,0.73,1,1539083392457,Sports,1.0657999999999999,0.575
QoCt7SYruDfcebGmf,1930f23375338a7fe6969655ac1027e29718bb4b60218372cfed71aa23dcec61,3,0.58,1,1539083392457,Sports,0.6728,0.47
PARSjGchoLpkyaKz5,1930f23375338a7fe6969655ac1027e29718bb4b60218372cfed71aa23dcec61,4,0.63,1,1539083392459,Sports,0.2738,0.56
CZNdanz6T8HNPiSBz,1930f23375338a7fe6969655ac1027e29718bb4b60218372cfed71aa23dcec61,5,0.39,1,1539083392459,Sports,0.3042,0.625
dot29SBL53nMdoBLJ,1930f23375338a7fe6969655ac1027e29718bb4b60218372cfed71aa23dcec61,6,0.37,1,1539083392459,Sports,0.2738,0.615
XbaxMEyykEGtTY4so,1930f23375338a7fe6969655ac1027e29718bb4b60218372cfed71aa23dcec61,7,0.71,1,1539083406804,Politics,1.0082,0.575
ah7rpivpnShXkDeBP,1930f23375338a7fe6969655ac1027e29718bb4b60218372cfed71aa23dcec61,8,0.25,1,1539083406805,Politics,1.125,0.37
YjRn8N73BECenh9r3,1930f23375338a7fe6969655ac1027e29718bb4b60218372cfed71aa23dcec61,9,0.44,1,1539083406805,Politics,0.3872,0.545
KL5dmDBzDqiNyrKr6,1930f23375338a7fe6969655ac1027e29718bb4b60218372cfed71aa23dcec61,10,0.17,1,1539083406805,Politics,0.05780000000000001,0.425
SYjNmShngXEhP89Nk,1930f23375338a7fe6969655ac1027e29718bb4b60218372cfed71aa23dcec61,11,0.28,1,1539083406805,Politics,0.15680000000000002,0.42
D8EzYveoTcbCDSTFt,1930f23375338a7fe6969655ac1027e29718bb4b60218372cfed71aa23dcec61,12,0.39,1,1539083406805,Politics,0.3042,0.455
ewMhKPsGtncdk3MrL,1930f23375338a7fe6969655ac1027e29718bb4b60218372cfed71aa23dcec61,13,0.72,1,1539083622343,Entertainment,1.0368,0.465
LgrZg7edxfbf32MXP,1930f23375338a7fe6969655ac1027e29718bb4b60218372cfed71aa23dcec61,14,1,1,1539083622345,Entertainment,0,0.53
HYMKRDeag4ZmP3eF4,1930f23375338a7fe6969655ac1027e29718bb4b60218372cfed71aa23dcec61,15,0.82,1,1539083622345,Entertainment,1.3447999999999998,0.5
n7MeGNRypJQBczpKn,1930f23375338a7fe6969655ac1027e29718bb4b60218372cfed71aa23dcec61,16,0.38,1,1539083622345,Entertainment,0.7688,0.58
E7Htot63bp3zmqbph,1930f23375338a7fe6969655ac1027e29718bb4b60218372cfed71aa23dcec61,17,0.56,1,1539083622345,Entertainment,0.6272000000000001,0.525
Y4PRJhEnaHqtXroKf,1930f23375338a7fe6969655ac1027e29718bb4b60218372cfed71aa23dcec61,18,0.59,1,1539083622345,Entertainment,0.6961999999999999,0.495
NPj3vwKdDPMt2rh93,51ef4ec1fa0c61f306b97c798b6ae09f2f8e5abd472fddbfee1dc9ee559a53c7,1,0.73,1,1539085378453,Sports,0.1458,0.615
Fa84TAjgQ9bE6CuF7,51ef4ec1fa0c61f306b97c798b6ae09f2f8e5abd472fddbfee1dc9ee559a53c7,2,1,1,1539085378454,Sports,2,0.65
M2fveseKJKHBu8vgy,51ef4ec1fa0c61f306b97c798b6ae09f2f8e5abd472fddbfee1dc9ee559a53c7,3,0.16,1,1539085378456,Sports,0.0512,0.555
zZ3QHunadndRMwWpE,51ef4ec1fa0c61f306b97c798b6ae09f2f8e5abd472fddbfee1dc9ee559a53c7,4,0.89,1,1539085378457,Sports,0.024199999999999996,0.685
25277gCBfm5mymmfb,51ef4ec1fa0c61f306b97c798b6ae09f2f8e5abd472fddbfee1dc9ee559a53c7,5,0.11,1,1539085378458,Sports,0.0242,0.475
8zd3QNzRp6GJJurJH,51ef4ec1fa0c61f306b97c798b6ae09f2f8e5abd472fddbfee1dc9ee559a53c7,6,0.32,1,1539085378459,Sports,0.2048,0.69
5wR3oS5rqjGGv8d5K,51ef4ec1fa0c61f306b97c798b6ae09f2f8e5abd472fddbfee1dc9ee559a53c7,7,0.81,1,1539085398358,Politics,1.3122000000000003,0.66
nGT93Mnt4BKqCCJ4d,51ef4ec1fa0c61f306b97c798b6ae09f2f8e5abd472fddbfee1dc9ee559a53c7,8,0.21,1,1539085398359,Politics,1.2482000000000002,0.5
Ja5WaGNopMNaSgZuG,51ef4ec1fa0c61f306b97c798b6ae09f2f8e5abd472fddbfee1dc9ee559a53c7,9,0,1,1539085398360,Politics,0,0.315
Qt5asbZEwxfhQdhkB,51ef4ec1fa0c61f306b97c798b6ae09f2f8e5abd472fddbfee1dc9ee559a53c7,10,0.78,1,1539085398360,Politics,1.2168,0.405
ECiGkCPPRDDZ2HhzT,51ef4ec1fa0c61f306b97c798b6ae09f2f8e5abd472fddbfee1dc9ee559a53c7,11,0.09,1,1539085398361,Politics,0.0162,0.385
vdSrRArE49nsFZDaB,51ef4ec1fa0c61f306b97c798b6ae09f2f8e5abd472fddbfee1dc9ee559a53c7,12,0.77,1,1539085398362,Politics,1.1858,0.435
2Dz2Lx7vBYFMKCvov,51ef4ec1fa0c61f306b97c798b6ae09f2f8e5abd472fddbfee1dc9ee559a53c7,13,0.8,1,1539085427226,Entertainment,1.2800000000000002,0.6
727gEFAWnCaWhCW8E,51ef4ec1fa0c61f306b97c798b6ae09f2f8e5abd472fddbfee1dc9ee559a53c7,14,1,1,1539085427227,Entertainment,0,0.66
AnLCPqq7Pm7RKXJcZ,51ef4ec1fa0c61f306b97c798b6ae09f2f8e5abd472fddbfee1dc9ee559a53c7,15,0.91,1,1539085427227,Entertainment,1.6562000000000001,0.575
3939fGSPYqzv9fTTJ,51ef4ec1fa0c61f306b97c798b6ae09f2f8e5abd472fddbfee1dc9ee559a53c7,16,0.22,1,1539085427228,Entertainment,1.2168,0.505
4dKn3nW57KaKBJmnn,51ef4ec1fa0c61f306b97c798b6ae09f2f8e5abd472fddbfee1dc9ee559a53c7,17,0.03,1,1539085427229,Entertainment,0.0018,0.285
zErRq3qX9e3PTLJhR,51ef4ec1fa0c61f306b97c798b6ae09f2f8e5abd472fddbfee1dc9ee559a53c7,18,0.82,1,1539085427229,Entertainment,1.3447999999999998,0.585
XW9KJ7fo7qxxu3M9P,93d2a23eaab241f353c026f0f3dec3d72472ab76624c187c2b129338f0774057,1,0.32,1,1539089705308,Sports,0.9247999999999998,0.685
2eFoD79my3QxPf4tk,93d2a23eaab241f353c026f0f3dec3d72472ab76624c187c2b129338f0774057,2,0.69,1,1539089705311,Sports,0.9521999999999998,0.58
t6TRhAS6iYRjm24S8,93d2a23eaab241f353c026f0f3dec3d72472ab76624c187c2b129338f0774057,3,0.3,1,1539089705313,Sports,0.18,0.535
B7W8XL7ZJtsvHti4i,93d2a23eaab241f353c026f0f3dec3d72472ab76624c187c2b129338f0774057,4,0.63,1,1539089705314,Sports,0.2738,0.625
Q6b7XC4RkoYhugChh,93d2a23eaab241f353c026f0f3dec3d72472ab76624c187c2b129338f0774057,5,0.13,1,1539089705316,Sports,0.033800000000000004,0.38
fnAJFN29qhvTgPqaa,93d2a23eaab241f353c026f0f3dec3d72472ab76624c187c2b129338f0774057,6,0.3,1,1539089705317,Sports,0.18,0.635
Tgf6s7jgWxZraGd3E,ee611a076a7a13d584c34a042699b945ed1b1c345ae9e70e8a7847fb826a7f2b,1,0.72,1,1539096307441,Sports,0.15680000000000002,0.495
kexXDiBqXrP9fyzgk,ee611a076a7a13d584c34a042699b945ed1b1c345ae9e70e8a7847fb826a7f2b,2,0.44,1,1539096307444,Sports,0.3872,0.63
QFLaywqt2Ckq8R23W,ee611a076a7a13d584c34a042699b945ed1b1c345ae9e70e8a7847fb826a7f2b,3,0.64,1,1539096307445,Sports,0.8192,0.455
HkJb8cKLmPwioSDWb,ee611a076a7a13d584c34a042699b945ed1b1c345ae9e70e8a7847fb826a7f2b,4,0.38,1,1539096307446,Sports,0.7688,0.605
dG9PBcmv7L5bPAokL,ee611a076a7a13d584c34a042699b945ed1b1c345ae9e70e8a7847fb826a7f2b,5,0.63,1,1539096307447,Sports,0.7938000000000001,0.5
FPBFoZWxJzTKn7fhT,ee611a076a7a13d584c34a042699b945ed1b1c345ae9e70e8a7847fb826a7f2b,6,0.22,1,1539096307448,Sports,0.0968,0.405
wQjeNcQrtmBuoJceG,ee611a076a7a13d584c34a042699b945ed1b1c345ae9e70e8a7847fb826a7f2b,7,0.6,1,1539096350311,Politics,0.72,0.56
M2oo4mS53bpckq9mS,ee611a076a7a13d584c34a042699b945ed1b1c345ae9e70e8a7847fb826a7f2b,8,0.57,1,1539096350392,Politics,0.3698000000000001,0.56
hvGX64ac8FE8yzkwD,ee611a076a7a13d584c34a042699b945ed1b1c345ae9e70e8a7847fb826a7f2b,9,0.8,1,1539096350402,Politics,1.2800000000000002,0.405
p2RbgkeLPkiLaYtsk,ee611a076a7a13d584c34a042699b945ed1b1c345ae9e70e8a7847fb826a7f2b,10,0.38,1,1539096350403,Politics,0.2888,0.52
9oyEw4APHYYH8ncf2,ee611a076a7a13d584c34a042699b945ed1b1c345ae9e70e8a7847fb826a7f2b,11,0.51,1,1539096350404,Politics,0.5202,0.545
mqMajwntsorXLFP46,ee611a076a7a13d584c34a042699b945ed1b1c345ae9e70e8a7847fb826a7f2b,12,0.11,1,1539096350404,Politics,0.0242,0.465
8sWc8pG5FRxW94Yuw,ee611a076a7a13d584c34a042699b945ed1b1c345ae9e70e8a7847fb826a7f2b,13,0.92,1,1539096737346,Entertainment,1.6928,0.495
PkjH8isZX37MFiPiH,ee611a076a7a13d584c34a042699b945ed1b1c345ae9e70e8a7847fb826a7f2b,14,1,1,1539096737348,Entertainment,0,0.58
NB329ZmJwcdfosu5H,ee611a076a7a13d584c34a042699b945ed1b1c345ae9e70e8a7847fb826a7f2b,15,0.39,1,1539096737349,Entertainment,0.3042,0.555
9a5NWMM4hwYRKTY2Q,ee611a076a7a13d584c34a042699b945ed1b1c345ae9e70e8a7847fb826a7f2b,16,0.8,1,1539096737352,Entertainment,0.07999999999999996,0.575
6EFmwL3ZbkF7vpsKo,ee611a076a7a13d584c34a042699b945ed1b1c345ae9e70e8a7847fb826a7f2b,17,0.36,1,1539096737353,Entertainment,0.2592,0.6
ZwwnLY9yBBk6R5Shn,ee611a076a7a13d584c34a042699b945ed1b1c345ae9e70e8a7847fb826a7f2b,18,0.56,1,1539096737353,Entertainment,0.6272000000000001,0.545
MYkjP7zZ9gKwYtGTm,395e9b058565765488c3063bdb9a5cecc63d3eb52d59edb399aac374614c55ec,1,0.74,1,1539104528771,Sports,0.13520000000000001,0.55
xysE4x4AGDYYfWEWq,395e9b058565765488c3063bdb9a5cecc63d3eb52d59edb399aac374614c55ec,2,0.28,1,1539104528774,Sports,0.15680000000000002,0.3
s8bz64kgj4u4YZFmK,395e9b058565765488c3063bdb9a5cecc63d3eb52d59edb399aac374614c55ec,3,0.67,1,1539104528774,Sports,0.8978000000000002,0.415
C634Jvz4ZTSPbEb3m,395e9b058565765488c3063bdb9a5cecc63d3eb52d59edb399aac374614c55ec,4,0.75,1,1539104528776,Sports,0.125,0.575
TLTpmeK38AcQ8Tep5,395e9b058565765488c3063bdb9a5cecc63d3eb52d59edb399aac374614c55ec,5,0.33,1,1539104528776,Sports,0.21780000000000002,0.52
EDZpfA5HYk7awZ6SK,395e9b058565765488c3063bdb9a5cecc63d3eb52d59edb399aac374614c55ec,6,0.77,1,1539104528778,Sports,1.1858,0.55
f9f5ctxHtmYfLifyG,395e9b058565765488c3063bdb9a5cecc63d3eb52d59edb399aac374614c55ec,7,0.69,1,1539104538752,Politics,0.9521999999999998,0.545
2uAuc3iEc3m5XAP6Y,395e9b058565765488c3063bdb9a5cecc63d3eb52d59edb399aac374614c55ec,8,0.33,1,1539104538754,Politics,0.8977999999999998,0.625
g5EScTGwDMX2nnrEw,395e9b058565765488c3063bdb9a5cecc63d3eb52d59edb399aac374614c55ec,9,0.64,1,1539104538754,Politics,0.8192,0.44
st3kDK8NZx7xamrNu,395e9b058565765488c3063bdb9a5cecc63d3eb52d59edb399aac374614c55ec,10,0.61,1,1539104538755,Politics,0.7442,0.305
7pj7ZXiFzEoLHfKMs,395e9b058565765488c3063bdb9a5cecc63d3eb52d59edb399aac374614c55ec,11,0.33,1,1539104538756,Politics,0.21780000000000002,0.55
Lpsa97EopCF96b4AK,395e9b058565765488c3063bdb9a5cecc63d3eb52d59edb399aac374614c55ec,12,0.72,1,1539104538757,Politics,1.0368,0.355
eT5kPzwGLEXSisxC6,395e9b058565765488c3063bdb9a5cecc63d3eb52d59edb399aac374614c55ec,13,0.66,1,1539104549194,Entertainment,0.8712000000000001,0.54
mY9GEqkYJ5xzJdPst,395e9b058565765488c3063bdb9a5cecc63d3eb52d59edb399aac374614c55ec,14,0.28,1,1539104549195,Entertainment,1.0368,0.285
AhvoqfY6sdzQRLtc6,395e9b058565765488c3063bdb9a5cecc63d3eb52d59edb399aac374614c55ec,15,0.79,1,1539104549197,Entertainment,1.2482000000000002,0.45
Q7zMHSQrxHBEb7sHH,395e9b058565765488c3063bdb9a5cecc63d3eb52d59edb399aac374614c55ec,16,0.72,1,1539104549199,Entertainment,0.15680000000000002,0.495
P26N3ykXSxAMgrc3Z,395e9b058565765488c3063bdb9a5cecc63d3eb52d59edb399aac374614c55ec,17,0.33,1,1539104549199,Entertainment,0.21780000000000002,0.635
ghJS5Mh9iAEnTimBM,395e9b058565765488c3063bdb9a5cecc63d3eb52d59edb399aac374614c55ec,18,0.74,1,1539104549201,Entertainment,1.0952,0.44
orSpCr88o9M4TDLhj,10869b9ebb9a57bf7050f2558d621e8e26e4c41ccc01425d99f425923dffd75d,1,0.67,2,1538802159815,Sports,0.21779999999999994,0.545
vKiT6SHcSZ8aDgpSs,10869b9ebb9a57bf7050f2558d621e8e26e4c41ccc01425d99f425923dffd75d,2,0.4,2,1538802159817,Sports,0.32000000000000006,0.54
aucwqj4xBnRZHhBMZ,10869b9ebb9a57bf7050f2558d621e8e26e4c41ccc01425d99f425923dffd75d,3,0.58,2,1538802159819,Sports,0.6728,0.415
8a4ve9GmcLDgPFGNk,10869b9ebb9a57bf7050f2558d621e8e26e4c41ccc01425d99f425923dffd75d,4,0.38,2,1538802159820,Sports,0.7688,0.64
Kek3ApZZGfLNLNavK,10869b9ebb9a57bf7050f2558d621e8e26e4c41ccc01425d99f425923dffd75d,5,0.62,2,1538802159821,Sports,0.7688,0.435
sRgQgFwbSYSEqNYJm,10869b9ebb9a57bf7050f2558d621e8e26e4c41ccc01425d99f425923dffd75d,6,0.36,2,1538802159823,Sports,0.2592,0.615
e7CmAbaoAzYkn7pzJ,10869b9ebb9a57bf7050f2558d621e8e26e4c41ccc01425d99f425923dffd75d,7,0.41,2,1538802181138,Politics,0.33619999999999994,0.625
fLstaresBYQkZnd6F,10869b9ebb9a57bf7050f2558d621e8e26e4c41ccc01425d99f425923dffd75d,8,0.6,2,1538802181140,Politics,0.32000000000000006,0.525
nyHS8648m5yv8YtPG,10869b9ebb9a57bf7050f2558d621e8e26e4c41ccc01425d99f425923dffd75d,9,0.35,2,1538802181140,Politics,0.24499999999999997,0.59
SgMtdiwTKMdki9rSJ,10869b9ebb9a57bf7050f2558d621e8e26e4c41ccc01425d99f425923dffd75d,10,0.34,2,1538802181141,Politics,0.23120000000000004,0.445
xQhfTHttzFudASqFC,10869b9ebb9a57bf7050f2558d621e8e26e4c41ccc01425d99f425923dffd75d,11,0.58,2,1538802181143,Politics,0.6728,0.43
72nAPnGZ49yTK4Ecj,10869b9ebb9a57bf7050f2558d621e8e26e4c41ccc01425d99f425923dffd75d,12,0.8,2,1538802181143,Politics,1.2800000000000002,0.28
Wk9bAqL7q9yfKSfvZ,9643b080c1dc07ffb585048de22f43246f2ba85c0903e3391c48d96ce240e867,1,0.92,2,1538802183759,Sports,0.012799999999999987,0.565
vcEstT8mm6puW6yWY,9643b080c1dc07ffb585048de22f43246f2ba85c0903e3391c48d96ce240e867,2,1,2,1538802183762,Sports,2,0.555
8qP5HGY7jRcT7Aa3N,9643b080c1dc07ffb585048de22f43246f2ba85c0903e3391c48d96ce240e867,3,1,2,1538802183762,Sports,2,0.435
4i8rGnuWYnhBvyJcJ,9643b080c1dc07ffb585048de22f43246f2ba85c0903e3391c48d96ce240e867,4,0.83,2,1538802183762,Sports,0.057800000000000025,0.56
KNfeYtqAhjm5EAmhA,9643b080c1dc07ffb585048de22f43246f2ba85c0903e3391c48d96ce240e867,5,0.76,2,1538802183763,Sports,1.1552,0.53
bZC6xwZgQeknW3ncM,9643b080c1dc07ffb585048de22f43246f2ba85c0903e3391c48d96ce240e867,6,0.67,2,1538802183765,Sports,0.8978000000000002,0.485
cXZYqCY6MRyo5WMvw,10869b9ebb9a57bf7050f2558d621e8e26e4c41ccc01425d99f425923dffd75d,13,0.66,2,1538802197675,Entertainment,0.8712000000000001,0.54
NXjyDGBtZ2scaLk3h,10869b9ebb9a57bf7050f2558d621e8e26e4c41ccc01425d99f425923dffd75d,14,0.65,2,1538802197677,Entertainment,0.24499999999999997,0.535
5foF3JBTqryCek8o3,10869b9ebb9a57bf7050f2558d621e8e26e4c41ccc01425d99f425923dffd75d,15,0.65,2,1538802197677,Entertainment,0.8450000000000001,0.525
RPWPSGjwK8mC5DWZZ,10869b9ebb9a57bf7050f2558d621e8e26e4c41ccc01425d99f425923dffd75d,16,0.83,2,1538802197682,Entertainment,0.057800000000000025,0.485
Q3CeW47vva9WJvt35,10869b9ebb9a57bf7050f2558d621e8e26e4c41ccc01425d99f425923dffd75d,17,0.4,2,1538802197683,Entertainment,0.32000000000000006,0.47
HH66Lt3c5Rqm8yNZL,10869b9ebb9a57bf7050f2558d621e8e26e4c41ccc01425d99f425923dffd75d,18,0.68,2,1538802197684,Entertainment,0.9248000000000002,0.43
tBXaCoQMmhNtxAMJF,9643b080c1dc07ffb585048de22f43246f2ba85c0903e3391c48d96ce240e867,7,0.31,2,1538802202808,Politics,0.1922,0.605
MKMmSjndfB6uW9KgD,9643b080c1dc07ffb585048de22f43246f2ba85c0903e3391c48d96ce240e867,8,0.86,2,1538802202809,Politics,0.039200000000000006,0.565
LfK3h334jxpdyCfyE,9643b080c1dc07ffb585048de22f43246f2ba85c0903e3391c48d96ce240e867,9,0.83,2,1538802202809,Politics,1.3778,0.455
5RYu5xjntKrXMEszd,9643b080c1dc07ffb585048de22f43246f2ba85c0903e3391c48d96ce240e867,10,0.82,2,1538802202809,Politics,1.3447999999999998,0.39
TAAvsJkdrtZJBqiQf,9643b080c1dc07ffb585048de22f43246f2ba85c0903e3391c48d96ce240e867,11,1,2,1538802202811,Politics,2,0.34
ee4yqBvNiaNsqY2LS,9643b080c1dc07ffb585048de22f43246f2ba85c0903e3391c48d96ce240e867,12,0.81,2,1538802202811,Politics,1.3122000000000003,0.285
X2kNnBjTMCQJWcKHT,9643b080c1dc07ffb585048de22f43246f2ba85c0903e3391c48d96ce240e867,13,0.91,2,1538802220503,Entertainment,1.6562000000000001,0.55
LXGbnrNHmuCkf84DZ,9643b080c1dc07ffb585048de22f43246f2ba85c0903e3391c48d96ce240e867,14,0.9,2,1538802220503,Entertainment,0.01999999999999999,0.555
XbJyHc8oFhejaw9zx,9643b080c1dc07ffb585048de22f43246f2ba85c0903e3391c48d96ce240e867,15,1,2,1538802220505,Entertainment,2,0.545
RHAxGctbvsojPiuDK,9643b080c1dc07ffb585048de22f43246f2ba85c0903e3391c48d96ce240e867,16,0.81,2,1538802220505,Entertainment,0.07219999999999996,0.515
BwqjdEsxuzav8eFoa,9643b080c1dc07ffb585048de22f43246f2ba85c0903e3391c48d96ce240e867,17,0.95,2,1538802220506,Entertainment,1.805,0.515
mGKCXQJRtJCkapA9v,9643b080c1dc07ffb585048de22f43246f2ba85c0903e3391c48d96ce240e867,18,0.83,2,1538802220506,Entertainment,1.3778,0.465
3QqgwvBa7w3gDBG63,cd39faa5ca9b2c8e3418001e619f1b5b6ba83686204e08c9c8a2cd312b79c5a6,1,1,2,1538802312905,Sports,0,0.565
CqAB27dJHkCp5pRSt,cd39faa5ca9b2c8e3418001e619f1b5b6ba83686204e08c9c8a2cd312b79c5a6,2,1,2,1538802312906,Sports,2,0.58
S3bD3o3QbqK6E7Pwa,cd39faa5ca9b2c8e3418001e619f1b5b6ba83686204e08c9c8a2cd312b79c5a6,3,0.81,2,1538802312907,Sports,1.3122000000000003,0.455
4fLSwcAbdEH895AcG,cd39faa5ca9b2c8e3418001e619f1b5b6ba83686204e08c9c8a2cd312b79c5a6,4,0.78,2,1538802312907,Sports,0.09679999999999998,0.605
Lz5MWKMMrHrt5ERnX,cd39faa5ca9b2c8e3418001e619f1b5b6ba83686204e08c9c8a2cd312b79c5a6,5,0.86,2,1538802312907,Sports,1.4791999999999998,0.485
MJraZE9RXfoPp5E8u,cd39faa5ca9b2c8e3418001e619f1b5b6ba83686204e08c9c8a2cd312b79c5a6,6,0.76,2,1538802312909,Sports,1.1552,0.445
c5W3DWgbLS4BiMTDc,cd39faa5ca9b2c8e3418001e619f1b5b6ba83686204e08c9c8a2cd312b79c5a6,7,0.86,2,1538802321904,Politics,1.4791999999999998,0.6
QzMJmKnstz2muLSWF,cd39faa5ca9b2c8e3418001e619f1b5b6ba83686204e08c9c8a2cd312b79c5a6,8,0.81,2,1538802321904,Politics,0.07219999999999996,0.505
3pw8th2o5Tm72beEP,cd39faa5ca9b2c8e3418001e619f1b5b6ba83686204e08c9c8a2cd312b79c5a6,9,0.74,2,1538802321905,Politics,1.0952,0.475
vPeLC5EDRig5gf28A,cd39faa5ca9b2c8e3418001e619f1b5b6ba83686204e08c9c8a2cd312b79c5a6,10,0.66,2,1538802321907,Politics,0.8712000000000001,0.34
H5rvXJ9pAseTtRMPB,cd39faa5ca9b2c8e3418001e619f1b5b6ba83686204e08c9c8a2cd312b79c5a6,11,0.77,2,1538802321907,Politics,1.1858,0.395
HXBNZr42yxJ86ZaS9,cd39faa5ca9b2c8e3418001e619f1b5b6ba83686204e08c9c8a2cd312b79c5a6,12,0.72,2,1538802321907,Politics,1.0368,0.37
4f4cMP25sygZgqmEw,cd39faa5ca9b2c8e3418001e619f1b5b6ba83686204e08c9c8a2cd312b79c5a6,13,0.8,2,1538802354904,Entertainment,1.2800000000000002,0.5
JnQF5tXQiLaW9AP4r,cd39faa5ca9b2c8e3418001e619f1b5b6ba83686204e08c9c8a2cd312b79c5a6,14,0.83,2,1538802354905,Entertainment,0.057800000000000025,0.58
qyc6pCzYZQjyb9xaL,cd39faa5ca9b2c8e3418001e619f1b5b6ba83686204e08c9c8a2cd312b79c5a6,15,1,2,1538802354905,Entertainment,2,0.515
GWRB55cJjgrXnBuWJ,cd39faa5ca9b2c8e3418001e619f1b5b6ba83686204e08c9c8a2cd312b79c5a6,16,0.69,2,1538802354906,Entertainment,0.19220000000000007,0.5
GxHGfNu4cghtFTQHC,cd39faa5ca9b2c8e3418001e619f1b5b6ba83686204e08c9c8a2cd312b79c5a6,17,0.73,2,1538802354907,Entertainment,1.0657999999999999,0.54
phq7ZSTK8cGpYFwv2,cd39faa5ca9b2c8e3418001e619f1b5b6ba83686204e08c9c8a2cd312b79c5a6,18,0.68,2,1538802354907,Entertainment,0.9248000000000002,0.445
ojCox9HtzvbGqzh8K,f6bf009d66b6098d5d641e96b991cb7010b0ca51f38aa90c9974f19e6a33f869,1,0.61,2,1538802459702,Sports,0.3042,0.475
fQx5CpgPZAYgDxnqj,f6bf009d66b6098d5d641e96b991cb7010b0ca51f38aa90c9974f19e6a33f869,2,0.37,2,1538802459702,Sports,0.2738,0.665
QW6LBPM3iF47fDzJS,f6bf009d66b6098d5d641e96b991cb7010b0ca51f38aa90c9974f19e6a33f869,3,0.17,2,1538802459703,Sports,0.05780000000000001,0.415
Ziaw8EZd7b398ApLY,f6bf009d66b6098d5d641e96b991cb7010b0ca51f38aa90c9974f19e6a33f869,4,0.64,2,1538802459703,Sports,0.2592,0.625
oiZSyaXYJJbfCTTwW,f6bf009d66b6098d5d641e96b991cb7010b0ca51f38aa90c9974f19e6a33f869,5,0.63,2,1538802459703,Sports,0.7938000000000001,0.51
7i7XuRgviPwEYLCJx,f6bf009d66b6098d5d641e96b991cb7010b0ca51f38aa90c9974f19e6a33f869,6,0.46,2,1538802459704,Sports,0.4232,0.505
YmyPfqDMyGs7aRHW9,f6bf009d66b6098d5d641e96b991cb7010b0ca51f38aa90c9974f19e6a33f869,7,0.56,2,1538802494991,Politics,0.6272000000000001,0.665
D9q2sH2WP3FCg6iFn,f6bf009d66b6098d5d641e96b991cb7010b0ca51f38aa90c9974f19e6a33f869,8,0.62,2,1538802494992,Politics,0.2888,0.56
t5ytPwYxEEppynJ74,f6bf009d66b6098d5d641e96b991cb7010b0ca51f38aa90c9974f19e6a33f869,9,0.28,2,1538802494992,Politics,0.15680000000000002,0.49
JDTDA7RaZ3JxxNtRB,f6bf009d66b6098d5d641e96b991cb7010b0ca51f38aa90c9974f19e6a33f869,10,0.21,2,1538802494993,Politics,0.08819999999999999,0.455
n2HjRGYpxskERgW48,f6bf009d66b6098d5d641e96b991cb7010b0ca51f38aa90c9974f19e6a33f869,11,0.11,2,1538802494994,Politics,0.0242,0.455
3XBFq8NsvfJXFDdEj,f6bf009d66b6098d5d641e96b991cb7010b0ca51f38aa90c9974f19e6a33f869,12,0.18,2,1538802494995,Politics,0.0648,0.555
PdWscsJtuGZP5ZznT,f6bf009d66b6098d5d641e96b991cb7010b0ca51f38aa90c9974f19e6a33f869,13,0.61,2,1538802522647,Entertainment,0.7442,0.565
MnNa3FMxkGLrbjw7i,f6bf009d66b6098d5d641e96b991cb7010b0ca51f38aa90c9974f19e6a33f869,14,0.42,2,1538802522647,Entertainment,0.6728000000000002,0.6
j57LPmjkL7buBGfDd,f6bf009d66b6098d5d641e96b991cb7010b0ca51f38aa90c9974f19e6a33f869,15,0.58,2,1538802522648,Entertainment,0.6728,0.635
QAmX75yP2WpWsGpmG,f6bf009d66b6098d5d641e96b991cb7010b0ca51f38aa90c9974f19e6a33f869,16,0.55,2,1538802522648,Entertainment,0.4049999999999999,0.595
dYws2do4tnF7dvi3k,f6bf009d66b6098d5d641e96b991cb7010b0ca51f38aa90c9974f19e6a33f869,17,0.67,2,1538802522648,Entertainment,0.8978000000000002,0.54
P9CCPTzAYJ3LBevYS,f6bf009d66b6098d5d641e96b991cb7010b0ca51f38aa90c9974f19e6a33f869,18,0.2,2,1538802522649,Entertainment,0.08000000000000002,0.425
gSZpD77XyESWNh95z,e2b4363274f8a6df87c333b72bdd43096a2ff52957a5c12c7bf836a70bb1ee39,1,0.11,2,1538802580581,Sports,1.5842,0.305
ifjeh4zwJNXk7pp3v,e2b4363274f8a6df87c333b72bdd43096a2ff52957a5c12c7bf836a70bb1ee39,2,0.5,2,1538802580582,Sports,0.5,0.615
MWE9wyK2iWn2wcHBW,e2b4363274f8a6df87c333b72bdd43096a2ff52957a5c12c7bf836a70bb1ee39,3,0.72,2,1538802580583,Sports,1.0368,0.48
8C39uMREJtzSudNac,e2b4363274f8a6df87c333b72bdd43096a2ff52957a5c12c7bf836a70bb1ee39,4,0.5,2,1538802580583,Sports,0.5,0.63
CJSQJDvACE3PEaHiw,e2b4363274f8a6df87c333b72bdd43096a2ff52957a5c12c7bf836a70bb1ee39,5,0.5,2,1538802580584,Sports,0.5,0.595
DdjBup2ee4G8yaq9g,e2b4363274f8a6df87c333b72bdd43096a2ff52957a5c12c7bf836a70bb1ee39,6,0.5,2,1538802580584,Sports,0.5,0.59
whCpDchERTkuDkJvh,5246c4971e48ca0dbbb5ec15a97d7c02a42041f285bd7ffe3ca56f66521950a7,1,0.8,2,1538802590813,Sports,0.07999999999999996,0.55
Cno76GckfEr3YY28e,5246c4971e48ca0dbbb5ec15a97d7c02a42041f285bd7ffe3ca56f66521950a7,2,0.21,2,1538802590824,Sports,0.08819999999999999,0.375
JCb9bdauS2hxLWnWi,5246c4971e48ca0dbbb5ec15a97d7c02a42041f285bd7ffe3ca56f66521950a7,3,0.37,2,1538802590825,Sports,0.2738,0.59
CCxyJE8w4n58naTZP,5246c4971e48ca0dbbb5ec15a97d7c02a42041f285bd7ffe3ca56f66521950a7,4,0.82,2,1538802590827,Sports,0.06480000000000004,0.61
pgjs4YY4DBy5PteSu,5246c4971e48ca0dbbb5ec15a97d7c02a42041f285bd7ffe3ca56f66521950a7,5,0.77,2,1538802590828,Sports,1.1858,0.515
acoDNW6SMjFFPozZr,5246c4971e48ca0dbbb5ec15a97d7c02a42041f285bd7ffe3ca56f66521950a7,6,0.35,2,1538802590829,Sports,0.24499999999999997,0.605
PdnB4L5QweDFmBozR,e2b4363274f8a6df87c333b72bdd43096a2ff52957a5c12c7bf836a70bb1ee39,7,0.22,2,1538802637805,Politics,0.0968,0.345
qAQdDQ69ydFXsKe3n,e2b4363274f8a6df87c333b72bdd43096a2ff52957a5c12c7bf836a70bb1ee39,8,0.64,2,1538802637806,Politics,0.2592,0.68
7GEsBWJFGRyi7B2Na,e2b4363274f8a6df87c333b72bdd43096a2ff52957a5c12c7bf836a70bb1ee39,9,0.64,2,1538802637806,Politics,0.8192,0.565
ynECGFRm5h7cP95u7,e2b4363274f8a6df87c333b72bdd43096a2ff52957a5c12c7bf836a70bb1ee39,10,0.05,2,1538802637806,Politics,0.005000000000000001,0.38
ttB9zABXjgQgRyqcE,e2b4363274f8a6df87c333b72bdd43096a2ff52957a5c12c7bf836a70bb1ee39,11,0.1,2,1538802637807,Politics,0.020000000000000004,0.54
Y8Z7h9osxYuKevDbX,e2b4363274f8a6df87c333b72bdd43096a2ff52957a5c12c7bf836a70bb1ee39,12,0.2,2,1538802637808,Politics,0.08000000000000002,0.455
XDyhpW4hxPPJi2W5Y,5246c4971e48ca0dbbb5ec15a97d7c02a42041f285bd7ffe3ca56f66521950a7,7,0.27,2,1538802652768,Politics,0.1458,0.31
sainJpPt6u7zxwYpv,5246c4971e48ca0dbbb5ec15a97d7c02a42041f285bd7ffe3ca56f66521950a7,8,0.67,2,1538802652776,Politics,0.21779999999999994,0.565
sBHpeENkBcKZrdmzS,5246c4971e48ca0dbbb5ec15a97d7c02a42041f285bd7ffe3ca56f66521950a7,9,0.16,2,1538802652776,Politics,0.0512,0.365
cSAuNfECnpaEA5e6s,5246c4971e48ca0dbbb5ec15a97d7c02a42041f285bd7ffe3ca56f66521950a7,10,0.77,2,1538802652777,Politics,1.1858,0.385
dTMCLbm2v2xNDne2T,5246c4971e48ca0dbbb5ec15a97d7c02a42041f285bd7ffe3ca56f66521950a7,11,0.31,2,1538802652778,Politics,0.1922,0.58
Y7qYqJzDk8fQBAdgE,5246c4971e48ca0dbbb5ec15a97d7c02a42041f285bd7ffe3ca56f66521950a7,12,0.54,2,1538802652778,Politics,0.5832,0.535
q2fbJarYwMCoC3Gig,e2b4363274f8a6df87c333b72bdd43096a2ff52957a5c12c7bf836a70bb1ee39,13,0.38,2,1538802688029,Entertainment,0.2888,0.685
kw7CKSCNHESiJZPxR,e2b4363274f8a6df87c333b72bdd43096a2ff52957a5c12c7bf836a70bb1ee39,14,0.7,2,1538802688030,Entertainment,0.18000000000000005,0.625
xgaFkbbv4eqGRiXPc,e2b4363274f8a6df87c333b72bdd43096a2ff52957a5c12c7bf836a70bb1ee39,15,0.11,2,1538802688031,Entertainment,0.0242,0.405
Ww5jjRDZ2oCdRw62B,e2b4363274f8a6df87c333b72bdd43096a2ff52957a5c12c7bf836a70bb1ee39,16,0.5,2,1538802688031,Entertainment,0.5,0.615
wSAHrH9jnAuMxAmKZ,e2b4363274f8a6df87c333b72bdd43096a2ff52957a5c12c7bf836a70bb1ee39,17,0.71,2,1538802688032,Entertainment,1.0082,0.565
LCi3zrw6iNcS63nX2,e2b4363274f8a6df87c333b72bdd43096a2ff52957a5c12c7bf836a70bb1ee39,18,0.17,2,1538802688032,Entertainment,0.05780000000000001,0.425
yrpvDYN7sJG8ETEdz,ee15c21624f68679c3d4edb6d082f06abd67ffc037c8a75588b82bf5ddf417f8,1,0.7,2,1538802687325,Sports,0.18000000000000005,0.565
rwpxh9AYgB8cje9xx,ee15c21624f68679c3d4edb6d082f06abd67ffc037c8a75588b82bf5ddf417f8,2,0.7,2,1538802687327,Sports,0.9799999999999999,0.57
ZsFX2N4yimiDAyWtN,ee15c21624f68679c3d4edb6d082f06abd67ffc037c8a75588b82bf5ddf417f8,3,0.43,2,1538802687328,Sports,0.36979999999999996,0.575
EqdEhjYK2uhLiZmiT,ee15c21624f68679c3d4edb6d082f06abd67ffc037c8a75588b82bf5ddf417f8,4,0.29,2,1538802687328,Sports,1.0082,0.365
oRBkuNiQWyavYGydW,ee15c21624f68679c3d4edb6d082f06abd67ffc037c8a75588b82bf5ddf417f8,5,0.51,2,1538802687329,Sports,0.5202,0.58
Sg2Pz5T9SdeSZLJXG,ee15c21624f68679c3d4edb6d082f06abd67ffc037c8a75588b82bf5ddf417f8,6,0.37,2,1538802687330,Sports,0.2738,0.58
njbFBEPqS364Gp8q6,ee15c21624f68679c3d4edb6d082f06abd67ffc037c8a75588b82bf5ddf417f8,7,0.68,2,1538802749974,Politics,0.9248000000000002,0.595
x3K6irQWnYgYGcK8t,ee15c21624f68679c3d4edb6d082f06abd67ffc037c8a75588b82bf5ddf417f8,8,0.48,2,1538802749975,Politics,0.5408000000000001,0.6
ex6fyAYqmJEDmT538,ee15c21624f68679c3d4edb6d082f06abd67ffc037c8a75588b82bf5ddf417f8,9,0.67,2,1538802749976,Politics,0.8978000000000002,0.54
PJMuYdzbqemg4YPcW,ee15c21624f68679c3d4edb6d082f06abd67ffc037c8a75588b82bf5ddf417f8,10,0.13,2,1538802749976,Politics,0.033800000000000004,0.45
Qxv7Fv9dQbGT7Do65,ee15c21624f68679c3d4edb6d082f06abd67ffc037c8a75588b82bf5ddf417f8,11,0.29,2,1538802749979,Politics,0.1682,0.465
SYQJie3jjsii8JegH,ee15c21624f68679c3d4edb6d082f06abd67ffc037c8a75588b82bf5ddf417f8,12,0.13,2,1538802749980,Politics,0.033800000000000004,0.535
FCmm2nPSaWL9B9uhT,5246c4971e48ca0dbbb5ec15a97d7c02a42041f285bd7ffe3ca56f66521950a7,13,0.31,2,1538802754869,Entertainment,0.1922,0.6
h7v6majWoNDhjLKus,5246c4971e48ca0dbbb5ec15a97d7c02a42041f285bd7ffe3ca56f66521950a7,14,0.69,2,1538802754884,Entertainment,0.19220000000000007,0.585
jvWFxSoep6KK9N9Gz,5246c4971e48ca0dbbb5ec15a97d7c02a42041f285bd7ffe3ca56f66521950a7,15,0.24,2,1538802754886,Entertainment,0.1152,0.405
WBDH4uK34gWqdDYFm,5246c4971e48ca0dbbb5ec15a97d7c02a42041f285bd7ffe3ca56f66521950a7,16,0.36,2,1538802754888,Entertainment,0.8192,0.64
73uvdxgrioygB8Svh,5246c4971e48ca0dbbb5ec15a97d7c02a42041f285bd7ffe3ca56f66521950a7,17,0.29,2,1538802754889,Entertainment,0.1682,0.39
y5Q8se9JpBLAS96Bj,5246c4971e48ca0dbbb5ec15a97d7c02a42041f285bd7ffe3ca56f66521950a7,18,0.71,2,1538802754890,Entertainment,1.0082,0.475
ExoMjcYkTwNCNw9m4,ee15c21624f68679c3d4edb6d082f06abd67ffc037c8a75588b82bf5ddf417f8,13,0.4,2,1538802808384,Entertainment,0.32000000000000006,0.615
nm6hW9Bxt8o9tWpRW,ee15c21624f68679c3d4edb6d082f06abd67ffc037c8a75588b82bf5ddf417f8,14,0.4,2,1538802808384,Entertainment,0.72,0.61
ENu4hEvjbyk7XgSrk,ee15c21624f68679c3d4edb6d082f06abd67ffc037c8a75588b82bf5ddf417f8,15,0.57,2,1538802808385,Entertainment,0.6497999999999999,0.55
8WBPTA2tG65R3J3Ym,ee15c21624f68679c3d4edb6d082f06abd67ffc037c8a75588b82bf5ddf417f8,16,0.69,2,1538802808386,Entertainment,0.19220000000000007,0.495
9TdWBgno8odPEHvBx,ee15c21624f68679c3d4edb6d082f06abd67ffc037c8a75588b82bf5ddf417f8,17,0.5,2,1538802808386,Entertainment,0.5,0.57
PmJfCM455pwue5gL5,ee15c21624f68679c3d4edb6d082f06abd67ffc037c8a75588b82bf5ddf417f8,18,0.26,2,1538802808386,Entertainment,0.13520000000000001,0.395
TwTpkd4T7hm3FJnsC,507ab6b130eda5e06f7a5b834cbeb120f1d4c3acb95914412d00a1563bdc8817,1,0.68,2,1538802935837,Sports,0.20479999999999993,0.655
KYz6aWkdaCJ3mZ7M4,507ab6b130eda5e06f7a5b834cbeb120f1d4c3acb95914412d00a1563bdc8817,2,0.33,2,1538802935837,Sports,0.21780000000000002,0.67
EzczpMvNvngmy8u6d,507ab6b130eda5e06f7a5b834cbeb120f1d4c3acb95914412d00a1563bdc8817,3,0.29,2,1538802935837,Sports,0.1682,0.465
YBSFQeKTKzGrA5wjo,507ab6b130eda5e06f7a5b834cbeb120f1d4c3acb95914412d00a1563bdc8817,4,0.38,2,1538802935838,Sports,0.7688,0.71
x9CPoqwSbdeZf4RHa,507ab6b130eda5e06f7a5b834cbeb120f1d4c3acb95914412d00a1563bdc8817,5,0.71,2,1538802935838,Sports,1.0082,0.56
tonaxMDdd9WZQLCBT,507ab6b130eda5e06f7a5b834cbeb120f1d4c3acb95914412d00a1563bdc8817,6,0.79,2,1538802935838,Sports,1.2482000000000002,0.545
YJ59bPhHmSWiTPTxr,783e55c2a18bc3660ed7acaabc57d63cfd973308c83b3d2ca78e4cc8894ce7dc,1,0.85,2,1538803043973,Sports,0.04500000000000001,0.585
NCuY2C3BcDwo7HWM2,783e55c2a18bc3660ed7acaabc57d63cfd973308c83b3d2ca78e4cc8894ce7dc,2,0.26,2,1538803043973,Sports,0.13520000000000001,0.46
Kq2HkkvCyNHC6qc2f,783e55c2a18bc3660ed7acaabc57d63cfd973308c83b3d2ca78e4cc8894ce7dc,3,0.04,2,1538803043973,Sports,0.0032,0.345
yJo6ncrNpTE6apBs5,783e55c2a18bc3660ed7acaabc57d63cfd973308c83b3d2ca78e4cc8894ce7dc,4,0.81,2,1538803043973,Sports,0.07219999999999996,0.64
rSLnJSrsuRDFq2B9F,783e55c2a18bc3660ed7acaabc57d63cfd973308c83b3d2ca78e4cc8894ce7dc,5,0.16,2,1538803043973,Sports,0.0512,0.52
tbaGTcQK5EadhC6EH,783e55c2a18bc3660ed7acaabc57d63cfd973308c83b3d2ca78e4cc8894ce7dc,6,0.09,2,1538803043974,Sports,0.0162,0.33
nJrFahh9vMBJQYeis,783e55c2a18bc3660ed7acaabc57d63cfd973308c83b3d2ca78e4cc8894ce7dc,7,0.82,2,1538803073493,Politics,1.3447999999999998,0.61
NzLfckdi4nkdRN4Bf,783e55c2a18bc3660ed7acaabc57d63cfd973308c83b3d2ca78e4cc8894ce7dc,8,0.17,2,1538803073494,Politics,1.3778,0.335
kMhoyMTCrmqr7k5of,783e55c2a18bc3660ed7acaabc57d63cfd973308c83b3d2ca78e4cc8894ce7dc,9,0.24,2,1538803073494,Politics,0.1152,0.485
nff6NMttyb3PR8Fd5,783e55c2a18bc3660ed7acaabc57d63cfd973308c83b3d2ca78e4cc8894ce7dc,10,0.83,2,1538803073494,Politics,1.3778,0.435
8jJyeRrCXiFvmrQEK,783e55c2a18bc3660ed7acaabc57d63cfd973308c83b3d2ca78e4cc8894ce7dc,11,0.78,2,1538803073494,Politics,1.2168,0.46
WMRdaDTTRCHFpMMKF,783e55c2a18bc3660ed7acaabc57d63cfd973308c83b3d2ca78e4cc8894ce7dc,12,0.15,2,1538803073494,Politics,0.045,0.59
749k9q76Y6RvedBum,783e55c2a18bc3660ed7acaabc57d63cfd973308c83b3d2ca78e4cc8894ce7dc,13,0.87,2,1538803107480,Entertainment,1.5138,0.645
6JtZZ5FAEgdGy3fBL,783e55c2a18bc3660ed7acaabc57d63cfd973308c83b3d2ca78e4cc8894ce7dc,14,0.82,2,1538803107481,Entertainment,0.06480000000000004,0.615
Q3usk8FBgkXn5XSQn,783e55c2a18bc3660ed7acaabc57d63cfd973308c83b3d2ca78e4cc8894ce7dc,15,0.66,2,1538803107481,Entertainment,0.8712000000000001,0.625
zpmXsHT7zrcPx29tR,783e55c2a18bc3660ed7acaabc57d63cfd973308c83b3d2ca78e4cc8894ce7dc,16,0.22,2,1538803107481,Entertainment,1.2168,0.46
AoijxPWKfx6RF6bvA,783e55c2a18bc3660ed7acaabc57d63cfd973308c83b3d2ca78e4cc8894ce7dc,17,0.81,2,1538803107481,Entertainment,1.3122000000000003,0.565
Kb5pEDqH2HyfnckFy,783e55c2a18bc3660ed7acaabc57d63cfd973308c83b3d2ca78e4cc8894ce7dc,18,0.36,2,1538803107482,Entertainment,0.2592,0.67
FNGfSM4vCTf94uKwa,507ab6b130eda5e06f7a5b834cbeb120f1d4c3acb95914412d00a1563bdc8817,7,0.83,2,1538803281972,Politics,1.3778,0.655
uWhpcfuwYhtKx5PNw,507ab6b130eda5e06f7a5b834cbeb120f1d4c3acb95914412d00a1563bdc8817,8,0.91,2,1538803281973,Politics,0.01619999999999999,0.705
sahiMvJQJKKjFjE78,507ab6b130eda5e06f7a5b834cbeb120f1d4c3acb95914412d00a1563bdc8817,9,0.98,2,1538803281973,Politics,1.9207999999999998,0.605
4cmy3RFMxjr3CtKMo,507ab6b130eda5e06f7a5b834cbeb120f1d4c3acb95914412d00a1563bdc8817,10,0.02,2,1538803281973,Politics,8e-4,0.49
GAuHnn2R8XrsPDfLc,507ab6b130eda5e06f7a5b834cbeb120f1d4c3acb95914412d00a1563bdc8817,11,0.1,2,1538803281973,Politics,0.020000000000000004,0.565
B3CSuggEK2LjmyAtu,507ab6b130eda5e06f7a5b834cbeb120f1d4c3acb95914412d00a1563bdc8817,12,0.05,2,1538803281974,Politics,0.005000000000000001,0.425
TDQ8ZfDxdeXTYJECu,0838abbf8685da60b19d3fb5da56ddc35e6bd98a608759f45e9874cbd2e2a9d3,1,0.5,2,1538803312060,Sports,0.5,0.555
Mvbu2dT4fuu95YsaA,0838abbf8685da60b19d3fb5da56ddc35e6bd98a608759f45e9874cbd2e2a9d3,2,0.7,2,1538803312063,Sports,0.9799999999999999,0.59
KodqxrCukyGEYhffH,0838abbf8685da60b19d3fb5da56ddc35e6bd98a608759f45e9874cbd2e2a9d3,3,0.25,2,1538803312066,Sports,0.125,0.44
hPAndbfmft8iQ3zdK,0838abbf8685da60b19d3fb5da56ddc35e6bd98a608759f45e9874cbd2e2a9d3,4,0.35,2,1538803312067,Sports,0.8450000000000001,0.685
mLrSngW2jKh62qutm,0838abbf8685da60b19d3fb5da56ddc35e6bd98a608759f45e9874cbd2e2a9d3,5,0.65,2,1538803312069,Sports,0.8450000000000001,0.53
Q8CCFfR5Fz8PrK8Fo,0838abbf8685da60b19d3fb5da56ddc35e6bd98a608759f45e9874cbd2e2a9d3,6,0.52,2,1538803312070,Sports,0.5408000000000001,0.52
oXpTcws6aaZ45TekZ,3c0277ee6ee4952fb69b1b2d825188d4aa1811fd2ba39bc65391d2848dea1423,1,0.14,2,1538803338348,Sports,1.4791999999999998,0.22
7CQTETYMft33Z8YRo,3c0277ee6ee4952fb69b1b2d825188d4aa1811fd2ba39bc65391d2848dea1423,2,0.44,2,1538803338351,Sports,0.3872,0.61
y8TqykipTMgTacTkc,3c0277ee6ee4952fb69b1b2d825188d4aa1811fd2ba39bc65391d2848dea1423,3,0.31,2,1538803338352,Sports,0.1922,0.48
Zr6SeAK4s7vvhsQjD,3c0277ee6ee4952fb69b1b2d825188d4aa1811fd2ba39bc65391d2848dea1423,4,0.33,2,1538803338354,Sports,0.8977999999999998,0.635
iEb58JNSaZPJGhiyY,3c0277ee6ee4952fb69b1b2d825188d4aa1811fd2ba39bc65391d2848dea1423,5,0.25,2,1538803338355,Sports,0.125,0.44
KoMqFe3MWGdsD82sL,3c0277ee6ee4952fb69b1b2d825188d4aa1811fd2ba39bc65391d2848dea1423,6,0.35,2,1538803338355,Sports,0.24499999999999997,0.6
2YxibcNYSoszWoSME,0838abbf8685da60b19d3fb5da56ddc35e6bd98a608759f45e9874cbd2e2a9d3,7,0.9,2,1538803358308,Politics,1.62,0.605
RuPXZ3RbaiE8N48tb,0838abbf8685da60b19d3fb5da56ddc35e6bd98a608759f45e9874cbd2e2a9d3,8,0.4,2,1538803358310,Politics,0.72,0.56
Zsm6eeRacsQpkbXsQ,0838abbf8685da60b19d3fb5da56ddc35e6bd98a608759f45e9874cbd2e2a9d3,9,0.33,2,1538803358313,Politics,0.21780000000000002,0.605
BkBHG2KSkN86GMPhu,0838abbf8685da60b19d3fb5da56ddc35e6bd98a608759f45e9874cbd2e2a9d3,10,0.1,2,1538803358316,Politics,0.020000000000000004,0.415
fekFvcvEzRxGQ7rwF,0838abbf8685da60b19d3fb5da56ddc35e6bd98a608759f45e9874cbd2e2a9d3,11,0.26,2,1538803358318,Politics,0.13520000000000001,0.435
b73j5kGXDmXv7YiZS,0838abbf8685da60b19d3fb5da56ddc35e6bd98a608759f45e9874cbd2e2a9d3,12,0.49,2,1538803358319,Politics,0.48019999999999996,0.375
2CcKQt5YRaMH8MgJK,0838abbf8685da60b19d3fb5da56ddc35e6bd98a608759f45e9874cbd2e2a9d3,13,0.6,2,1538803408114,Entertainment,0.72,0.55
BbaraXf97ukeDbvNm,0838abbf8685da60b19d3fb5da56ddc35e6bd98a608759f45e9874cbd2e2a9d3,14,0.85,2,1538803408117,Entertainment,0.04500000000000001,0.63
wP8kdspzjkQeQAo2u,0838abbf8685da60b19d3fb5da56ddc35e6bd98a608759f45e9874cbd2e2a9d3,15,0.51,2,1538803408118,Entertainment,0.5202,0.57
noGopS7yCv8E4XDpn,0838abbf8685da60b19d3fb5da56ddc35e6bd98a608759f45e9874cbd2e2a9d3,16,0.2,2,1538803408120,Entertainment,1.2800000000000002,0.385
98fmcqDRN9maJjotv,0838abbf8685da60b19d3fb5da56ddc35e6bd98a608759f45e9874cbd2e2a9d3,17,0.48,2,1538803408121,Entertainment,0.4608,0.495
RB4je7K3tJk6FPoA8,0838abbf8685da60b19d3fb5da56ddc35e6bd98a608759f45e9874cbd2e2a9d3,18,0.3,2,1538803408125,Entertainment,0.18,0.61
KJY7uyPvtr5q3Y76e,3c0277ee6ee4952fb69b1b2d825188d4aa1811fd2ba39bc65391d2848dea1423,7,0.34,2,1538803415921,Politics,0.23120000000000004,0.61
gFvHXQP5EQHv73zaJ,3c0277ee6ee4952fb69b1b2d825188d4aa1811fd2ba39bc65391d2848dea1423,8,0.54,2,1538803415922,Politics,0.4231999999999999,0.575
gd79ctbiv85ZEBSX8,3c0277ee6ee4952fb69b1b2d825188d4aa1811fd2ba39bc65391d2848dea1423,9,0.4,2,1538803415923,Politics,0.32000000000000006,0.58
xC5fn4XPFEJHRb6ZS,3c0277ee6ee4952fb69b1b2d825188d4aa1811fd2ba39bc65391d2848dea1423,10,0.78,2,1538803415924,Politics,1.2168,0.365
SBaAv3vzF6dSoRh2i,3c0277ee6ee4952fb69b1b2d825188d4aa1811fd2ba39bc65391d2848dea1423,11,0.15,2,1538803415925,Politics,0.045,0.465
9et3jQeyRjJJ3ueTR,3c0277ee6ee4952fb69b1b2d825188d4aa1811fd2ba39bc65391d2848dea1423,12,0.25,2,1538803415926,Politics,0.125,0.39
Rwxwsxz3MLGZ9wWmR,3c0277ee6ee4952fb69b1b2d825188d4aa1811fd2ba39bc65391d2848dea1423,13,0.49,2,1538803479954,Entertainment,0.48019999999999996,0.5
GCJd7eKreS6XuimxD,3c0277ee6ee4952fb69b1b2d825188d4aa1811fd2ba39bc65391d2848dea1423,14,0.77,2,1538803479955,Entertainment,0.10579999999999998,0.56
6NZvNuLhq4NvkZtzG,3c0277ee6ee4952fb69b1b2d825188d4aa1811fd2ba39bc65391d2848dea1423,15,0.38,2,1538803479956,Entertainment,0.2888,0.565
hFYpnquEQot8FgEtZ,3c0277ee6ee4952fb69b1b2d825188d4aa1811fd2ba39bc65391d2848dea1423,16,0.3,2,1538803479957,Entertainment,0.9799999999999999,0.575
kRjw2hBwN2vnT7jmj,3c0277ee6ee4952fb69b1b2d825188d4aa1811fd2ba39bc65391d2848dea1423,17,0.58,2,1538803479957,Entertainment,0.6728,0.455
Cv3XZK7crEdASibqt,3c0277ee6ee4952fb69b1b2d825188d4aa1811fd2ba39bc65391d2848dea1423,18,0.81,2,1538803479958,Entertainment,1.3122000000000003,0.42
vEqLb2ubGYfcQEzht,e0c8f1e6b779255a30a60e83b8cd953dadfc40f5dcb06cfe9abe849ba30fb856,1,1,2,1538803505161,Sports,0,0.665
59EBNqXCuW7TWLzP5,e0c8f1e6b779255a30a60e83b8cd953dadfc40f5dcb06cfe9abe849ba30fb856,2,0,2,1538803505165,Sports,0,0.3
QEcCN3kWhPuLdSWpK,e0c8f1e6b779255a30a60e83b8cd953dadfc40f5dcb06cfe9abe849ba30fb856,3,0,2,1538803505167,Sports,0,0.33
rF8nxMRfbgEN4Jifx,e0c8f1e6b779255a30a60e83b8cd953dadfc40f5dcb06cfe9abe849ba30fb856,4,1,2,1538803505168,Sports,0,0.685
2k7Bxc2nwor58FCMB,e0c8f1e6b779255a30a60e83b8cd953dadfc40f5dcb06cfe9abe849ba30fb856,5,1,2,1538803505170,Sports,2,0.57
5Jy6fjz2gyRWHtcCa,e0c8f1e6b779255a30a60e83b8cd953dadfc40f5dcb06cfe9abe849ba30fb856,6,1,2,1538803505171,Sports,2,0.615
q6H3WPxavBrA2qeyY,e0c8f1e6b779255a30a60e83b8cd953dadfc40f5dcb06cfe9abe849ba30fb856,7,1,2,1538803520416,Politics,2,0.68
dupk6qvrtrBumtRzZ,e0c8f1e6b779255a30a60e83b8cd953dadfc40f5dcb06cfe9abe849ba30fb856,8,1,2,1538803520417,Politics,0,0.66
zrZTq3JXiGfkTjoXf,e0c8f1e6b779255a30a60e83b8cd953dadfc40f5dcb06cfe9abe849ba30fb856,9,0,2,1538803520420,Politics,0,0.31
NwhnLMFeagdyWGjGo,e0c8f1e6b779255a30a60e83b8cd953dadfc40f5dcb06cfe9abe849ba30fb856,10,1,2,1538803520421,Politics,2,0.41
WcRxqdptPdQSGW2WS,e0c8f1e6b779255a30a60e83b8cd953dadfc40f5dcb06cfe9abe849ba30fb856,11,0,2,1538803520423,Politics,0,0.335
7eCGS4fZJEnkZq62j,e0c8f1e6b779255a30a60e83b8cd953dadfc40f5dcb06cfe9abe849ba30fb856,12,1,2,1538803520424,Politics,2,0.415
WkvBgGPMRdfhpJLFG,e0c8f1e6b779255a30a60e83b8cd953dadfc40f5dcb06cfe9abe849ba30fb856,13,1,2,1538803536093,Entertainment,2,0.605
Zy9iJCyyRsKsaphpG,e0c8f1e6b779255a30a60e83b8cd953dadfc40f5dcb06cfe9abe849ba30fb856,14,0,2,1538803536095,Entertainment,2,0.285
faLAnvzo64hMLXSws,e0c8f1e6b779255a30a60e83b8cd953dadfc40f5dcb06cfe9abe849ba30fb856,15,1,2,1538803536097,Entertainment,2,0.575
7HangEdDwR2NgSvcr,e0c8f1e6b779255a30a60e83b8cd953dadfc40f5dcb06cfe9abe849ba30fb856,16,1,2,1538803536098,Entertainment,0,0.57
zPbTqcuy4cwfz52Ws,e0c8f1e6b779255a30a60e83b8cd953dadfc40f5dcb06cfe9abe849ba30fb856,17,1,2,1538803536100,Entertainment,2,0.56
ErpFuZjxMh4s28fq4,e0c8f1e6b779255a30a60e83b8cd953dadfc40f5dcb06cfe9abe849ba30fb856,18,0,2,1538803536101,Entertainment,0,0.395
fnNc9JWw7XQ2bMFTa,507ab6b130eda5e06f7a5b834cbeb120f1d4c3acb95914412d00a1563bdc8817,13,0.17,2,1538803880219,Entertainment,0.05780000000000001,0.405
MMbTNzjuFk55etFQz,507ab6b130eda5e06f7a5b834cbeb120f1d4c3acb95914412d00a1563bdc8817,14,0.98,2,1538803880220,Entertainment,8.000000000000014e-4,0.72
2ciw5HotYqeMShwWq,507ab6b130eda5e06f7a5b834cbeb120f1d4c3acb95914412d00a1563bdc8817,15,0.15,2,1538803880220,Entertainment,0.045,0.415
jvMvhyHQssgk4Z5Sn,507ab6b130eda5e06f7a5b834cbeb120f1d4c3acb95914412d00a1563bdc8817,16,0.15,2,1538803880220,Entertainment,1.4449999999999998,0.39
e5L43wwjuSm3mE6wx,507ab6b130eda5e06f7a5b834cbeb120f1d4c3acb95914412d00a1563bdc8817,17,0.16,2,1538803880221,Entertainment,0.0512,0.455
7WB6t5Gk2FQkWPyo6,507ab6b130eda5e06f7a5b834cbeb120f1d4c3acb95914412d00a1563bdc8817,18,0.1,2,1538803880221,Entertainment,0.020000000000000004,0.48
XGdTE27RyDyRanTJC,cddcb3eff458301f6baccc51ffff07e0f6cb702033975370d6da3ed58a54e7dc,1,0.49,2,1538803936492,Sports,0.5202,0.555
HhwgCuiDF2N7DJh8x,cddcb3eff458301f6baccc51ffff07e0f6cb702033975370d6da3ed58a54e7dc,2,0.69,2,1538803936499,Sports,0.9521999999999998,0.495
noXpR6nEdzeciQPci,cddcb3eff458301f6baccc51ffff07e0f6cb702033975370d6da3ed58a54e7dc,3,0.36,2,1538803936501,Sports,0.2592,0.55
Nk4wnjcYSKufZKN2X,cddcb3eff458301f6baccc51ffff07e0f6cb702033975370d6da3ed58a54e7dc,4,0.57,2,1538803936503,Sports,0.3698000000000001,0.58
5mZtchBFiz4r3NycA,cddcb3eff458301f6baccc51ffff07e0f6cb702033975370d6da3ed58a54e7dc,5,0.43,2,1538803936508,Sports,0.36979999999999996,0.5
bJPCwCTZe4rDQoWpG,cddcb3eff458301f6baccc51ffff07e0f6cb702033975370d6da3ed58a54e7dc,6,0.19,2,1538803936512,Sports,0.0722,0.275
SW8uqgWWhFPWha7pA,cddcb3eff458301f6baccc51ffff07e0f6cb702033975370d6da3ed58a54e7dc,7,0.57,2,1538803951284,Politics,0.6497999999999999,0.63
NzXfj2ygBFwspnX99,cddcb3eff458301f6baccc51ffff07e0f6cb702033975370d6da3ed58a54e7dc,8,0.53,2,1538803951287,Politics,0.44179999999999997,0.57
Y4pYBeZFowfSbhDgM,cddcb3eff458301f6baccc51ffff07e0f6cb702033975370d6da3ed58a54e7dc,9,0.42,2,1538803951289,Politics,0.35279999999999995,0.53
y8oaXurCneY5LZXaN,cddcb3eff458301f6baccc51ffff07e0f6cb702033975370d6da3ed58a54e7dc,10,0.75,2,1538803951291,Politics,1.125,0.34
x3dFzw2hdjMoAaCRJ,cddcb3eff458301f6baccc51ffff07e0f6cb702033975370d6da3ed58a54e7dc,11,0.41,2,1538803951295,Politics,0.33619999999999994,0.42
58uFzACf7NkbfPqpT,cddcb3eff458301f6baccc51ffff07e0f6cb702033975370d6da3ed58a54e7dc,12,0.73,2,1538803951298,Politics,1.0657999999999999,0.255
9yrm3jdaPgq4vmYxx,cddcb3eff458301f6baccc51ffff07e0f6cb702033975370d6da3ed58a54e7dc,13,0.36,2,1538803966079,Entertainment,0.2592,0.565
dZuDCQ2HEkiJtzQq8,cddcb3eff458301f6baccc51ffff07e0f6cb702033975370d6da3ed58a54e7dc,14,0.59,2,1538803966081,Entertainment,0.33620000000000005,0.595
Xiuwgbmj6W9vbkC2i,cddcb3eff458301f6baccc51ffff07e0f6cb702033975370d6da3ed58a54e7dc,15,0.33,2,1538803966085,Entertainment,0.21780000000000002,0.54
TQLXykz2YPYdCRM3r,cddcb3eff458301f6baccc51ffff07e0f6cb702033975370d6da3ed58a54e7dc,16,0.51,2,1538803966088,Entertainment,0.48019999999999996,0.545
xBe56XARvCzRQysad,cddcb3eff458301f6baccc51ffff07e0f6cb702033975370d6da3ed58a54e7dc,17,0.49,2,1538803966088,Entertainment,0.48019999999999996,0.52
amR3zK4EYD6TWj2YT,cddcb3eff458301f6baccc51ffff07e0f6cb702033975370d6da3ed58a54e7dc,18,0.48,2,1538803966092,Entertainment,0.4608,0.485
bWyfFfZtxf5bCT7iS,75e45705e9cc812bcac2160a276618eec2d7234e41fc0b961d21710caf110a30,1,0.81,2,1538804495156,Sports,0.07219999999999996,0.71
Ztii5TsJwJF3GvuX9,75e45705e9cc812bcac2160a276618eec2d7234e41fc0b961d21710caf110a30,2,1,2,1538804495156,Sports,2,0.655
aqWvbsifFWr8ParSb,75e45705e9cc812bcac2160a276618eec2d7234e41fc0b961d21710caf110a30,3,0,2,1538804495157,Sports,0,0.405
SzDXoRYTveHPjWm7F,75e45705e9cc812bcac2160a276618eec2d7234e41fc0b961d21710caf110a30,4,0.72,2,1538804495157,Sports,0.15680000000000002,0.675
cQ7XfX5jCcPmXEv6q,75e45705e9cc812bcac2160a276618eec2d7234e41fc0b961d21710caf110a30,5,0,2,1538804495157,Sports,0,0.395
GECA9iBdoTzekRdMS,75e45705e9cc812bcac2160a276618eec2d7234e41fc0b961d21710caf110a30,6,0,2,1538804495157,Sports,0,0.365
WHErCq6DAK8Pf2BHq,75e45705e9cc812bcac2160a276618eec2d7234e41fc0b961d21710caf110a30,7,1,2,1538804516547,Politics,2,0.67
8Z3PKu5zR6tTjsR7H,75e45705e9cc812bcac2160a276618eec2d7234e41fc0b961d21710caf110a30,8,0.32,2,1538804516552,Politics,0.9247999999999998,0.68
5xenTt8bb4q3JEefK,75e45705e9cc812bcac2160a276618eec2d7234e41fc0b961d21710caf110a30,9,0.11,2,1538804516555,Politics,0.0242,0.43
qQc93DW7xa4HReLnj,75e45705e9cc812bcac2160a276618eec2d7234e41fc0b961d21710caf110a30,10,0.1,2,1538804516557,Politics,0.020000000000000004,0.595
tQgPi6dcqNzWwn3fH,75e45705e9cc812bcac2160a276618eec2d7234e41fc0b961d21710caf110a30,11,0.42,2,1538804516557,Politics,0.35279999999999995,0.61
36ut3oWAtpmteFJE2,75e45705e9cc812bcac2160a276618eec2d7234e41fc0b961d21710caf110a30,12,0,2,1538804516558,Politics,0,0.425
7mHfSDacvMvo5zThF,75e45705e9cc812bcac2160a276618eec2d7234e41fc0b961d21710caf110a30,13,0.04,2,1538804528645,Entertainment,0.0032,0.38
ABptovn7ScF92HWBb,75e45705e9cc812bcac2160a276618eec2d7234e41fc0b961d21710caf110a30,14,0.83,2,1538804528646,Entertainment,0.057800000000000025,0.63
FtMZPDZLwaBwH2Ygo,75e45705e9cc812bcac2160a276618eec2d7234e41fc0b961d21710caf110a30,15,0.8,2,1538804528646,Entertainment,1.2800000000000002,0.57
aFxi3S6DYwhwAWSwW,75e45705e9cc812bcac2160a276618eec2d7234e41fc0b961d21710caf110a30,16,0.06,2,1538804528647,Entertainment,1.7671999999999999,0.285
GzhN6uQ2dXPZjH7oJ,75e45705e9cc812bcac2160a276618eec2d7234e41fc0b961d21710caf110a30,17,0.13,2,1538804528647,Entertainment,0.033800000000000004,0.46
GxXR5oPdvTs9XEJJ8,75e45705e9cc812bcac2160a276618eec2d7234e41fc0b961d21710caf110a30,18,0.88,2,1538804528648,Entertainment,1.5488,0.585
KXLwCT7R4YPhYwc4F,0b52292f068b3e3fd4a0191d79ba6c5b0a3359ee0727783b7de0b39b55dc8368,1,1,2,1538805243559,Sports,0,0.67
ckPSATh3NSGToexpu,0b52292f068b3e3fd4a0191d79ba6c5b0a3359ee0727783b7de0b39b55dc8368,2,1,2,1538805243561,Sports,2,0.72
zCfpcYrqJDcQu3fAZ,0b52292f068b3e3fd4a0191d79ba6c5b0a3359ee0727783b7de0b39b55dc8368,3,0,2,1538805243561,Sports,0,0.345
A6Kq5tAmCP227izRQ,0b52292f068b3e3fd4a0191d79ba6c5b0a3359ee0727783b7de0b39b55dc8368,4,1,2,1538805243562,Sports,0,0.745
C4sAEihLqv9voSz5X,0b52292f068b3e3fd4a0191d79ba6c5b0a3359ee0727783b7de0b39b55dc8368,5,0,2,1538805243563,Sports,0,0.36
GbLybXtKZGMWJKthM,0b52292f068b3e3fd4a0191d79ba6c5b0a3359ee0727783b7de0b39b55dc8368,6,1,2,1538805243564,Sports,2,0.67
88NjjKpD3AuqqZMQz,98f35589198289ab05da58789d89acf589f45c3a5190d9b78acf09ce51fb79da,1,0.18,2,1538805369788,Sports,1.3448000000000002,0.32
e9X5HDnFwqvZC2E6d,98f35589198289ab05da58789d89acf589f45c3a5190d9b78acf09ce51fb79da,2,0.81,2,1538805369791,Sports,1.3122000000000003,0.615
FFz7GDCao4vgRgb3F,98f35589198289ab05da58789d89acf589f45c3a5190d9b78acf09ce51fb79da,3,0.17,2,1538805369792,Sports,0.05780000000000001,0.485
9dhrXwX7ZEhJ5MTm4,98f35589198289ab05da58789d89acf589f45c3a5190d9b78acf09ce51fb79da,4,0.79,2,1538805369793,Sports,0.08819999999999997,0.6
GriEZKSvAH6MsAq6x,98f35589198289ab05da58789d89acf589f45c3a5190d9b78acf09ce51fb79da,5,0.16,2,1538805369794,Sports,0.0512,0.445
rfPo4D7uCWHpuYHoJ,98f35589198289ab05da58789d89acf589f45c3a5190d9b78acf09ce51fb79da,6,0.2,2,1538805369796,Sports,0.08000000000000002,0.48
Z8NK7nPsHaoPC8yi9,0b52292f068b3e3fd4a0191d79ba6c5b0a3359ee0727783b7de0b39b55dc8368,7,1,2,1538805400771,Politics,2,0.705
uTznGHpE7FqsbZsu4,0b52292f068b3e3fd4a0191d79ba6c5b0a3359ee0727783b7de0b39b55dc8368,8,1,2,1538805400772,Politics,0,0.65
qFjahapfs96d5zScS,0b52292f068b3e3fd4a0191d79ba6c5b0a3359ee0727783b7de0b39b55dc8368,9,0,2,1538805400772,Politics,0,0.365
CKMWT2Z3enM84LZFv,0b52292f068b3e3fd4a0191d79ba6c5b0a3359ee0727783b7de0b39b55dc8368,10,0,2,1538805400772,Politics,0,0.475
7NMn4SxS8r6qmXohx,0b52292f068b3e3fd4a0191d79ba6c5b0a3359ee0727783b7de0b39b55dc8368,11,0,2,1538805400773,Politics,0,0.505
CPLjkoA9RKbD7rSnM,0b52292f068b3e3fd4a0191d79ba6c5b0a3359ee0727783b7de0b39b55dc8368,12,1,2,1538805400773,Politics,2,0.505
cyNLoxgPyRXgY2MuF,98f35589198289ab05da58789d89acf589f45c3a5190d9b78acf09ce51fb79da,7,0.76,2,1538805547098,Politics,1.1552,0.655
AhKTXWDaDCniwzET8,98f35589198289ab05da58789d89acf589f45c3a5190d9b78acf09ce51fb79da,8,0.1,2,1538805547099,Politics,1.62,0.355
XhqjaGMdvoNDiaq6Z,98f35589198289ab05da58789d89acf589f45c3a5190d9b78acf09ce51fb79da,9,0.88,2,1538805547100,Politics,1.5488,0.59
ir3yoxzeqkskWY6k7,98f35589198289ab05da58789d89acf589f45c3a5190d9b78acf09ce51fb79da,10,0.71,2,1538805547101,Politics,1.0082,0.43
y9dMg5YqdPQeiKSfw,98f35589198289ab05da58789d89acf589f45c3a5190d9b78acf09ce51fb79da,11,0.37,2,1538805547102,Politics,0.2738,0.645
jGnjgH5RbY9RKwFcG,98f35589198289ab05da58789d89acf589f45c3a5190d9b78acf09ce51fb79da,12,0.38,2,1538805547104,Politics,0.2888,0.63
Swx3iLbdxNjbD2pHL,cae5d834675e647e95fa79e3579cbea60ee1fbf68b9f9acaf5129b8100e1b08d,1,1,2,1538805573008,Sports,0,0.635
W9evoPLStihfqn6Qn,cae5d834675e647e95fa79e3579cbea60ee1fbf68b9f9acaf5129b8100e1b08d,2,1,2,1538805573009,Sports,2,0.69
sh5LEDH2YThX3EEnC,cae5d834675e647e95fa79e3579cbea60ee1fbf68b9f9acaf5129b8100e1b08d,3,0,2,1538805573009,Sports,0,0.465
4qRAkLXbNFsnTWEGw,cae5d834675e647e95fa79e3579cbea60ee1fbf68b9f9acaf5129b8100e1b08d,4,1,2,1538805573009,Sports,0,0.76
qdgzkrYcZKHPKzAgF,cae5d834675e647e95fa79e3579cbea60ee1fbf68b9f9acaf5129b8100e1b08d,5,1,2,1538805573009,Sports,2,0.645
fLesPmW4t8G8RyLJ3,cae5d834675e647e95fa79e3579cbea60ee1fbf68b9f9acaf5129b8100e1b08d,6,0,2,1538805573010,Sports,0,0.365
rRRo6PQGgSyz38TsL,0b52292f068b3e3fd4a0191d79ba6c5b0a3359ee0727783b7de0b39b55dc8368,13,1,2,1538805585998,Entertainment,2,0.72
8wRvKFejddqvMyqps,0b52292f068b3e3fd4a0191d79ba6c5b0a3359ee0727783b7de0b39b55dc8368,14,0,2,1538805585999,Entertainment,2,0.285
KTC9F9HCAd3gkfG9P,0b52292f068b3e3fd4a0191d79ba6c5b0a3359ee0727783b7de0b39b55dc8368,15,1,2,1538805585999,Entertainment,2,0.63
uLiuDoqsm3tmyPeLt,0b52292f068b3e3fd4a0191d79ba6c5b0a3359ee0727783b7de0b39b55dc8368,16,0,2,1538805586001,Entertainment,2,0.395
LaTm85CnLGeuLNXf7,0b52292f068b3e3fd4a0191d79ba6c5b0a3359ee0727783b7de0b39b55dc8368,17,1,2,1538805586001,Entertainment,2,0.58
eirQoZRzRjm6EPSn4,0b52292f068b3e3fd4a0191d79ba6c5b0a3359ee0727783b7de0b39b55dc8368,18,0,2,1538805586002,Entertainment,0,0.33
Q25kizZepRJBkTPN9,cae5d834675e647e95fa79e3579cbea60ee1fbf68b9f9acaf5129b8100e1b08d,7,0,2,1538805621770,Politics,0,0.305
SJ4tXaYasGBAoKpZK,cae5d834675e647e95fa79e3579cbea60ee1fbf68b9f9acaf5129b8100e1b08d,8,1,2,1538805621770,Politics,0,0.745
W4efd2nMPhGrhADKb,cae5d834675e647e95fa79e3579cbea60ee1fbf68b9f9acaf5129b8100e1b08d,9,0,2,1538805621770,Politics,0,0.365
Kc5TJ3QM6C27Qctfi,cae5d834675e647e95fa79e3579cbea60ee1fbf68b9f9acaf5129b8100e1b08d,10,1,2,1538805621771,Politics,2,0.455
j457ksJHFAseA8mNd,cae5d834675e647e95fa79e3579cbea60ee1fbf68b9f9acaf5129b8100e1b08d,11,0,2,1538805621771,Politics,0,0.43
LHwMo2Noa3pBwcmf3,cae5d834675e647e95fa79e3579cbea60ee1fbf68b9f9acaf5129b8100e1b08d,12,1,2,1538805621771,Politics,2,0.49
82fhPQFmwth2vL4Qv,cae5d834675e647e95fa79e3579cbea60ee1fbf68b9f9acaf5129b8100e1b08d,13,0,2,1538805665276,Entertainment,0,0.325
875pr8L3w7v3eu8oE,cae5d834675e647e95fa79e3579cbea60ee1fbf68b9f9acaf5129b8100e1b08d,14,0,2,1538805665277,Entertainment,2,0.32
xEYb6SCpiYcKHvePK,cae5d834675e647e95fa79e3579cbea60ee1fbf68b9f9acaf5129b8100e1b08d,15,1,2,1538805665278,Entertainment,2,0.62
NSHGt8yY8TMuET3gS,cae5d834675e647e95fa79e3579cbea60ee1fbf68b9f9acaf5129b8100e1b08d,16,0,2,1538805665278,Entertainment,2,0.38
WinRNh4S2eay6tgqH,cae5d834675e647e95fa79e3579cbea60ee1fbf68b9f9acaf5129b8100e1b08d,17,0,2,1538805665279,Entertainment,0,0.45
Ys4QLpqQ2oWvyf9iz,cae5d834675e647e95fa79e3579cbea60ee1fbf68b9f9acaf5129b8100e1b08d,18,0,2,1538805665279,Entertainment,0,0.38
KoqFTrQR7vwha4QaN,98f35589198289ab05da58789d89acf589f45c3a5190d9b78acf09ce51fb79da,13,0.18,2,1538805769560,Entertainment,0.0648,0.35
zppzPTWKdDjZFnoG3,98f35589198289ab05da58789d89acf589f45c3a5190d9b78acf09ce51fb79da,14,0.17,2,1538805769561,Entertainment,1.3778,0.36
NsuCN6K5ddJ4wrmQt,98f35589198289ab05da58789d89acf589f45c3a5190d9b78acf09ce51fb79da,15,0.69,2,1538805769563,Entertainment,0.9521999999999998,0.515
f53NQhxAEAaaNfGYS,98f35589198289ab05da58789d89acf589f45c3a5190d9b78acf09ce51fb79da,16,0.21,2,1538805769564,Entertainment,1.2482000000000002,0.56
SHM37Z6kEafGmyeDJ,98f35589198289ab05da58789d89acf589f45c3a5190d9b78acf09ce51fb79da,17,0.25,2,1538805769565,Entertainment,0.125,0.475
fEDd97sMrxCXgrND9,98f35589198289ab05da58789d89acf589f45c3a5190d9b78acf09ce51fb79da,18,0.17,2,1538805769566,Entertainment,0.05780000000000001,0.51
fFqQZF8nu9qsfLBjH,dafa57709875de3224ee4a546b6011fba8ccdc44dbeface26f4683c904c77174,1,0.86,2,1538806002768,Sports,0.039200000000000006,0.575
HhGgstiEYFYNaiyY9,dafa57709875de3224ee4a546b6011fba8ccdc44dbeface26f4683c904c77174,2,0.61,2,1538806002770,Sports,0.7442,0.535
Rwrz5c3d8Cojntne6,dafa57709875de3224ee4a546b6011fba8ccdc44dbeface26f4683c904c77174,3,0.33,2,1538806002770,Sports,0.21780000000000002,0.565
XPhJ8cMpfy33MZFyL,dafa57709875de3224ee4a546b6011fba8ccdc44dbeface26f4683c904c77174,4,0.7,2,1538806002772,Sports,0.18000000000000005,0.59
RvnfEwXp4SBsDbQWr,dafa57709875de3224ee4a546b6011fba8ccdc44dbeface26f4683c904c77174,5,0.7,2,1538806002774,Sports,0.9799999999999999,0.39
obzHrxqfTJ49yLhxJ,dafa57709875de3224ee4a546b6011fba8ccdc44dbeface26f4683c904c77174,6,0.4,2,1538806002775,Sports,0.32000000000000006,0.5
rxNoti4n4h3MJorri,dafa57709875de3224ee4a546b6011fba8ccdc44dbeface26f4683c904c77174,7,0.37,2,1538806023205,Politics,0.2738,0.605
ZvZ2n9YXKDZ8P82QA,dafa57709875de3224ee4a546b6011fba8ccdc44dbeface26f4683c904c77174,8,0.7,2,1538806023207,Politics,0.18000000000000005,0.54
ACzX6PgdhsqFBSKEL,dafa57709875de3224ee4a546b6011fba8ccdc44dbeface26f4683c904c77174,9,0.34,2,1538806023207,Politics,0.23120000000000004,0.585
sqscjfXyjouE3Qpes,dafa57709875de3224ee4a546b6011fba8ccdc44dbeface26f4683c904c77174,10,0.86,2,1538806023210,Politics,1.4791999999999998,0.325
tDneKwRaZBwx5rWFT,dafa57709875de3224ee4a546b6011fba8ccdc44dbeface26f4683c904c77174,11,0.94,2,1538806023212,Politics,1.7671999999999999,0.39
ZxmL6FoyMYb7xCZJB,dafa57709875de3224ee4a546b6011fba8ccdc44dbeface26f4683c904c77174,12,0.81,2,1538806023212,Politics,1.3122000000000003,0.31
cpaSKhWwmzyrRiL6a,dafa57709875de3224ee4a546b6011fba8ccdc44dbeface26f4683c904c77174,13,0.9,2,1538806042960,Entertainment,1.62,0.51
Jow6GxrQ54uxvsDud,dafa57709875de3224ee4a546b6011fba8ccdc44dbeface26f4683c904c77174,14,0.86,2,1538806042963,Entertainment,0.039200000000000006,0.58
A3zSaNK66KPxdAMRp,dafa57709875de3224ee4a546b6011fba8ccdc44dbeface26f4683c904c77174,15,0.81,2,1538806042966,Entertainment,1.3122000000000003,0.5
BGu3GZQaibtWYqHch,dafa57709875de3224ee4a546b6011fba8ccdc44dbeface26f4683c904c77174,16,0.68,2,1538806042968,Entertainment,0.20479999999999993,0.52
k8ZFasLm9iSKaaf6Y,dafa57709875de3224ee4a546b6011fba8ccdc44dbeface26f4683c904c77174,17,0.38,2,1538806042972,Entertainment,0.2888,0.57
nzim2N9Mskrcodn8J,dafa57709875de3224ee4a546b6011fba8ccdc44dbeface26f4683c904c77174,18,0.42,2,1538806042975,Entertainment,0.35279999999999995,0.46
JXWaXuRESsT2GkPko,ede0ba5b5d3648c1988c8be19530c4468ed6c17a8191d21357ecaa301dac962b,1,0.22,2,1538807341545,Sports,1.2168,0.485
MeK4hFpercHyA7NYg,ede0ba5b5d3648c1988c8be19530c4468ed6c17a8191d21357ecaa301dac962b,2,0.82,2,1538807341547,Sports,1.3447999999999998,0.64
qZ9QsrzzSAoXTkqaZ,ede0ba5b5d3648c1988c8be19530c4468ed6c17a8191d21357ecaa301dac962b,3,0.87,2,1538807341549,Sports,1.5138,0.55
B8FEpwTaH6wCTRBRz,ede0ba5b5d3648c1988c8be19530c4468ed6c17a8191d21357ecaa301dac962b,4,0.19,2,1538807341549,Sports,1.3122000000000003,0.35
rt6wqfS6FMqTr2uuA,ede0ba5b5d3648c1988c8be19530c4468ed6c17a8191d21357ecaa301dac962b,5,0.1,2,1538807341549,Sports,0.020000000000000004,0.545
9pRfhKw53FH8KhfTA,ede0ba5b5d3648c1988c8be19530c4468ed6c17a8191d21357ecaa301dac962b,6,0.69,2,1538807341550,Sports,0.9521999999999998,0.615
3m8B69YcHWy3zkcTZ,ede0ba5b5d3648c1988c8be19530c4468ed6c17a8191d21357ecaa301dac962b,7,1,2,1538807378228,Politics,2,0.645
sEgHcMb9zSg3HwgCD,ede0ba5b5d3648c1988c8be19530c4468ed6c17a8191d21357ecaa301dac962b,8,0.3,2,1538807378230,Politics,0.9799999999999999,0.71
H232M6tKheFuvJqNK,ede0ba5b5d3648c1988c8be19530c4468ed6c17a8191d21357ecaa301dac962b,9,0.04,2,1538807378231,Politics,0.0032,0.345
gHE7jsnDCusXaCv8T,ede0ba5b5d3648c1988c8be19530c4468ed6c17a8191d21357ecaa301dac962b,10,0.45,2,1538807378232,Politics,0.405,0.61
LRTjHjBcLqP2onPwh,ede0ba5b5d3648c1988c8be19530c4468ed6c17a8191d21357ecaa301dac962b,11,0.01,2,1538807378234,Politics,2e-4,0.46
haTABa8GY588q6SG5,ede0ba5b5d3648c1988c8be19530c4468ed6c17a8191d21357ecaa301dac962b,12,0.05,2,1538807378234,Politics,0.005000000000000001,0.485
KiPPcDJqy5cDGHfqw,ede0ba5b5d3648c1988c8be19530c4468ed6c17a8191d21357ecaa301dac962b,13,0.13,2,1538807418543,Entertainment,0.033800000000000004,0.425
JzhbSEAjhQWzSZDdd,ede0ba5b5d3648c1988c8be19530c4468ed6c17a8191d21357ecaa301dac962b,14,0.12,2,1538807418548,Entertainment,1.5488,0.34
WhoooJyd22NAG6Edq,ede0ba5b5d3648c1988c8be19530c4468ed6c17a8191d21357ecaa301dac962b,15,0.16,2,1538807418548,Entertainment,0.0512,0.46
kF4GKueiLmiurHrYH,ede0ba5b5d3648c1988c8be19530c4468ed6c17a8191d21357ecaa301dac962b,16,0,2,1538807418550,Entertainment,2,0.34
ms4765WBkgAJCCpuL,ede0ba5b5d3648c1988c8be19530c4468ed6c17a8191d21357ecaa301dac962b,17,0.05,2,1538807418550,Entertainment,0.005000000000000001,0.325
m2QSriQX9ktWDqXxe,ede0ba5b5d3648c1988c8be19530c4468ed6c17a8191d21357ecaa301dac962b,18,0.12,2,1538807418551,Entertainment,0.0288,0.51
4dpXML63fe6e9v6kZ,44b1d771a25001cb60232c3d0482e66d84fcd9be7272bb6901d9dcaeb7a6d769,1,0.76,2,1538807521318,Sports,0.1152,0.65
vjbScng8jgJoTFuex,44b1d771a25001cb60232c3d0482e66d84fcd9be7272bb6901d9dcaeb7a6d769,2,0.24,2,1538807521318,Sports,0.1152,0.45
zKgN4E8kXuHf3J8vx,44b1d771a25001cb60232c3d0482e66d84fcd9be7272bb6901d9dcaeb7a6d769,3,0.95,2,1538807521318,Sports,1.805,0.555
aJhjj7WjXk5cnzuCE,44b1d771a25001cb60232c3d0482e66d84fcd9be7272bb6901d9dcaeb7a6d769,4,0.2,2,1538807521319,Sports,1.2800000000000002,0.47
5QaZdBN4Gu4Ki7y7s,44b1d771a25001cb60232c3d0482e66d84fcd9be7272bb6901d9dcaeb7a6d769,5,0.62,2,1538807521319,Sports,0.7688,0.61
RQoZPd2tL2esSyApd,44b1d771a25001cb60232c3d0482e66d84fcd9be7272bb6901d9dcaeb7a6d769,6,0,2,1538807521320,Sports,0,0.38
KgrFSN86XTKZ6JDA5,44b1d771a25001cb60232c3d0482e66d84fcd9be7272bb6901d9dcaeb7a6d769,7,1,2,1538807558070,Politics,2,0.675
tFWPpor7XmFFHSC46,44b1d771a25001cb60232c3d0482e66d84fcd9be7272bb6901d9dcaeb7a6d769,8,0.81,2,1538807558070,Politics,0.07219999999999996,0.67
DuqskN8BLEH9q3wDJ,44b1d771a25001cb60232c3d0482e66d84fcd9be7272bb6901d9dcaeb7a6d769,9,0,2,1538807558070,Politics,0,0.335
wxYbEcxwk4YFrRNnt,44b1d771a25001cb60232c3d0482e66d84fcd9be7272bb6901d9dcaeb7a6d769,10,0,2,1538807558071,Politics,0,0.435
sMZZb9orD3LRMrrPy,44b1d771a25001cb60232c3d0482e66d84fcd9be7272bb6901d9dcaeb7a6d769,11,0.88,2,1538807558072,Politics,1.5488,0.45
CiMHNMNGg59ReAmrA,44b1d771a25001cb60232c3d0482e66d84fcd9be7272bb6901d9dcaeb7a6d769,12,0,2,1538807558073,Politics,0,0.46
DsiqcNHd3m9rmfhzK,44b1d771a25001cb60232c3d0482e66d84fcd9be7272bb6901d9dcaeb7a6d769,13,1,2,1538807622975,Entertainment,2,0.69
vDmkjkhfNhkPc2EZ4,44b1d771a25001cb60232c3d0482e66d84fcd9be7272bb6901d9dcaeb7a6d769,14,0.85,2,1538807622976,Entertainment,0.04500000000000001,0.66
eentYkH6wirEqc2ks,44b1d771a25001cb60232c3d0482e66d84fcd9be7272bb6901d9dcaeb7a6d769,15,1,2,1538807622977,Entertainment,2,0.625
mGig29bF4Zxyt7b49,44b1d771a25001cb60232c3d0482e66d84fcd9be7272bb6901d9dcaeb7a6d769,16,0,2,1538807622978,Entertainment,2,0.335
CCg7A5YARLxEX2aE5,44b1d771a25001cb60232c3d0482e66d84fcd9be7272bb6901d9dcaeb7a6d769,17,0,2,1538807622979,Entertainment,0,0.415
AbEZ6GQq8f7P895dE,44b1d771a25001cb60232c3d0482e66d84fcd9be7272bb6901d9dcaeb7a6d769,18,0,2,1538807622979,Entertainment,0,0.395
nvhxCgDkMGkQRjBv9,0c3216ca35506d9623d2b037702ee048d491ecf730fa75c1cc370c6a747b428f,1,0.17,2,1538807726771,Sports,1.3778,0.275
ATYRW6KkdasnuZbEW,0c3216ca35506d9623d2b037702ee048d491ecf730fa75c1cc370c6a747b428f,2,0.2,2,1538807726772,Sports,0.08000000000000002,0.375
fzFxv6k8G2KXDxazg,0c3216ca35506d9623d2b037702ee048d491ecf730fa75c1cc370c6a747b428f,3,0.12,2,1538807726773,Sports,0.0288,0.41
Zv6QKYpTngk799fzS,0c3216ca35506d9623d2b037702ee048d491ecf730fa75c1cc370c6a747b428f,4,1,2,1538807726773,Sports,0,0.6
quFMrZwPNEjr6sqS2,0c3216ca35506d9623d2b037702ee048d491ecf730fa75c1cc370c6a747b428f,5,0.3,2,1538807726773,Sports,0.18,0.66
BgJhWhCBuytLL3uHr,0c3216ca35506d9623d2b037702ee048d491ecf730fa75c1cc370c6a747b428f,6,0.52,2,1538807726773,Sports,0.5408000000000001,0.635
nNXgKM9HeCfw9smRj,0c3216ca35506d9623d2b037702ee048d491ecf730fa75c1cc370c6a747b428f,7,0.19,2,1538807780403,Politics,0.0722,0.305
z969n5Hi6v2Cqkc4x,0c3216ca35506d9623d2b037702ee048d491ecf730fa75c1cc370c6a747b428f,8,0.98,2,1538807780403,Politics,8.000000000000014e-4,0.605
K8e559Q4vGzHGB5Kr,0c3216ca35506d9623d2b037702ee048d491ecf730fa75c1cc370c6a747b428f,9,0.33,2,1538807780403,Politics,0.21780000000000002,0.585
tGgbJ7frYyBuwJpRR,0c3216ca35506d9623d2b037702ee048d491ecf730fa75c1cc370c6a747b428f,10,0.97,2,1538807780404,Politics,1.8818,0.395
THqYAzYdtwQTQTkEP,0c3216ca35506d9623d2b037702ee048d491ecf730fa75c1cc370c6a747b428f,11,0.38,2,1538807780404,Politics,0.2888,0.595
3kqBBCAgeohfXiMG3,0c3216ca35506d9623d2b037702ee048d491ecf730fa75c1cc370c6a747b428f,12,0,2,1538807780404,Politics,0,0.39
eKsHMPhAmAqKdhMbJ,0c3216ca35506d9623d2b037702ee048d491ecf730fa75c1cc370c6a747b428f,13,1,2,1538808372174,Entertainment,2,0.585
uGXZ9taWxnFmr2Wqg,0c3216ca35506d9623d2b037702ee048d491ecf730fa75c1cc370c6a747b428f,14,0.12,2,1538808372175,Entertainment,1.5488,0.365
QhiZq8uiYnTbWemtb,0c3216ca35506d9623d2b037702ee048d491ecf730fa75c1cc370c6a747b428f,15,0.68,2,1538808372175,Entertainment,0.9248000000000002,0.565
QHoKpopvY6zn5rkBt,0c3216ca35506d9623d2b037702ee048d491ecf730fa75c1cc370c6a747b428f,16,0.28,2,1538808372175,Entertainment,1.0368,0.465
foHSoEW9Znr349Kd5,0c3216ca35506d9623d2b037702ee048d491ecf730fa75c1cc370c6a747b428f,17,0.79,2,1538808372176,Entertainment,1.2482000000000002,0.525
fTY5z3M6BCjwDezBr,0c3216ca35506d9623d2b037702ee048d491ecf730fa75c1cc370c6a747b428f,18,0.86,2,1538808372177,Entertainment,1.4791999999999998,0.52
X6KpvoP5vSrp3aGz4,feb56455f9ebaf62d32754c8154c7835b009710a0b53c40ab5ba763320432a77,1,0.66,2,1538808607572,Sports,0.23119999999999996,0.57
FzWin78hRopPL4TFE,feb56455f9ebaf62d32754c8154c7835b009710a0b53c40ab5ba763320432a77,2,0.41,2,1538808607578,Sports,0.33619999999999994,0.665
JNs4TFeC5nGJJgyLC,feb56455f9ebaf62d32754c8154c7835b009710a0b53c40ab5ba763320432a77,3,0.22,2,1538808607580,Sports,0.0968,0.515
2ZAo73694hYLL4Fnj,feb56455f9ebaf62d32754c8154c7835b009710a0b53c40ab5ba763320432a77,4,0.76,2,1538808607581,Sports,0.1152,0.655
mYrmbz7MzrdPc6WPB,feb56455f9ebaf62d32754c8154c7835b009710a0b53c40ab5ba763320432a77,5,0.29,2,1538808607583,Sports,0.1682,0.475
AvpFzNN2upwA7qAuH,feb56455f9ebaf62d32754c8154c7835b009710a0b53c40ab5ba763320432a77,6,0.69,2,1538808607585,Sports,0.9521999999999998,0.525
Rr3xRn92hu3fhbcTN,feb56455f9ebaf62d32754c8154c7835b009710a0b53c40ab5ba763320432a77,7,0.31,2,1538808966141,Politics,0.1922,0.6
hy3NbFY8DxDHuvJxu,feb56455f9ebaf62d32754c8154c7835b009710a0b53c40ab5ba763320432a77,8,1,2,1538808966149,Politics,0,0.615
yxLWLaqEtaJaafQGg,feb56455f9ebaf62d32754c8154c7835b009710a0b53c40ab5ba763320432a77,9,0.75,2,1538808966151,Politics,1.125,0.49
6yCva33h9gnBYKjXs,feb56455f9ebaf62d32754c8154c7835b009710a0b53c40ab5ba763320432a77,10,0.74,2,1538808966153,Politics,1.0952,0.36
aoo965eYbxtThDxPr,feb56455f9ebaf62d32754c8154c7835b009710a0b53c40ab5ba763320432a77,11,0.77,2,1538808966155,Politics,1.1858,0.455
6G5e95Zd22J3HwZ8A,feb56455f9ebaf62d32754c8154c7835b009710a0b53c40ab5ba763320432a77,12,0.84,2,1538808966157,Politics,1.4111999999999998,0.36
JvMjB4Z6eC55fDsqD,feb56455f9ebaf62d32754c8154c7835b009710a0b53c40ab5ba763320432a77,13,0.89,2,1538809138005,Entertainment,1.5842,0.61
3C4Me7r5267P8ne6M,feb56455f9ebaf62d32754c8154c7835b009710a0b53c40ab5ba763320432a77,14,0.25,2,1538809138008,Entertainment,1.125,0.345
ZNi6rK4anGqGFjRrv,feb56455f9ebaf62d32754c8154c7835b009710a0b53c40ab5ba763320432a77,15,0.69,2,1538809138010,Entertainment,0.9521999999999998,0.505
LhCPhSK6QP4emQwym,feb56455f9ebaf62d32754c8154c7835b009710a0b53c40ab5ba763320432a77,16,0.75,2,1538809138012,Entertainment,0.125,0.53
8NTy9br466JWRSsfq,feb56455f9ebaf62d32754c8154c7835b009710a0b53c40ab5ba763320432a77,17,0.8,2,1538809138013,Entertainment,1.2800000000000002,0.475
44WGBPCXd35qYhDj2,feb56455f9ebaf62d32754c8154c7835b009710a0b53c40ab5ba763320432a77,18,0.59,2,1538809138015,Entertainment,0.6961999999999999,0.545
agyT23BXFiajvaHZm,15a28ec4acaa30d5ab35a979bd5a86a6b4fccc3cb0a50983973efff38187e1f1,1,1,2,1538810236915,Sports,0,0.61
kZd4nthsfzYezpzWR,15a28ec4acaa30d5ab35a979bd5a86a6b4fccc3cb0a50983973efff38187e1f1,2,0,2,1538810236917,Sports,0,0.225
G8JakSwf4wEECGmmm,15a28ec4acaa30d5ab35a979bd5a86a6b4fccc3cb0a50983973efff38187e1f1,3,1,2,1538810236917,Sports,2,0.5
DdDqRWhH4Msb683Z6,15a28ec4acaa30d5ab35a979bd5a86a6b4fccc3cb0a50983973efff38187e1f1,4,1,2,1538810236917,Sports,0,0.725
cPNXaA89Fnwe8BrPh,15a28ec4acaa30d5ab35a979bd5a86a6b4fccc3cb0a50983973efff38187e1f1,5,0,2,1538810236917,Sports,0,0.295
oqQLLkPWB2KHhzjA5,15a28ec4acaa30d5ab35a979bd5a86a6b4fccc3cb0a50983973efff38187e1f1,6,1,2,1538810236918,Sports,2,0.62
QKMPsQfMz6Bc7L68u,15a28ec4acaa30d5ab35a979bd5a86a6b4fccc3cb0a50983973efff38187e1f1,7,1,2,1538810300353,Politics,2,0.73
sFGjTQWR8KPtDL6Db,15a28ec4acaa30d5ab35a979bd5a86a6b4fccc3cb0a50983973efff38187e1f1,8,0,2,1538810300355,Politics,2,0.29
ab9QawTabPwiB4HR9,15a28ec4acaa30d5ab35a979bd5a86a6b4fccc3cb0a50983973efff38187e1f1,9,1,2,1538810300355,Politics,2,0.565
Xw2kJCgt86zaEZeYT,15a28ec4acaa30d5ab35a979bd5a86a6b4fccc3cb0a50983973efff38187e1f1,10,1,2,1538810300355,Politics,2,0.47
Bxo7KX3doWN3gPF3m,15a28ec4acaa30d5ab35a979bd5a86a6b4fccc3cb0a50983973efff38187e1f1,11,0,2,1538810300356,Politics,0,0.46
whLros8WwdtPacida,15a28ec4acaa30d5ab35a979bd5a86a6b4fccc3cb0a50983973efff38187e1f1,12,1,2,1538810300358,Politics,2,0.465
dBoqQ4TQfZDWMJDrx,15a28ec4acaa30d5ab35a979bd5a86a6b4fccc3cb0a50983973efff38187e1f1,13,1,2,1538810343026,Entertainment,2,0.655
2JpvYT8MBWw6CNoab,15a28ec4acaa30d5ab35a979bd5a86a6b4fccc3cb0a50983973efff38187e1f1,14,1,2,1538810343028,Entertainment,0,0.67
Svj3hNwiLnvjxHSC7,15a28ec4acaa30d5ab35a979bd5a86a6b4fccc3cb0a50983973efff38187e1f1,15,0,2,1538810343028,Entertainment,0,0.235
T7Frs83jJ4D2EvLfv,15a28ec4acaa30d5ab35a979bd5a86a6b4fccc3cb0a50983973efff38187e1f1,16,1,2,1538810343029,Entertainment,0,0.58
HoczsRsDazr4w77TH,15a28ec4acaa30d5ab35a979bd5a86a6b4fccc3cb0a50983973efff38187e1f1,17,0,2,1538810343029,Entertainment,0,0.33
CYjZuCkewp7MsGB6T,15a28ec4acaa30d5ab35a979bd5a86a6b4fccc3cb0a50983973efff38187e1f1,18,1,2,1538810343031,Entertainment,2,0.555
ZwJwstq6DQYZwB833,becde5d197b7dee518abb32f65e55ba2e6bd90efbc2e3330e8446b599a04611a,1,0.92,2,1538810752433,Sports,0.012799999999999987,0.55
mkDTC6LagnJLqziWo,becde5d197b7dee518abb32f65e55ba2e6bd90efbc2e3330e8446b599a04611a,2,0.87,2,1538810752434,Sports,1.5138,0.565
AZ4SSnvB4EXu9dobk,becde5d197b7dee518abb32f65e55ba2e6bd90efbc2e3330e8446b599a04611a,3,0.48,2,1538810752434,Sports,0.4608,0.53
B3KbSDsouuXE7Bp2k,becde5d197b7dee518abb32f65e55ba2e6bd90efbc2e3330e8446b599a04611a,4,0.83,2,1538810752435,Sports,0.057800000000000025,0.63
PWYZ8FRxojTR22Ea6,becde5d197b7dee518abb32f65e55ba2e6bd90efbc2e3330e8446b599a04611a,5,0.9,2,1538810752436,Sports,1.62,0.52
j3mNhFnxSsyvYuctz,becde5d197b7dee518abb32f65e55ba2e6bd90efbc2e3330e8446b599a04611a,6,0.3,2,1538810752436,Sports,0.18,0.625
k6QkHfEog255Y9NZE,becde5d197b7dee518abb32f65e55ba2e6bd90efbc2e3330e8446b599a04611a,7,0.38,2,1538810809797,Politics,0.2888,0.67
d2AQixrqpqoS8bGCh,becde5d197b7dee518abb32f65e55ba2e6bd90efbc2e3330e8446b599a04611a,8,0.61,2,1538810809799,Politics,0.3042,0.565
gpTQiDSigfdcg46J2,becde5d197b7dee518abb32f65e55ba2e6bd90efbc2e3330e8446b599a04611a,9,0.6,2,1538810809799,Politics,0.72,0.51
4sfybD5ruEjZfFQNf,becde5d197b7dee518abb32f65e55ba2e6bd90efbc2e3330e8446b599a04611a,10,0.27,2,1538810809800,Politics,0.1458,0.39
DKoy6RKfpH3ATtcJQ,becde5d197b7dee518abb32f65e55ba2e6bd90efbc2e3330e8446b599a04611a,11,0.27,2,1538810809801,Politics,0.1458,0.36
7NBdsxTxp9fv5rSv3,becde5d197b7dee518abb32f65e55ba2e6bd90efbc2e3330e8446b599a04611a,12,0.1,2,1538810809801,Politics,0.020000000000000004,0.48
twKjGCJfwGWQ2KBs3,becde5d197b7dee518abb32f65e55ba2e6bd90efbc2e3330e8446b599a04611a,13,0.71,2,1538810874567,Entertainment,1.0082,0.59
gQ5AHmszL4dpNa5dq,becde5d197b7dee518abb32f65e55ba2e6bd90efbc2e3330e8446b599a04611a,14,0.36,2,1538810874568,Entertainment,0.8192,0.675
itRDTb4SjzQaLfqcd,becde5d197b7dee518abb32f65e55ba2e6bd90efbc2e3330e8446b599a04611a,15,0.68,2,1538810874569,Entertainment,0.9248000000000002,0.525
jWiEKdjsri9MdAdW8,becde5d197b7dee518abb32f65e55ba2e6bd90efbc2e3330e8446b599a04611a,16,0.21,2,1538810874570,Entertainment,1.2482000000000002,0.395
tGozrhWdWatYAzAmF,becde5d197b7dee518abb32f65e55ba2e6bd90efbc2e3330e8446b599a04611a,17,0.8,2,1538810874571,Entertainment,1.2800000000000002,0.495
SbQCZN74cechpNX2M,becde5d197b7dee518abb32f65e55ba2e6bd90efbc2e3330e8446b599a04611a,18,0.66,2,1538810874571,Entertainment,0.8712000000000001,0.495
Zr3qsWkPMr7uZA2Lm,b12ca439a38506b654680b52f42468d231047c53e237f6e8694ae8341cb79c0f,1,0.7,2,1538811641085,Sports,0.18000000000000005,0.54
TT9AwNqs8vPQM3r2w,b12ca439a38506b654680b52f42468d231047c53e237f6e8694ae8341cb79c0f,2,0.63,2,1538811641088,Sports,0.7938000000000001,0.55
ZWtbjXYutjWbhwmaE,b12ca439a38506b654680b52f42468d231047c53e237f6e8694ae8341cb79c0f,3,0.78,2,1538811641090,Sports,1.2168,0.43
ASL74sGRba9xA9bBK,b12ca439a38506b654680b52f42468d231047c53e237f6e8694ae8341cb79c0f,4,0.38,2,1538811641094,Sports,0.7688,0.67
SX4dTztXX9d6Ch4ic,b12ca439a38506b654680b52f42468d231047c53e237f6e8694ae8341cb79c0f,5,0.83,2,1538811641096,Sports,1.3778,0.475
38nE2cFtemwoNSNcv,b12ca439a38506b654680b52f42468d231047c53e237f6e8694ae8341cb79c0f,6,0.87,2,1538811641098,Sports,1.5138,0.495
6obwqvPeA7QgyzYsS,b12ca439a38506b654680b52f42468d231047c53e237f6e8694ae8341cb79c0f,7,0.78,2,1538811647895,Politics,1.2168,0.58
KQrvM5ho7ZLRw3GT8,b12ca439a38506b654680b52f42468d231047c53e237f6e8694ae8341cb79c0f,8,0.82,2,1538811647896,Politics,0.06480000000000004,0.555
bYJAnk43tGa9p349C,b12ca439a38506b654680b52f42468d231047c53e237f6e8694ae8341cb79c0f,9,0.36,2,1538811647906,Politics,0.2592,0.6
4M8bce6Gyh9ghQfDS,b12ca439a38506b654680b52f42468d231047c53e237f6e8694ae8341cb79c0f,10,0.94,2,1538811647907,Politics,1.7671999999999999,0.325
gbMkmTMJpgFgG8Fa2,b12ca439a38506b654680b52f42468d231047c53e237f6e8694ae8341cb79c0f,11,0.87,2,1538811647910,Politics,1.5138,0.395
DYFjyBryYrG5LXhzf,b12ca439a38506b654680b52f42468d231047c53e237f6e8694ae8341cb79c0f,12,0.74,2,1538811647911,Politics,1.0952,0.325
i2BooDPcZFsmTyrey,b12ca439a38506b654680b52f42468d231047c53e237f6e8694ae8341cb79c0f,13,0.73,2,1538811654290,Entertainment,1.0657999999999999,0.535
PM6wCQ3SyhZ6znh4u,b12ca439a38506b654680b52f42468d231047c53e237f6e8694ae8341cb79c0f,14,0.7,2,1538811654293,Entertainment,0.18000000000000005,0.59
rfW43hs854SvqAB4e,b12ca439a38506b654680b52f42468d231047c53e237f6e8694ae8341cb79c0f,15,0.34,2,1538811654295,Entertainment,0.23120000000000004,0.615
byoywhEoY6hcLZL3k,b12ca439a38506b654680b52f42468d231047c53e237f6e8694ae8341cb79c0f,16,0.78,2,1538811654297,Entertainment,0.09679999999999998,0.48
KzkQWEqGQkse8kJd2,b12ca439a38506b654680b52f42468d231047c53e237f6e8694ae8341cb79c0f,17,0.78,2,1538811654300,Entertainment,1.2168,0.44
F6Nm5u9ytw8cfgj6B,b12ca439a38506b654680b52f42468d231047c53e237f6e8694ae8341cb79c0f,18,0.78,2,1538811654303,Entertainment,1.2168,0.46
4LtBZqX89DDT3EHSY,3a222bd492be9f116dd6cc994168ce2040680f0d5df35a643ee779b801ac336b,1,0.63,2,1538812980924,Sports,0.2738,0.58
XHgpZaqSZHKvJoRm2,3a222bd492be9f116dd6cc994168ce2040680f0d5df35a643ee779b801ac336b,2,0.19,2,1538812980995,Sports,0.0722,0.395
SupwPxo8z3FQeCXWx,3a222bd492be9f116dd6cc994168ce2040680f0d5df35a643ee779b801ac336b,3,0.13,2,1538812981002,Sports,0.033800000000000004,0.53
fNxnNisQ3qRqPdCvr,3a222bd492be9f116dd6cc994168ce2040680f0d5df35a643ee779b801ac336b,4,0.59,2,1538812981014,Sports,0.33620000000000005,0.655
gefBaSKtovQFXXdHF,3a222bd492be9f116dd6cc994168ce2040680f0d5df35a643ee779b801ac336b,5,0.14,2,1538812981022,Sports,0.039200000000000006,0.43
dZzwB6R8sMi7Jm3B3,3a222bd492be9f116dd6cc994168ce2040680f0d5df35a643ee779b801ac336b,6,0.14,2,1538812981028,Sports,0.039200000000000006,0.425
8StL7FSubbhJtx7Ca,3a222bd492be9f116dd6cc994168ce2040680f0d5df35a643ee779b801ac336b,7,0.31,2,1538813026184,Politics,0.1922,0.715
zv2Xw7Mzc4rizuFzm,3a222bd492be9f116dd6cc994168ce2040680f0d5df35a643ee779b801ac336b,8,0.15,2,1538813026192,Politics,1.4449999999999998,0.43
tSyxNdrC2YgZytDHJ,3a222bd492be9f116dd6cc994168ce2040680f0d5df35a643ee779b801ac336b,9,0.16,2,1538813026198,Politics,0.0512,0.445
smP3hgzemgGXYhwkm,3a222bd492be9f116dd6cc994168ce2040680f0d5df35a643ee779b801ac336b,10,0.26,2,1538813026202,Politics,0.13520000000000001,0.44
LadQmjDsuC6JXJ85i,3a222bd492be9f116dd6cc994168ce2040680f0d5df35a643ee779b801ac336b,11,0.13,2,1538813026212,Politics,0.033800000000000004,0.575
nqNpcPh6W329T9xwm,3a222bd492be9f116dd6cc994168ce2040680f0d5df35a643ee779b801ac336b,12,0.12,2,1538813026216,Politics,0.0288,0.63
cpaRAkXRhYBiKxhvp,3a222bd492be9f116dd6cc994168ce2040680f0d5df35a643ee779b801ac336b,13,0.22,2,1538813070957,Entertainment,0.0968,0.36
9vTpmdrQdXPJrkDLR,3a222bd492be9f116dd6cc994168ce2040680f0d5df35a643ee779b801ac336b,14,0.33,2,1538813070965,Entertainment,0.8977999999999998,0.73
WR4rLpCYQG6b2BTTf,3a222bd492be9f116dd6cc994168ce2040680f0d5df35a643ee779b801ac336b,15,0.1,2,1538813070967,Entertainment,0.020000000000000004,0.465
axPB6Wh7aExPAozjK,3a222bd492be9f116dd6cc994168ce2040680f0d5df35a643ee779b801ac336b,16,0.13,2,1538813070970,Entertainment,1.5138,0.47
6tutqWGPHgcc9AcnB,3a222bd492be9f116dd6cc994168ce2040680f0d5df35a643ee779b801ac336b,17,0.42,2,1538813070984,Entertainment,0.35279999999999995,0.615
yKLKgnZY5tiG9BFZZ,3a222bd492be9f116dd6cc994168ce2040680f0d5df35a643ee779b801ac336b,18,0.27,2,1538813070987,Entertainment,0.1458,0.54
ohntEhTbeEunA53Kp,7e0d845ae02bd9c521727559fd89e7aaa0e68029f1e1373a473af5055caabd1a,1,0.74,2,1538813418244,Sports,0.13520000000000001,0.515
FY9EeAPLf7w8pwrg7,7e0d845ae02bd9c521727559fd89e7aaa0e68029f1e1373a473af5055caabd1a,2,0.39,2,1538813418245,Sports,0.3042,0.655
GBFviu5FF3QFcZm4s,7e0d845ae02bd9c521727559fd89e7aaa0e68029f1e1373a473af5055caabd1a,3,0.72,2,1538813418246,Sports,1.0368,0.435
ficDyjZp9ZiQQH42q,7e0d845ae02bd9c521727559fd89e7aaa0e68029f1e1373a473af5055caabd1a,4,0.72,2,1538813418247,Sports,0.15680000000000002,0.55
M64zmEKapQQiA4taF,7e0d845ae02bd9c521727559fd89e7aaa0e68029f1e1373a473af5055caabd1a,5,0.24,2,1538813418247,Sports,0.1152,0.46
KeMXGF5ZLxRrDqiPo,7e0d845ae02bd9c521727559fd89e7aaa0e68029f1e1373a473af5055caabd1a,6,0.67,2,1538813418248,Sports,0.8978000000000002,0.525
sW653cPs8HFp2s5ZY,7e0d845ae02bd9c521727559fd89e7aaa0e68029f1e1373a473af5055caabd1a,7,0.7,2,1538813428470,Politics,0.9799999999999999,0.555
7BLRkYqeupJkiSdBF,7e0d845ae02bd9c521727559fd89e7aaa0e68029f1e1373a473af5055caabd1a,8,0.32,2,1538813428472,Politics,0.9247999999999998,0.605
serfhczN5YQMnyzp6,7e0d845ae02bd9c521727559fd89e7aaa0e68029f1e1373a473af5055caabd1a,9,0.77,2,1538813428473,Politics,1.1858,0.515
Z3QJ5eCjxGwDyRvjo,7e0d845ae02bd9c521727559fd89e7aaa0e68029f1e1373a473af5055caabd1a,10,0.68,2,1538813428473,Politics,0.9248000000000002,0.395
z94n3nqFFf8kW4WXs,7e0d845ae02bd9c521727559fd89e7aaa0e68029f1e1373a473af5055caabd1a,11,0.31,2,1538813428474,Politics,0.1922,0.535
tNapcdJ7AbLY5DJDs,7e0d845ae02bd9c521727559fd89e7aaa0e68029f1e1373a473af5055caabd1a,12,0.67,2,1538813428474,Politics,0.8978000000000002,0.365
ekkYfX6x5tZNSWgkd,7e0d845ae02bd9c521727559fd89e7aaa0e68029f1e1373a473af5055caabd1a,13,0.81,2,1538813436832,Entertainment,1.3122000000000003,0.505
zEoreHSLW4Ez9NqEy,7e0d845ae02bd9c521727559fd89e7aaa0e68029f1e1373a473af5055caabd1a,14,0.74,2,1538813436833,Entertainment,0.13520000000000001,0.55
8B2ZfWH7cpCXauuEa,7e0d845ae02bd9c521727559fd89e7aaa0e68029f1e1373a473af5055caabd1a,15,0.25,2,1538813436833,Entertainment,0.125,0.375
pJPaB4nBa2yzxhrYY,7e0d845ae02bd9c521727559fd89e7aaa0e68029f1e1373a473af5055caabd1a,16,0.74,2,1538813436836,Entertainment,0.13520000000000001,0.485
fKLhqPcpv2W4p3Ae9,7e0d845ae02bd9c521727559fd89e7aaa0e68029f1e1373a473af5055caabd1a,17,0.32,2,1538813436837,Entertainment,0.2048,0.54
74W6bTtNPTwAtE44u,7e0d845ae02bd9c521727559fd89e7aaa0e68029f1e1373a473af5055caabd1a,18,0.74,2,1538813436838,Entertainment,1.0952,0.46
J23AKY6PzMdyxmvsa,e93eb224f124abc549606d2672d0e8a3b9c1e2fff510c3b64e7557dd6a67c5f6,1,0.76,2,1538817696085,Sports,0.1152,0.63
6AXkGnDdGCLngs63E,e93eb224f124abc549606d2672d0e8a3b9c1e2fff510c3b64e7557dd6a67c5f6,2,0.8,2,1538817696089,Sports,1.2800000000000002,0.63
PbtgXbKKZj5HYxwDn,e93eb224f124abc549606d2672d0e8a3b9c1e2fff510c3b64e7557dd6a67c5f6,3,0.72,2,1538817696090,Sports,1.0368,0.49
DYty7M4gyTXuknAvJ,e93eb224f124abc549606d2672d0e8a3b9c1e2fff510c3b64e7557dd6a67c5f6,4,0.2,2,1538817696091,Sports,1.2800000000000002,0.305
Ze5pkYMRc6TARTn4n,e93eb224f124abc549606d2672d0e8a3b9c1e2fff510c3b64e7557dd6a67c5f6,5,0.74,2,1538817696091,Sports,1.0952,0.48
zRn74QsnshXzTJYkS,e93eb224f124abc549606d2672d0e8a3b9c1e2fff510c3b64e7557dd6a67c5f6,6,0.39,2,1538817696092,Sports,0.3042,0.61
SnWx8545oihDiGDZL,e93eb224f124abc549606d2672d0e8a3b9c1e2fff510c3b64e7557dd6a67c5f6,7,0.82,2,1538817745752,Politics,1.3447999999999998,0.64
YMBhRiuZBQjM4ctW8,e93eb224f124abc549606d2672d0e8a3b9c1e2fff510c3b64e7557dd6a67c5f6,8,0.75,2,1538817745754,Politics,0.125,0.64
aALRNoKQ9Bj23ySSQ,e93eb224f124abc549606d2672d0e8a3b9c1e2fff510c3b64e7557dd6a67c5f6,9,0.23,2,1538817745755,Politics,0.1058,0.42
uYtgzNBRoytGwLFsR,e93eb224f124abc549606d2672d0e8a3b9c1e2fff510c3b64e7557dd6a67c5f6,10,0.81,2,1538817745756,Politics,1.3122000000000003,0.38
QTXaSpqrMsy3gjN3Y,e93eb224f124abc549606d2672d0e8a3b9c1e2fff510c3b64e7557dd6a67c5f6,11,0.82,2,1538817745757,Politics,1.3447999999999998,0.435
6wkGroeKK6j3XLYLB,e93eb224f124abc549606d2672d0e8a3b9c1e2fff510c3b64e7557dd6a67c5f6,12,0.79,2,1538817745758,Politics,1.2482000000000002,0.365
4nExFQtYCwa2ptiKd,e93eb224f124abc549606d2672d0e8a3b9c1e2fff510c3b64e7557dd6a67c5f6,13,0.95,2,1538817802100,Entertainment,1.805,0.55
RTnZPtnbBAFW5jjiD,e93eb224f124abc549606d2672d0e8a3b9c1e2fff510c3b64e7557dd6a67c5f6,14,0.78,2,1538817802104,Entertainment,0.09679999999999998,0.595
aqPMvdB9NQ9RuKnLp,e93eb224f124abc549606d2672d0e8a3b9c1e2fff510c3b64e7557dd6a67c5f6,15,0.79,2,1538817802105,Entertainment,1.2482000000000002,0.495
7Cj4QEa88oYY6Cs4t,e93eb224f124abc549606d2672d0e8a3b9c1e2fff510c3b64e7557dd6a67c5f6,16,0.22,2,1538817802106,Entertainment,1.2168,0.465
8BW582oh3f6ubKHqd,e93eb224f124abc549606d2672d0e8a3b9c1e2fff510c3b64e7557dd6a67c5f6,17,0.23,2,1538817802107,Entertainment,0.1058,0.445
GvEXEsiFKTpH2jGBL,e93eb224f124abc549606d2672d0e8a3b9c1e2fff510c3b64e7557dd6a67c5f6,18,0.14,2,1538817802107,Entertainment,0.039200000000000006,0.355
EfKCFigL3MoiscM6H,4a6904e7607dba175e65421dbbe264c39d8e49112ffdd5d5de70bd69a1bc003b,1,1,2,1538819683173,Sports,0,0.505
CNrkM9Enc3Gm9feZx,4a6904e7607dba175e65421dbbe264c39d8e49112ffdd5d5de70bd69a1bc003b,2,0.3,2,1538819683177,Sports,0.18,0.625
FHR5ceqwFPZwYtE6h,4a6904e7607dba175e65421dbbe264c39d8e49112ffdd5d5de70bd69a1bc003b,3,0.3,2,1538819683178,Sports,0.18,0.605
du3n7HZEJLauYsroo,4a6904e7607dba175e65421dbbe264c39d8e49112ffdd5d5de70bd69a1bc003b,4,1,2,1538819683180,Sports,0,0.615
L4NmHmw4Fn74jW7Fs,4a6904e7607dba175e65421dbbe264c39d8e49112ffdd5d5de70bd69a1bc003b,5,0.7,2,1538819683181,Sports,0.9799999999999999,0.54
24maDtnQp35id3EK3,4a6904e7607dba175e65421dbbe264c39d8e49112ffdd5d5de70bd69a1bc003b,6,0.75,2,1538819683183,Sports,1.125,0.545
892QF9sDd3jAz35Mo,4a6904e7607dba175e65421dbbe264c39d8e49112ffdd5d5de70bd69a1bc003b,7,0.27,2,1538819769579,Politics,0.1458,0.29
SLydxiQck3g27YAe6,4a6904e7607dba175e65421dbbe264c39d8e49112ffdd5d5de70bd69a1bc003b,8,0.25,2,1538819769582,Politics,1.125,0.385
aHxB7HhJzgQMvSgxC,4a6904e7607dba175e65421dbbe264c39d8e49112ffdd5d5de70bd69a1bc003b,9,0.3,2,1538819769585,Politics,0.18,0.59
iokTtfdhyRcosmeWk,4a6904e7607dba175e65421dbbe264c39d8e49112ffdd5d5de70bd69a1bc003b,10,0.2,2,1538819769587,Politics,0.08000000000000002,0.375
XztBYit5uuiFBwZmm,4a6904e7607dba175e65421dbbe264c39d8e49112ffdd5d5de70bd69a1bc003b,11,0.7,2,1538819769589,Politics,0.9799999999999999,0.37
QsFmCMyaxt4z4WonW,4a6904e7607dba175e65421dbbe264c39d8e49112ffdd5d5de70bd69a1bc003b,12,0.2,2,1538819769592,Politics,0.08000000000000002,0.42
H5EJ7s5DwPaET3hv8,4a6904e7607dba175e65421dbbe264c39d8e49112ffdd5d5de70bd69a1bc003b,13,1,2,1538819915273,Entertainment,2,0.58
aGkesxCJjjjFF3Hrc,4a6904e7607dba175e65421dbbe264c39d8e49112ffdd5d5de70bd69a1bc003b,14,0.3,2,1538819915274,Entertainment,0.9799999999999999,0.635
xWauQeGgWJPjoMzoA,4a6904e7607dba175e65421dbbe264c39d8e49112ffdd5d5de70bd69a1bc003b,15,0.75,2,1538819915276,Entertainment,1.125,0.52
tJe5mWKgBziRikAio,4a6904e7607dba175e65421dbbe264c39d8e49112ffdd5d5de70bd69a1bc003b,16,0.75,2,1538819915277,Entertainment,0.125,0.55
HsYS9xypA9zeG79ks,4a6904e7607dba175e65421dbbe264c39d8e49112ffdd5d5de70bd69a1bc003b,17,0.2,2,1538819915278,Entertainment,0.08000000000000002,0.39
gECQ69Qwb2XGbgCpy,4a6904e7607dba175e65421dbbe264c39d8e49112ffdd5d5de70bd69a1bc003b,18,0.5,2,1538819915280,Entertainment,0.5,0.57
aCQmokfuvawM6tNKP,d9646a39b5c704da152dd93c3f839f44bb37a02c3787265179f59191dc435ca3,1,0.16,2,1538820931361,Sports,1.4111999999999998,0.31
GESRj5PxJGRnrGvfZ,d9646a39b5c704da152dd93c3f839f44bb37a02c3787265179f59191dc435ca3,2,0.38,2,1538820931362,Sports,0.2888,0.71
m34Jjqxb6MnRhfGpr,d9646a39b5c704da152dd93c3f839f44bb37a02c3787265179f59191dc435ca3,3,0.06,2,1538820931363,Sports,0.0072,0.37
3XvAR3AMCqLwqc8hh,d9646a39b5c704da152dd93c3f839f44bb37a02c3787265179f59191dc435ca3,4,0.15,2,1538820931363,Sports,1.4449999999999998,0.345
FiH5zTofmGiAEM35Z,d9646a39b5c704da152dd93c3f839f44bb37a02c3787265179f59191dc435ca3,5,0.26,2,1538820931363,Sports,0.13520000000000001,0.445
MkQxHFtonmPi4Er9n,d9646a39b5c704da152dd93c3f839f44bb37a02c3787265179f59191dc435ca3,6,0.72,2,1538820931363,Sports,1.0368,0.53
QJFTfX9BjggZ2Naqf,d9646a39b5c704da152dd93c3f839f44bb37a02c3787265179f59191dc435ca3,7,0.73,2,1538821278857,Politics,1.0657999999999999,0.665
4Ezs3Epv3WdRAZpLu,d9646a39b5c704da152dd93c3f839f44bb37a02c3787265179f59191dc435ca3,8,0.11,2,1538821278858,Politics,1.5842,0.325
QzG95R6QBA3ihWTEc,d9646a39b5c704da152dd93c3f839f44bb37a02c3787265179f59191dc435ca3,9,0.1,2,1538821278858,Politics,0.020000000000000004,0.48
Pddr9shm2aM6jzGk7,d9646a39b5c704da152dd93c3f839f44bb37a02c3787265179f59191dc435ca3,10,0.06,2,1538821278859,Politics,0.0072,0.395
iP6aJYytqXpMA64ie,d9646a39b5c704da152dd93c3f839f44bb37a02c3787265179f59191dc435ca3,11,0.54,2,1538821278859,Politics,0.5832,0.545
45nLF4YnhWZY4PfjD,d9646a39b5c704da152dd93c3f839f44bb37a02c3787265179f59191dc435ca3,12,0.06,2,1538821278859,Politics,0.0072,0.425
QwsLdvTydCKHRZYkh,d9646a39b5c704da152dd93c3f839f44bb37a02c3787265179f59191dc435ca3,13,0.5,2,1538821458297,Entertainment,0.5,0.615
BBCy8iyCuQ838jMz6,d9646a39b5c704da152dd93c3f839f44bb37a02c3787265179f59191dc435ca3,14,0.94,2,1538821458297,Entertainment,0.007200000000000013,0.675
LYNFwd3nmq4JyMYGR,d9646a39b5c704da152dd93c3f839f44bb37a02c3787265179f59191dc435ca3,15,0.83,2,1538821458298,Entertainment,1.3778,0.62
CigrrYrQekRmvob7M,d9646a39b5c704da152dd93c3f839f44bb37a02c3787265179f59191dc435ca3,16,0.72,2,1538821458299,Entertainment,0.15680000000000002,0.55
q2u64Kq8hMEqA5xBb,d9646a39b5c704da152dd93c3f839f44bb37a02c3787265179f59191dc435ca3,17,0.74,2,1538821458299,Entertainment,1.0952,0.57
3mAC6dvyNExXZvmpP,d9646a39b5c704da152dd93c3f839f44bb37a02c3787265179f59191dc435ca3,18,0.21,2,1538821458299,Entertainment,0.08819999999999999,0.495
MbBsypLcpCZ6oGTRa,37250d857ac0ac4c0cda200bb0bd8aafce5bcc1fc802730876198b385e9923bd,1,0.61,2,1538822298933,Sports,0.3042,0.545
TqfPp68TjSDXkBRjd,37250d857ac0ac4c0cda200bb0bd8aafce5bcc1fc802730876198b385e9923bd,2,0.76,2,1538822298934,Sports,1.1552,0.55
22eBndHYKKq2YicWq,37250d857ac0ac4c0cda200bb0bd8aafce5bcc1fc802730876198b385e9923bd,3,0.33,2,1538822298936,Sports,0.21780000000000002,0.55
B5iBKfuoEsyEY6PTP,37250d857ac0ac4c0cda200bb0bd8aafce5bcc1fc802730876198b385e9923bd,4,0.66,2,1538822298937,Sports,0.23119999999999996,0.56
io7F9ZwC4XvSyvJ6u,37250d857ac0ac4c0cda200bb0bd8aafce5bcc1fc802730876198b385e9923bd,5,0.76,2,1538822298938,Sports,1.1552,0.455
fhJZ5KBdetuzgnx7W,37250d857ac0ac4c0cda200bb0bd8aafce5bcc1fc802730876198b385e9923bd,6,0.65,2,1538822298939,Sports,0.8450000000000001,0.47
jtXzFvf66uf8yffdJ,37250d857ac0ac4c0cda200bb0bd8aafce5bcc1fc802730876198b385e9923bd,7,0.72,2,1538822334050,Politics,1.0368,0.565
6gbBbDCYDsB2GABJj,37250d857ac0ac4c0cda200bb0bd8aafce5bcc1fc802730876198b385e9923bd,8,0.31,2,1538822334052,Politics,0.9521999999999998,0.585
afrgdaEzc7igGCS2K,37250d857ac0ac4c0cda200bb0bd8aafce5bcc1fc802730876198b385e9923bd,9,0.65,2,1538822334054,Politics,0.8450000000000001,0.445
852Zzm2QWwryNxbSw,37250d857ac0ac4c0cda200bb0bd8aafce5bcc1fc802730876198b385e9923bd,10,0.3,2,1538822334054,Politics,0.18,0.5
asnHHpPMjTEFnQKtv,37250d857ac0ac4c0cda200bb0bd8aafce5bcc1fc802730876198b385e9923bd,11,0.3,2,1538822334056,Politics,0.18,0.49
yAwoLa8p4d3dHwohw,37250d857ac0ac4c0cda200bb0bd8aafce5bcc1fc802730876198b385e9923bd,12,0.25,2,1538822334057,Politics,0.125,0.43
Ea8nZEAzKXfb8sNGD,37250d857ac0ac4c0cda200bb0bd8aafce5bcc1fc802730876198b385e9923bd,13,0.73,2,1538822366181,Entertainment,1.0657999999999999,0.48
GLA2vLuZt2sZ4As9h,37250d857ac0ac4c0cda200bb0bd8aafce5bcc1fc802730876198b385e9923bd,14,0.77,2,1538822366182,Entertainment,0.10579999999999998,0.575
GTvWSxitw4uhrRCvi,37250d857ac0ac4c0cda200bb0bd8aafce5bcc1fc802730876198b385e9923bd,15,0.81,2,1538822366183,Entertainment,1.3122000000000003,0.5
FsiiR6xThxBsrpohX,37250d857ac0ac4c0cda200bb0bd8aafce5bcc1fc802730876198b385e9923bd,16,0.74,2,1538822366185,Entertainment,0.13520000000000001,0.49
e28oHAPHRELR634WM,37250d857ac0ac4c0cda200bb0bd8aafce5bcc1fc802730876198b385e9923bd,17,0.31,2,1538822366185,Entertainment,0.1922,0.57
6jYWrk6J82st7fBQ3,37250d857ac0ac4c0cda200bb0bd8aafce5bcc1fc802730876198b385e9923bd,18,0.61,2,1538822366186,Entertainment,0.7442,0.49
TA8R5kDdTXuyTfCYK,b1f86bba745f3b025528ebdbe53fe531b1973fbb20795fdb1056222d8fb8892f,1,0,2,1538823914363,Sports,2,0.33
gyXJPP6qLvba9nq28,b1f86bba745f3b025528ebdbe53fe531b1973fbb20795fdb1056222d8fb8892f,2,0,2,1538823914363,Sports,0,0.3
GnhrwHS4yQ2hH4nXA,b1f86bba745f3b025528ebdbe53fe531b1973fbb20795fdb1056222d8fb8892f,3,1,2,1538823914363,Sports,2,0.545
KbvYBvuSkkyDfSedZ,b1f86bba745f3b025528ebdbe53fe531b1973fbb20795fdb1056222d8fb8892f,4,1,2,1538823914364,Sports,0,0.69
mZa3XoXbZEWpeTrXq,b1f86bba745f3b025528ebdbe53fe531b1973fbb20795fdb1056222d8fb8892f,5,0,2,1538823914365,Sports,0,0.41
zcqPGrM7HQbzMTQTK,b1f86bba745f3b025528ebdbe53fe531b1973fbb20795fdb1056222d8fb8892f,6,0,2,1538823914366,Sports,0,0.395
NtPXLpSnFcozYDXDn,b1f86bba745f3b025528ebdbe53fe531b1973fbb20795fdb1056222d8fb8892f,7,1,2,1538823980869,Politics,2,0.715
nXAggokeGk34mCSkF,b1f86bba745f3b025528ebdbe53fe531b1973fbb20795fdb1056222d8fb8892f,8,1,2,1538823980870,Politics,0,0.66
ATHTJtTiYnd6njhk2,b1f86bba745f3b025528ebdbe53fe531b1973fbb20795fdb1056222d8fb8892f,9,0,2,1538823980870,Politics,0,0.37
XZ6GbNAwZArHYasWj,b1f86bba745f3b025528ebdbe53fe531b1973fbb20795fdb1056222d8fb8892f,10,0,2,1538823980871,Politics,0,0.445
mDHx6cYapriF5g5ej,b1f86bba745f3b025528ebdbe53fe531b1973fbb20795fdb1056222d8fb8892f,11,1,2,1538823980871,Politics,2,0.495
tKmsFLy6ZaDKFbYzH,b1f86bba745f3b025528ebdbe53fe531b1973fbb20795fdb1056222d8fb8892f,12,0,2,1538823980872,Politics,0,0.515
ZLCCJj2cqMTohXCb9,b1f86bba745f3b025528ebdbe53fe531b1973fbb20795fdb1056222d8fb8892f,13,1,2,1538824047672,Entertainment,2,0.65
ddLAgLpsWoP64RqJe,b1f86bba745f3b025528ebdbe53fe531b1973fbb20795fdb1056222d8fb8892f,14,1,2,1538824047673,Entertainment,0,0.705
wYq3BEnFjdrAzLjwJ,b1f86bba745f3b025528ebdbe53fe531b1973fbb20795fdb1056222d8fb8892f,15,0,2,1538824047673,Entertainment,0,0.335
MLWZQR3p9vR7EMi6o,b1f86bba745f3b025528ebdbe53fe531b1973fbb20795fdb1056222d8fb8892f,16,0.2,2,1538824047674,Entertainment,1.2800000000000002,0.535
Bh6DzM6cGZbZFXYRc,b1f86bba745f3b025528ebdbe53fe531b1973fbb20795fdb1056222d8fb8892f,17,0,2,1538824047674,Entertainment,0,0.41
XbesZMWN7BygokCHH,b1f86bba745f3b025528ebdbe53fe531b1973fbb20795fdb1056222d8fb8892f,18,1,2,1538824047675,Entertainment,2,0.58
kxKzqDSAQNgYCrZyN,7292f5e42dacb8d37922ddca79d0f12c777b13548e0cbf45a0f9469f0363a31b,1,0.5,2,1538825803935,Sports,0.5,0.63
v8uM5FQ3KWY9dBkWY,7292f5e42dacb8d37922ddca79d0f12c777b13548e0cbf45a0f9469f0363a31b,2,0.4,2,1538825803938,Sports,0.32000000000000006,0.67
Fdgn3GvTCDsk7dakR,7292f5e42dacb8d37922ddca79d0f12c777b13548e0cbf45a0f9469f0363a31b,3,0.11,2,1538825803941,Sports,0.0242,0.41
JSoNxubNPM2hCrWyQ,7292f5e42dacb8d37922ddca79d0f12c777b13548e0cbf45a0f9469f0363a31b,4,0.5,2,1538825803943,Sports,0.5,0.615
to7oe9oF3555jkhMS,7292f5e42dacb8d37922ddca79d0f12c777b13548e0cbf45a0f9469f0363a31b,5,0.19,2,1538825803944,Sports,0.0722,0.36
EgBhcQQZhGmTYnAwh,7292f5e42dacb8d37922ddca79d0f12c777b13548e0cbf45a0f9469f0363a31b,6,0.46,2,1538825803946,Sports,0.4232,0.525
MQPX8SYn6DLbZBXbN,7292f5e42dacb8d37922ddca79d0f12c777b13548e0cbf45a0f9469f0363a31b,7,0.27,2,1538825837918,Politics,0.1458,0.305
NBhc4jKwjBwjxss38,7292f5e42dacb8d37922ddca79d0f12c777b13548e0cbf45a0f9469f0363a31b,8,0.55,2,1538825837920,Politics,0.4049999999999999,0.62
QKXDLJnSZYoWaa6yK,7292f5e42dacb8d37922ddca79d0f12c777b13548e0cbf45a0f9469f0363a31b,9,0.31,2,1538825837920,Politics,0.1922,0.65
ro4XsTQbmB4gNaHuA,7292f5e42dacb8d37922ddca79d0f12c777b13548e0cbf45a0f9469f0363a31b,10,0.56,2,1538825837921,Politics,0.6272000000000001,0.485
ZBuZusvo3abb3iEjN,7292f5e42dacb8d37922ddca79d0f12c777b13548e0cbf45a0f9469f0363a31b,11,0.42,2,1538825837922,Politics,0.35279999999999995,0.52
96Krq753jBEueE7TC,7292f5e42dacb8d37922ddca79d0f12c777b13548e0cbf45a0f9469f0363a31b,12,0.61,2,1538825837925,Politics,0.7442,0.375
FPLKRFoeyTJJzxKLy,7292f5e42dacb8d37922ddca79d0f12c777b13548e0cbf45a0f9469f0363a31b,13,0.41,2,1538825865563,Entertainment,0.33619999999999994,0.545
csqQDop3bupEKiY2C,7292f5e42dacb8d37922ddca79d0f12c777b13548e0cbf45a0f9469f0363a31b,14,0.09,2,1538825865566,Entertainment,1.6562000000000001,0.195
9ZPbjWMkcyF2HWPZD,7292f5e42dacb8d37922ddca79d0f12c777b13548e0cbf45a0f9469f0363a31b,15,0.41,2,1538825865568,Entertainment,0.33619999999999994,0.53
sQewno8zPsRK5MRaW,7292f5e42dacb8d37922ddca79d0f12c777b13548e0cbf45a0f9469f0363a31b,16,0.23,2,1538825865570,Entertainment,1.1858,0.425
YLDsZ4YnGWpSiNXBa,7292f5e42dacb8d37922ddca79d0f12c777b13548e0cbf45a0f9469f0363a31b,17,0.23,2,1538825865571,Entertainment,0.1058,0.405
fGtL6eZNKz9YNbXJh,7292f5e42dacb8d37922ddca79d0f12c777b13548e0cbf45a0f9469f0363a31b,18,0.53,2,1538825865573,Entertainment,0.5618000000000001,0.51
hipYSqQGdL9TRkHQy,348824f8f2fdb5dc07256de4b8ea27c114fb1e69efc2a110145fdea41f577bb3,1,0.82,2,1538826487129,Sports,0.06480000000000004,0.625
MxxYAekgLgroE8dNn,348824f8f2fdb5dc07256de4b8ea27c114fb1e69efc2a110145fdea41f577bb3,2,1,2,1538826487131,Sports,2,0.63
qZ9khwFj4cRKbFSCZ,348824f8f2fdb5dc07256de4b8ea27c114fb1e69efc2a110145fdea41f577bb3,3,0,2,1538826487133,Sports,0,0.375
vcSeNDh7tSYdEAedf,348824f8f2fdb5dc07256de4b8ea27c114fb1e69efc2a110145fdea41f577bb3,4,0.92,2,1538826487133,Sports,0.012799999999999987,0.7
PmihMNc9Z9vDvuf7H,348824f8f2fdb5dc07256de4b8ea27c114fb1e69efc2a110145fdea41f577bb3,5,0.25,2,1538826487134,Sports,0.125,0.56
i4pczGQActoGPB5hy,348824f8f2fdb5dc07256de4b8ea27c114fb1e69efc2a110145fdea41f577bb3,6,0.26,2,1538826487134,Sports,0.13520000000000001,0.455
dgdhYJb7KS9tQtiGw,348824f8f2fdb5dc07256de4b8ea27c114fb1e69efc2a110145fdea41f577bb3,7,0,2,1538826534101,Politics,0,0.29
C2yu4xBtEQAAZamWx,348824f8f2fdb5dc07256de4b8ea27c114fb1e69efc2a110145fdea41f577bb3,8,0.6,2,1538826534103,Politics,0.32000000000000006,0.62
uLuifaR4TJY96vnWK,348824f8f2fdb5dc07256de4b8ea27c114fb1e69efc2a110145fdea41f577bb3,9,0.46,2,1538826534105,Politics,0.4232,0.705
as96XRTnY433zv3vE,348824f8f2fdb5dc07256de4b8ea27c114fb1e69efc2a110145fdea41f577bb3,10,0,2,1538826534106,Politics,0,0.39
4KLHnkE28AL9EMCfu,348824f8f2fdb5dc07256de4b8ea27c114fb1e69efc2a110145fdea41f577bb3,11,0,2,1538826534106,Politics,0,0.415
Kvfjnjegn5MEdQnuL,348824f8f2fdb5dc07256de4b8ea27c114fb1e69efc2a110145fdea41f577bb3,12,0.4,2,1538826534108,Politics,0.32000000000000006,0.495
xNCGGnHwaGYH8agMg,348824f8f2fdb5dc07256de4b8ea27c114fb1e69efc2a110145fdea41f577bb3,13,0.51,2,1538826602179,Entertainment,0.5202,0.655
WAEXHK7GofJ5piowW,348824f8f2fdb5dc07256de4b8ea27c114fb1e69efc2a110145fdea41f577bb3,14,0.9,2,1538826602181,Entertainment,0.01999999999999999,0.7
CEXS34bzeWMKiCsA3,348824f8f2fdb5dc07256de4b8ea27c114fb1e69efc2a110145fdea41f577bb3,15,0.18,2,1538826602181,Entertainment,0.0648,0.47
F83KWWKdSHzsPsDnk,348824f8f2fdb5dc07256de4b8ea27c114fb1e69efc2a110145fdea41f577bb3,16,0.11,2,1538826602186,Entertainment,1.5842,0.445
hKKEYsMiLLQbJRZRx,348824f8f2fdb5dc07256de4b8ea27c114fb1e69efc2a110145fdea41f577bb3,17,0.8,2,1538826602186,Entertainment,1.2800000000000002,0.54
vTwzTBzy8xJzYnEQf,348824f8f2fdb5dc07256de4b8ea27c114fb1e69efc2a110145fdea41f577bb3,18,0.18,2,1538826602190,Entertainment,0.0648,0.495
cW6tR5RuyaGNeoRgt,0caaa243d63e3168566e0f9e1dfe0f6fd080a36c8fdfe4a247c2dcf6797a8ef8,1,0.62,2,1538826949413,Sports,0.2888,0.59
ToLgEFre3nQCTZp4T,0caaa243d63e3168566e0f9e1dfe0f6fd080a36c8fdfe4a247c2dcf6797a8ef8,2,0.68,2,1538826949413,Sports,0.9248000000000002,0.56
zarSAFJ5Ng4GWQYRg,0caaa243d63e3168566e0f9e1dfe0f6fd080a36c8fdfe4a247c2dcf6797a8ef8,3,0.26,2,1538826949413,Sports,0.13520000000000001,0.465
7XH5Ctkt8rFcAmGgk,0caaa243d63e3168566e0f9e1dfe0f6fd080a36c8fdfe4a247c2dcf6797a8ef8,4,0.5,2,1538826949414,Sports,0.5,0.555
dHJRsb3pRLpsv2Tbi,0caaa243d63e3168566e0f9e1dfe0f6fd080a36c8fdfe4a247c2dcf6797a8ef8,5,0.41,2,1538826949414,Sports,0.33619999999999994,0.52
eZKzRjYdzWKbhoBMP,0caaa243d63e3168566e0f9e1dfe0f6fd080a36c8fdfe4a247c2dcf6797a8ef8,6,1,2,1538826949415,Sports,2,0.505
htqZYjHFYkTJtgY7C,0caaa243d63e3168566e0f9e1dfe0f6fd080a36c8fdfe4a247c2dcf6797a8ef8,7,0.72,2,1538827061726,Politics,1.0368,0.58
9F2nZQgHhbHyzr2Li,0caaa243d63e3168566e0f9e1dfe0f6fd080a36c8fdfe4a247c2dcf6797a8ef8,8,0.75,2,1538827061727,Politics,0.125,0.59
ZzmgsuoLvwYJkCHrb,0caaa243d63e3168566e0f9e1dfe0f6fd080a36c8fdfe4a247c2dcf6797a8ef8,9,0.53,2,1538827061727,Politics,0.5618000000000001,0.58
YZwg6ykkusesfQawt,0caaa243d63e3168566e0f9e1dfe0f6fd080a36c8fdfe4a247c2dcf6797a8ef8,10,0.25,2,1538827061728,Politics,0.125,0.42
JSmJEpDrSEF22iedM,0caaa243d63e3168566e0f9e1dfe0f6fd080a36c8fdfe4a247c2dcf6797a8ef8,11,0.6,2,1538827061729,Politics,0.72,0.465
Toapna3q8AjzQnWJG,0caaa243d63e3168566e0f9e1dfe0f6fd080a36c8fdfe4a247c2dcf6797a8ef8,12,0.14,2,1538827061730,Politics,0.039200000000000006,0.475
saHp7isfZHzrkM4p3,0caaa243d63e3168566e0f9e1dfe0f6fd080a36c8fdfe4a247c2dcf6797a8ef8,13,0.75,2,1538827154729,Entertainment,1.125,0.535
fg8H4rKaYP9ZRTQyt,0caaa243d63e3168566e0f9e1dfe0f6fd080a36c8fdfe4a247c2dcf6797a8ef8,14,0.67,2,1538827154729,Entertainment,0.21779999999999994,0.66
t4m3TuXu3ELr44Mxz,0caaa243d63e3168566e0f9e1dfe0f6fd080a36c8fdfe4a247c2dcf6797a8ef8,15,0.7,2,1538827154730,Entertainment,0.9799999999999999,0.525
Lq4qdKXN9tc3nfxrP,0caaa243d63e3168566e0f9e1dfe0f6fd080a36c8fdfe4a247c2dcf6797a8ef8,16,0.46,2,1538827154731,Entertainment,0.5832,0.62
ALxkEWsp6sJHXSySX,0caaa243d63e3168566e0f9e1dfe0f6fd080a36c8fdfe4a247c2dcf6797a8ef8,17,0.7,2,1538827154732,Entertainment,0.9799999999999999,0.5
hrPLz7NHAGbz8Hht9,0caaa243d63e3168566e0f9e1dfe0f6fd080a36c8fdfe4a247c2dcf6797a8ef8,18,0.81,2,1538827154732,Entertainment,1.3122000000000003,0.475
AzXnsMuMqznPFTJor,73d75e63f19a8aad05db79cc1d68dd585c2e7281134699208eee57af33bf5f5b,1,0.64,2,1538827331965,Sports,0.2592,0.59
HLBb9u87u4DvQMwh6,73d75e63f19a8aad05db79cc1d68dd585c2e7281134699208eee57af33bf5f5b,2,0.82,2,1538827331966,Sports,1.3447999999999998,0.545
srPR9Xz452uo3Wi5S,73d75e63f19a8aad05db79cc1d68dd585c2e7281134699208eee57af33bf5f5b,3,0.44,2,1538827331967,Sports,0.3872,0.525
vM74EBySTEw2FucTM,73d75e63f19a8aad05db79cc1d68dd585c2e7281134699208eee57af33bf5f5b,4,0.66,2,1538827331967,Sports,0.23119999999999996,0.6
2YtWShStGfeEbvKym,73d75e63f19a8aad05db79cc1d68dd585c2e7281134699208eee57af33bf5f5b,5,0.33,2,1538827331968,Sports,0.21780000000000002,0.635
8wGsE7wv8HzSGwooS,73d75e63f19a8aad05db79cc1d68dd585c2e7281134699208eee57af33bf5f5b,6,0.48,2,1538827331969,Sports,0.4608,0.505
8L69veDcRvTnHh5fp,73d75e63f19a8aad05db79cc1d68dd585c2e7281134699208eee57af33bf5f5b,7,0.69,2,1538827376728,Politics,0.9521999999999998,0.535
MsNPCGLBght2HasZM,73d75e63f19a8aad05db79cc1d68dd585c2e7281134699208eee57af33bf5f5b,8,0.67,2,1538827376728,Politics,0.21779999999999994,0.56
srk52S66HeGMEgmtJ,73d75e63f19a8aad05db79cc1d68dd585c2e7281134699208eee57af33bf5f5b,9,0.78,2,1538827376729,Politics,1.2168,0.505
2yRQiwWSowbcJuLj6,73d75e63f19a8aad05db79cc1d68dd585c2e7281134699208eee57af33bf5f5b,10,0.3,2,1538827376729,Politics,0.18,0.505
pC2kRqfmsQzAQsfeP,73d75e63f19a8aad05db79cc1d68dd585c2e7281134699208eee57af33bf5f5b,11,0.24,2,1538827376730,Politics,0.1152,0.44
X6v8D8ahJJZAzdnbo,73d75e63f19a8aad05db79cc1d68dd585c2e7281134699208eee57af33bf5f5b,12,0.25,2,1538827376730,Politics,0.125,0.425
FBq3zSKZMER8SwPxB,73d75e63f19a8aad05db79cc1d68dd585c2e7281134699208eee57af33bf5f5b,13,0.67,2,1538827414244,Entertainment,0.8978000000000002,0.555
bp8x5SJiju9cxA8kk,73d75e63f19a8aad05db79cc1d68dd585c2e7281134699208eee57af33bf5f5b,14,0.63,2,1538827414244,Entertainment,0.2738,0.555
pwzviPw3RSxekCZqS,73d75e63f19a8aad05db79cc1d68dd585c2e7281134699208eee57af33bf5f5b,15,0.84,2,1538827414245,Entertainment,1.4111999999999998,0.55
Pcx8BwKqS783s4uYG,73d75e63f19a8aad05db79cc1d68dd585c2e7281134699208eee57af33bf5f5b,16,0.61,2,1538827414245,Entertainment,0.3042,0.515
xqnEshHKQEfHNnZWk,73d75e63f19a8aad05db79cc1d68dd585c2e7281134699208eee57af33bf5f5b,17,0.5,2,1538827414246,Entertainment,0.5,0.495
BYqdCCN8CPQdZXwSg,73d75e63f19a8aad05db79cc1d68dd585c2e7281134699208eee57af33bf5f5b,18,0.36,2,1538827414246,Entertainment,0.2592,0.59
hvMpGqQWPvb44x63W,c42948f8341745c7ee03b2d27dbc607b08e7d56a3969fa9409e3de995cc13f55,1,0.59,2,1538828518312,Sports,0.33620000000000005,0.68
gDQXYiwkjvmejCMbm,c42948f8341745c7ee03b2d27dbc607b08e7d56a3969fa9409e3de995cc13f55,2,0.28,2,1538828518313,Sports,0.15680000000000002,0.385
YvwmD53YoZhtyLk4i,c42948f8341745c7ee03b2d27dbc607b08e7d56a3969fa9409e3de995cc13f55,3,0.67,2,1538828518314,Sports,0.8978000000000002,0.41
48T9rNTGvjdFKtMmf,c42948f8341745c7ee03b2d27dbc607b08e7d56a3969fa9409e3de995cc13f55,4,0.89,2,1538828518314,Sports,0.024199999999999996,0.61
2EwRxvcNsiik2AQm9,c42948f8341745c7ee03b2d27dbc607b08e7d56a3969fa9409e3de995cc13f55,5,0.22,2,1538828518314,Sports,0.0968,0.43
72ZxJYoLjtNq3Jsf3,c42948f8341745c7ee03b2d27dbc607b08e7d56a3969fa9409e3de995cc13f55,6,0.85,2,1538828518314,Sports,1.4449999999999998,0.525
CBrkrMpj5kvDj7sSs,c42948f8341745c7ee03b2d27dbc607b08e7d56a3969fa9409e3de995cc13f55,7,1,2,1538828557268,Politics,2,0.55
wJ4i8Hqft6sgqWM4i,c42948f8341745c7ee03b2d27dbc607b08e7d56a3969fa9409e3de995cc13f55,8,0.69,2,1538828557268,Politics,0.19220000000000007,0.575
c7QbKMpm5WPBvjABb,c42948f8341745c7ee03b2d27dbc607b08e7d56a3969fa9409e3de995cc13f55,9,0.78,2,1538828557268,Politics,1.2168,0.52
5Mh69RyFCnAAhdus3,c42948f8341745c7ee03b2d27dbc607b08e7d56a3969fa9409e3de995cc13f55,10,0.21,2,1538828557269,Politics,0.08819999999999999,0.4
oK7ju8cnyduyzgnsc,c42948f8341745c7ee03b2d27dbc607b08e7d56a3969fa9409e3de995cc13f55,11,0.77,2,1538828557269,Politics,1.1858,0.425
eEuE8yNfJqqWHtXw2,c42948f8341745c7ee03b2d27dbc607b08e7d56a3969fa9409e3de995cc13f55,12,0.24,2,1538828557270,Politics,0.1152,0.445
BnuozKXhztSn8XZes,c42948f8341745c7ee03b2d27dbc607b08e7d56a3969fa9409e3de995cc13f55,13,0.78,2,1538828562176,Entertainment,1.2168,0.59
2qd38gwnx3CkC25rG,c42948f8341745c7ee03b2d27dbc607b08e7d56a3969fa9409e3de995cc13f55,14,0.35,2,1538828562176,Entertainment,0.8450000000000001,0.675
tH8xjK9qJTY3SFuW6,c42948f8341745c7ee03b2d27dbc607b08e7d56a3969fa9409e3de995cc13f55,15,0.79,2,1538828562177,Entertainment,1.2482000000000002,0.57
bjT3zNAFeyZ95CfuX,c42948f8341745c7ee03b2d27dbc607b08e7d56a3969fa9409e3de995cc13f55,16,0.78,2,1538828562177,Entertainment,0.09679999999999998,0.505
fQx2LbevrmLwfawdS,c42948f8341745c7ee03b2d27dbc607b08e7d56a3969fa9409e3de995cc13f55,17,0.75,2,1538828562178,Entertainment,1.125,0.52
RJGZ7kRhqzvXyiu6i,c42948f8341745c7ee03b2d27dbc607b08e7d56a3969fa9409e3de995cc13f55,18,0.82,2,1538828562178,Entertainment,1.3447999999999998,0.525
FvvEwg5jPogT8T3kG,f379dab174c72ea3727be806017f4d3bf5e0db4f5b9e41884bf72bc806ee758a,1,0.69,2,1538828622640,Sports,0.19220000000000007,0.59
qJ94JTrWkr9htJ874,f379dab174c72ea3727be806017f4d3bf5e0db4f5b9e41884bf72bc806ee758a,2,0.72,2,1538828622641,Sports,1.0368,0.585
pkDxHigEiwYbiSoa4,f379dab174c72ea3727be806017f4d3bf5e0db4f5b9e41884bf72bc806ee758a,3,0.8,2,1538828622641,Sports,1.2800000000000002,0.465
CSTLF8D3QXxLRRv6A,f379dab174c72ea3727be806017f4d3bf5e0db4f5b9e41884bf72bc806ee758a,4,0.83,2,1538828622642,Sports,0.057800000000000025,0.655
C8PffeE5oHazkimGc,f379dab174c72ea3727be806017f4d3bf5e0db4f5b9e41884bf72bc806ee758a,5,0.72,2,1538828622642,Sports,1.0368,0.52
bdLZ25wd87Hgt2M9C,f379dab174c72ea3727be806017f4d3bf5e0db4f5b9e41884bf72bc806ee758a,6,0.74,2,1538828622643,Sports,1.0952,0.555
DzoDCDEsyTv4TfCP8,b6b16c6f1da1b5320cb78b494b855d638f1a384b3663352bada0a7c82e3d15d4,1,0.76,2,1538828664498,Sports,0.1152,0.595
R3YK6aca5by8HcJAh,b6b16c6f1da1b5320cb78b494b855d638f1a384b3663352bada0a7c82e3d15d4,2,1,2,1538828664499,Sports,2,0.615
aDZpWEzs4MARFZHeQ,b6b16c6f1da1b5320cb78b494b855d638f1a384b3663352bada0a7c82e3d15d4,3,0,2,1538828664501,Sports,0,0.35
9ZEMxNTSehoXM3LQA,b6b16c6f1da1b5320cb78b494b855d638f1a384b3663352bada0a7c82e3d15d4,4,0.67,2,1538828664502,Sports,0.21779999999999994,0.68
j3mrBPEpN8saGtLNA,b6b16c6f1da1b5320cb78b494b855d638f1a384b3663352bada0a7c82e3d15d4,5,0.08,2,1538828664503,Sports,0.0128,0.205
x7Rh5cpboCZj7XDi8,b6b16c6f1da1b5320cb78b494b855d638f1a384b3663352bada0a7c82e3d15d4,6,0.76,2,1538828664505,Sports,1.1552,0.585
pqz6NGStd9xZpNjGq,b6b16c6f1da1b5320cb78b494b855d638f1a384b3663352bada0a7c82e3d15d4,7,0.15,2,1538828746972,Politics,0.045,0.335
qp9HXoit8Wx3eSm5n,b6b16c6f1da1b5320cb78b494b855d638f1a384b3663352bada0a7c82e3d15d4,8,0.64,2,1538828746975,Politics,0.2592,0.565
5gycQaXWPrYdGx7QQ,b6b16c6f1da1b5320cb78b494b855d638f1a384b3663352bada0a7c82e3d15d4,9,0.39,2,1538828746976,Politics,0.3042,0.685
RH7pqRjTRyRH5gax8,b6b16c6f1da1b5320cb78b494b855d638f1a384b3663352bada0a7c82e3d15d4,10,0.24,2,1538828746978,Politics,0.1152,0.48
Z7CEwRMox4TJP24ky,b6b16c6f1da1b5320cb78b494b855d638f1a384b3663352bada0a7c82e3d15d4,11,0.72,2,1538828746980,Politics,1.0368,0.385
PEmN9pEHvrngmjyfJ,b6b16c6f1da1b5320cb78b494b855d638f1a384b3663352bada0a7c82e3d15d4,12,0.94,2,1538828746983,Politics,1.7671999999999999,0.42
oGS4PDuiwH6tau4WD,b6b16c6f1da1b5320cb78b494b855d638f1a384b3663352bada0a7c82e3d15d4,13,1,2,1538828778975,Entertainment,2,0.565
B28psJTDxic439brp,b6b16c6f1da1b5320cb78b494b855d638f1a384b3663352bada0a7c82e3d15d4,14,0.94,2,1538828778977,Entertainment,0.007200000000000013,0.63
zvGmZbB45fBxkwGmw,b6b16c6f1da1b5320cb78b494b855d638f1a384b3663352bada0a7c82e3d15d4,15,0.73,2,1538828778980,Entertainment,1.0657999999999999,0.535
FF48asBsCurKkrpBs,b6b16c6f1da1b5320cb78b494b855d638f1a384b3663352bada0a7c82e3d15d4,16,0.67,2,1538828778983,Entertainment,0.21779999999999994,0.555
Bxr3fQeYz28FTRNss,b6b16c6f1da1b5320cb78b494b855d638f1a384b3663352bada0a7c82e3d15d4,17,0.69,2,1538828778986,Entertainment,0.9521999999999998,0.53
SmhtmqdZkjQpsXLPD,b6b16c6f1da1b5320cb78b494b855d638f1a384b3663352bada0a7c82e3d15d4,18,0.24,2,1538828778987,Entertainment,0.1152,0.53
q9wLhhtGY5QCku5jt,4b02299f6cadda083a2465e3e235c233a94d0d70e0eaa77bd470e4dbd2c68491,1,0.1,2,1538828923118,Sports,1.62,0.245
LpNZR4MwcteE96skC,4b02299f6cadda083a2465e3e235c233a94d0d70e0eaa77bd470e4dbd2c68491,2,0.65,2,1538828923120,Sports,0.8450000000000001,0.6
t8kNvKueM2T8j3PTF,4b02299f6cadda083a2465e3e235c233a94d0d70e0eaa77bd470e4dbd2c68491,3,0,2,1538828923120,Sports,0,0.36
oBgrdaeDQwzQPNxMy,4b02299f6cadda083a2465e3e235c233a94d0d70e0eaa77bd470e4dbd2c68491,4,0,2,1538828923122,Sports,2,0.26
S2oJmGJGDmm4zPXrL,4b02299f6cadda083a2465e3e235c233a94d0d70e0eaa77bd470e4dbd2c68491,5,0.4,2,1538828923122,Sports,0.32000000000000006,0.645
th3bAyq2keZcaWCbc,4b02299f6cadda083a2465e3e235c233a94d0d70e0eaa77bd470e4dbd2c68491,6,0.3,2,1538828923122,Sports,0.18,0.66
o9QsnhdpuSBufwCQ9,4b02299f6cadda083a2465e3e235c233a94d0d70e0eaa77bd470e4dbd2c68491,7,0.5,2,1538828987539,Politics,0.5,0.665
b4TYYYWgEw5zeSCAN,4b02299f6cadda083a2465e3e235c233a94d0d70e0eaa77bd470e4dbd2c68491,8,0.4,2,1538828987540,Politics,0.72,0.63
CrDzsvkJAcgoSon94,4b02299f6cadda083a2465e3e235c233a94d0d70e0eaa77bd470e4dbd2c68491,9,0.55,2,1538828987540,Politics,0.6050000000000001,0.55
RqvcqeRQuvnEiCc7B,4b02299f6cadda083a2465e3e235c233a94d0d70e0eaa77bd470e4dbd2c68491,10,0,2,1538828987540,Politics,0,0.335
ji4giv496RHfhbMMN,4b02299f6cadda083a2465e3e235c233a94d0d70e0eaa77bd470e4dbd2c68491,11,0.3,2,1538828987540,Politics,0.18,0.58
KWbAAPrtkyq5Rwrpy,4b02299f6cadda083a2465e3e235c233a94d0d70e0eaa77bd470e4dbd2c68491,12,0,2,1538828987541,Politics,0,0.45
AsrPP8smN7sznbyxi,4b02299f6cadda083a2465e3e235c233a94d0d70e0eaa77bd470e4dbd2c68491,13,0.75,2,1538829044671,Entertainment,1.125,0.56
pa5KPko7hGgvSoCjY,4b02299f6cadda083a2465e3e235c233a94d0d70e0eaa77bd470e4dbd2c68491,14,0.3,2,1538829044672,Entertainment,0.9799999999999999,0.69
MHHLqJTnCqgCwNvZE,4b02299f6cadda083a2465e3e235c233a94d0d70e0eaa77bd470e4dbd2c68491,15,0.9,2,1538829044673,Entertainment,1.62,0.565
BFLChZNoge3JD27vi,4b02299f6cadda083a2465e3e235c233a94d0d70e0eaa77bd470e4dbd2c68491,16,0.7,2,1538829044673,Entertainment,0.18000000000000005,0.565
sjknCuhv3hEM9qJFi,4b02299f6cadda083a2465e3e235c233a94d0d70e0eaa77bd470e4dbd2c68491,17,0.65,2,1538829044673,Entertainment,0.8450000000000001,0.525
fsa7bA3yTgD9t7txY,4b02299f6cadda083a2465e3e235c233a94d0d70e0eaa77bd470e4dbd2c68491,18,0.5,2,1538829044674,Entertainment,0.5,0.59
nc2jnPWnPbgQrKT6S,f379dab174c72ea3727be806017f4d3bf5e0db4f5b9e41884bf72bc806ee758a,7,0.91,2,1538829332163,Politics,1.6562000000000001,0.61
ytgurxgbdRTZtDJ6j,f379dab174c72ea3727be806017f4d3bf5e0db4f5b9e41884bf72bc806ee758a,8,0.93,2,1538829332163,Politics,0.009799999999999986,0.57
KP6LJrRyhGrhFqgxa,f379dab174c72ea3727be806017f4d3bf5e0db4f5b9e41884bf72bc806ee758a,9,0.23,2,1538829332163,Politics,0.1058,0.445
eChjeicxcvyvE4vZK,f379dab174c72ea3727be806017f4d3bf5e0db4f5b9e41884bf72bc806ee758a,10,0.19,2,1538829332163,Politics,0.0722,0.435
oRjpxoEsTbHqr99FK,f379dab174c72ea3727be806017f4d3bf5e0db4f5b9e41884bf72bc806ee758a,11,0.3,2,1538829332163,Politics,0.18,0.59
Tz9kQQ6orH62ezgTY,f379dab174c72ea3727be806017f4d3bf5e0db4f5b9e41884bf72bc806ee758a,12,0.25,2,1538829332163,Politics,0.125,0.44
M2C3RYF2QB33J4YTC,7ac18cc590cdb734a44d15303bc4ed9c852dc658865b727d5bf635456bb96327,1,0.61,2,1538830181543,Sports,0.3042,0.65
aG49AhoEWtmscXjxJ,7ac18cc590cdb734a44d15303bc4ed9c852dc658865b727d5bf635456bb96327,2,0.72,2,1538830181547,Sports,1.0368,0.58
srnjk3jXx2SaugA6c,7ac18cc590cdb734a44d15303bc4ed9c852dc658865b727d5bf635456bb96327,3,0.07,2,1538830181548,Sports,0.009800000000000001,0.37
x79EGutCiWxoFXQan,7ac18cc590cdb734a44d15303bc4ed9c852dc658865b727d5bf635456bb96327,4,0.73,2,1538830181549,Sports,0.1458,0.64
GNx3mLKpkLZr8CP3n,7ac18cc590cdb734a44d15303bc4ed9c852dc658865b727d5bf635456bb96327,5,0.37,2,1538830181549,Sports,0.2738,0.66
bbx8Pt6bqKPEdvtHT,7ac18cc590cdb734a44d15303bc4ed9c852dc658865b727d5bf635456bb96327,6,0.56,2,1538830181550,Sports,0.6272000000000001,0.6
cA5ijx2TWmqbSeGhB,8c183c355066deb686ebced647e8fe7bf23f6f6e4ee22a97952d5309e1560424,7,1,2,1538830191222,Politics,2,0.6
trrEHEhrXcn2pTP7u,8c183c355066deb686ebced647e8fe7bf23f6f6e4ee22a97952d5309e1560424,8,0.11,2,1538830191225,Politics,1.5842,0.37
yrhR6KZKT66FXvz6L,8c183c355066deb686ebced647e8fe7bf23f6f6e4ee22a97952d5309e1560424,9,0.11,2,1538830191229,Politics,0.0242,0.44
a9Ln3Jue4QRRSJKeF,8c183c355066deb686ebced647e8fe7bf23f6f6e4ee22a97952d5309e1560424,10,0.09,2,1538830191232,Politics,0.0162,0.48
kgf4mJMxhXXyTW5yT,8c183c355066deb686ebced647e8fe7bf23f6f6e4ee22a97952d5309e1560424,11,0,2,1538830191236,Politics,0,0.43
z7rvdiguWid8kBJyP,8c183c355066deb686ebced647e8fe7bf23f6f6e4ee22a97952d5309e1560424,12,0.43,2,1538830191238,Politics,0.36979999999999996,0.425
X355o5N7u22XvnCPK,8c183c355066deb686ebced647e8fe7bf23f6f6e4ee22a97952d5309e1560424,13,1,2,1538830218929,Entertainment,2,0.62
F4tBpqrMxvgt2GLbC,8c183c355066deb686ebced647e8fe7bf23f6f6e4ee22a97952d5309e1560424,14,0.21,2,1538830218934,Entertainment,1.2482000000000002,0.4
kPtPBqPBTD6em9ooC,8c183c355066deb686ebced647e8fe7bf23f6f6e4ee22a97952d5309e1560424,15,0.87,2,1538830218938,Entertainment,1.5138,0.615
SZ9utwkoDxdajWHD6,8c183c355066deb686ebced647e8fe7bf23f6f6e4ee22a97952d5309e1560424,16,0.31,2,1538830218944,Entertainment,0.9521999999999998,0.69
saRbnYbz742ugLCDp,8c183c355066deb686ebced647e8fe7bf23f6f6e4ee22a97952d5309e1560424,17,0.07,2,1538830218948,Entertainment,0.009800000000000001,0.375
Ws9GGiQYpoL8NNakx,8c183c355066deb686ebced647e8fe7bf23f6f6e4ee22a97952d5309e1560424,18,0.13,2,1538830218957,Entertainment,0.033800000000000004,0.47
QjkA3yCd2r9bujNSt,7ac18cc590cdb734a44d15303bc4ed9c852dc658865b727d5bf635456bb96327,7,0.44,2,1538830238918,Politics,0.3872,0.635
wtQaBTMg24aqbkKhH,7ac18cc590cdb734a44d15303bc4ed9c852dc658865b727d5bf635456bb96327,8,0.4,2,1538830238919,Politics,0.72,0.65
6Myss9zv9ZoFTQeHE,7ac18cc590cdb734a44d15303bc4ed9c852dc658865b727d5bf635456bb96327,9,0.24,2,1538830238920,Politics,0.1152,0.49
GCzj7wxNaPo6XhW3z,7ac18cc590cdb734a44d15303bc4ed9c852dc658865b727d5bf635456bb96327,10,0.08,2,1538830238920,Politics,0.0128,0.41
bSEotMFFjwST5Bz7B,7ac18cc590cdb734a44d15303bc4ed9c852dc658865b727d5bf635456bb96327,11,0.02,2,1538830238921,Politics,8e-4,0.405
6AGaf9gEkvAcACgmE,7ac18cc590cdb734a44d15303bc4ed9c852dc658865b727d5bf635456bb96327,12,0.2,2,1538830238922,Politics,0.08000000000000002,0.545
FhaKvBPdxXxqjGXpz,f379dab174c72ea3727be806017f4d3bf5e0db4f5b9e41884bf72bc806ee758a,13,0.27,2,1538830292792,Entertainment,0.1458,0.34
StsBxnWHrCscW6RKc,f379dab174c72ea3727be806017f4d3bf5e0db4f5b9e41884bf72bc806ee758a,14,0.91,2,1538830292793,Entertainment,0.01619999999999999,0.63
Ks7PSDeRwCk5nfxDD,f379dab174c72ea3727be806017f4d3bf5e0db4f5b9e41884bf72bc806ee758a,15,0.08,2,1538830292794,Entertainment,0.0128,0.245
JjcLYi6HE8Ft5Dkb6,f379dab174c72ea3727be806017f4d3bf5e0db4f5b9e41884bf72bc806ee758a,16,0.11,2,1538830292794,Entertainment,1.5842,0.35
84JmvCRKoJcBnTc9X,f379dab174c72ea3727be806017f4d3bf5e0db4f5b9e41884bf72bc806ee758a,17,0.3,2,1538830292795,Entertainment,0.18,0.66
BrGn8c3t2Dofwbaez,f379dab174c72ea3727be806017f4d3bf5e0db4f5b9e41884bf72bc806ee758a,18,0.67,2,1538830292797,Entertainment,0.8978000000000002,0.47
RxkNqHHLC5hT6gHiF,7ac18cc590cdb734a44d15303bc4ed9c852dc658865b727d5bf635456bb96327,13,0.12,2,1538830286396,Entertainment,0.0288,0.28
QhSfzarfZ4ynMysMN,7ac18cc590cdb734a44d15303bc4ed9c852dc658865b727d5bf635456bb96327,14,0.06,2,1538830286397,Entertainment,1.7671999999999999,0.215
h48K4ukN3JbeF4sSw,7ac18cc590cdb734a44d15303bc4ed9c852dc658865b727d5bf635456bb96327,15,0.24,2,1538830286399,Entertainment,0.1152,0.46
iSMuyb8GrkwMcpT2q,7ac18cc590cdb734a44d15303bc4ed9c852dc658865b727d5bf635456bb96327,16,0.71,2,1538830286400,Entertainment,0.16820000000000004,0.595
NynQNZwcBaMRksd6u,7ac18cc590cdb734a44d15303bc4ed9c852dc658865b727d5bf635456bb96327,17,0.31,2,1538830286400,Entertainment,0.1922,0.67
qFbj3uH2oBNj432nt,7ac18cc590cdb734a44d15303bc4ed9c852dc658865b727d5bf635456bb96327,18,0.76,2,1538830286400,Entertainment,1.1552,0.56
EKAHtR7KnmexPuyKM,69abfebc8122860863ff97b1fc0942e554ad8eed5a951d68d7fe3a5e92f83ef1,1,0.27,2,1538831309726,Sports,1.0657999999999999,0.405
AdvGgxz36vL54kGj7,69abfebc8122860863ff97b1fc0942e554ad8eed5a951d68d7fe3a5e92f83ef1,2,0.71,2,1538831309732,Sports,1.0082,0.59
wZmneB9ngP6d7upfg,69abfebc8122860863ff97b1fc0942e554ad8eed5a951d68d7fe3a5e92f83ef1,3,0.17,2,1538831309735,Sports,0.05780000000000001,0.425
pJKpHj4LvDeGxd2uH,69abfebc8122860863ff97b1fc0942e554ad8eed5a951d68d7fe3a5e92f83ef1,4,0.64,2,1538831309737,Sports,0.2592,0.67
8m2dadD7sGGiMqAqp,69abfebc8122860863ff97b1fc0942e554ad8eed5a951d68d7fe3a5e92f83ef1,5,0.28,2,1538831309739,Sports,0.15680000000000002,0.505
KwM8Qe7EdRtnoC4T9,69abfebc8122860863ff97b1fc0942e554ad8eed5a951d68d7fe3a5e92f83ef1,6,0.54,2,1538831309741,Sports,0.5832,0.59
DMGkJQCKNqnJuGzxg,69abfebc8122860863ff97b1fc0942e554ad8eed5a951d68d7fe3a5e92f83ef1,7,0.43,2,1538831343299,Politics,0.36979999999999996,0.63
sMtamwqiGMEsgKg79,69abfebc8122860863ff97b1fc0942e554ad8eed5a951d68d7fe3a5e92f83ef1,8,0.55,2,1538831343300,Politics,0.4049999999999999,0.585
yvrmNvkma6NvLhfmi,69abfebc8122860863ff97b1fc0942e554ad8eed5a951d68d7fe3a5e92f83ef1,9,0.47,2,1538831343301,Politics,0.44179999999999997,0.69
4zQaQiTSzYTGLDEuR,69abfebc8122860863ff97b1fc0942e554ad8eed5a951d68d7fe3a5e92f83ef1,10,0.15,2,1538831343303,Politics,0.045,0.585
L7P3N3Wqva5hdE5Qd,69abfebc8122860863ff97b1fc0942e554ad8eed5a951d68d7fe3a5e92f83ef1,11,0.19,2,1538831343304,Politics,0.0722,0.52
rrTSkpogRq5TX6ZfA,69abfebc8122860863ff97b1fc0942e554ad8eed5a951d68d7fe3a5e92f83ef1,12,0.13,2,1538831343307,Politics,0.033800000000000004,0.585
PTGZyCsyPP3ZC2unx,c85f9b48c450378307591ea5737953904aa4e95a8ca086c69812038542e17f6d,15,0.86,2,1538831361661,Entertainment,1.4791999999999998,0.585
zixqb5GP7AmnqeZLm,c85f9b48c450378307591ea5737953904aa4e95a8ca086c69812038542e17f6d,16,0.96,2,1538831361661,Entertainment,0.003200000000000006,0.57
LBDfMipo2ux6ixqde,c85f9b48c450378307591ea5737953904aa4e95a8ca086c69812038542e17f6d,17,0.98,2,1538831361662,Entertainment,1.9207999999999998,0.525
Aqa4NPns3Aq9w2LHW,c85f9b48c450378307591ea5737953904aa4e95a8ca086c69812038542e17f6d,18,0.64,2,1538831361663,Entertainment,0.8192,0.53
mAioivDtoy4GEHeg5,69abfebc8122860863ff97b1fc0942e554ad8eed5a951d68d7fe3a5e92f83ef1,13,0.32,2,1538831368353,Entertainment,0.2048,0.66
3AJ7QDwgTv7Gk9SWX,69abfebc8122860863ff97b1fc0942e554ad8eed5a951d68d7fe3a5e92f83ef1,14,0.23,2,1538831368354,Entertainment,1.1858,0.325
awgR6kiS57reLqQkq,69abfebc8122860863ff97b1fc0942e554ad8eed5a951d68d7fe3a5e92f83ef1,15,0.19,2,1538831368354,Entertainment,0.0722,0.43
fMtmRhAzdXf97HaHg,69abfebc8122860863ff97b1fc0942e554ad8eed5a951d68d7fe3a5e92f83ef1,16,0.26,2,1538831368354,Entertainment,1.0952,0.465
kpihhvidoC6CJKwXB,69abfebc8122860863ff97b1fc0942e554ad8eed5a951d68d7fe3a5e92f83ef1,17,0.37,2,1538831368354,Entertainment,0.2738,0.695
4BuFiimgf27fhMLnM,69abfebc8122860863ff97b1fc0942e554ad8eed5a951d68d7fe3a5e92f83ef1,18,0.09,2,1538831368356,Entertainment,0.0162,0.285
ugGGzuz5tGFeXeaFD,db41e0d4e1cc01f77e5f3f58fd4eb8c171023a427d88e767278adc5b49ccf81f,1,0.4,2,1538832454965,Sports,0.72,0.675
c3SYK4f65SYed9H7S,db41e0d4e1cc01f77e5f3f58fd4eb8c171023a427d88e767278adc5b49ccf81f,2,1,2,1538832454966,Sports,2,0.68
DzgybcojTwuSTuebv,db41e0d4e1cc01f77e5f3f58fd4eb8c171023a427d88e767278adc5b49ccf81f,3,0,2,1538832454966,Sports,0,0.39
fH2DDXZprpqxqsX2u,db41e0d4e1cc01f77e5f3f58fd4eb8c171023a427d88e767278adc5b49ccf81f,4,0.62,2,1538832454966,Sports,0.2888,0.735
uarq85Ry4aE7kgQNn,db41e0d4e1cc01f77e5f3f58fd4eb8c171023a427d88e767278adc5b49ccf81f,5,0.17,2,1538832454966,Sports,0.05780000000000001,0.465
K6HfiBEgP9dBS4ytK,db41e0d4e1cc01f77e5f3f58fd4eb8c171023a427d88e767278adc5b49ccf81f,6,0.6,2,1538832454966,Sports,0.72,0.635
hbMPWKa7ZD9mttkod,db41e0d4e1cc01f77e5f3f58fd4eb8c171023a427d88e767278adc5b49ccf81f,7,1,2,1538832574893,Politics,2,0.73
hqJyT3hWT3Joo8GXq,db41e0d4e1cc01f77e5f3f58fd4eb8c171023a427d88e767278adc5b49ccf81f,8,1,2,1538832574893,Politics,0,0.675
SZrCS4SFBK2sSksuY,db41e0d4e1cc01f77e5f3f58fd4eb8c171023a427d88e767278adc5b49ccf81f,9,0.56,2,1538832574894,Politics,0.6272000000000001,0.625
PrFjdwiMfABtwBLWB,db41e0d4e1cc01f77e5f3f58fd4eb8c171023a427d88e767278adc5b49ccf81f,10,0,2,1538832574894,Politics,0,0.445
HjuwMeQJdNCSJjK66,db41e0d4e1cc01f77e5f3f58fd4eb8c171023a427d88e767278adc5b49ccf81f,11,0,2,1538832574894,Politics,0,0.475
iSqhpZ4ZdHMp7Fky6,db41e0d4e1cc01f77e5f3f58fd4eb8c171023a427d88e767278adc5b49ccf81f,12,0,2,1538832574895,Politics,0,0.51
Fi54oBQNm8m5ohh9t,599aed2f84f4bf7d9a0e08f8277652c0f51dffa70ff37e9be04e4ac031f40caa,1,0.85,2,1538832642509,Sports,0.04500000000000001,0.595
E3J6mhMsKKkKjp2PY,599aed2f84f4bf7d9a0e08f8277652c0f51dffa70ff37e9be04e4ac031f40caa,2,0.92,2,1538832642514,Sports,1.6928,0.625
5G3LEy2ijzLstDZ9s,599aed2f84f4bf7d9a0e08f8277652c0f51dffa70ff37e9be04e4ac031f40caa,3,0.77,2,1538832642515,Sports,1.1858,0.44
7q8zCcwF4ie3KkNMz,599aed2f84f4bf7d9a0e08f8277652c0f51dffa70ff37e9be04e4ac031f40caa,4,0.93,2,1538832642516,Sports,0.009799999999999986,0.595
tjAFjHud5Kvh6sFsL,599aed2f84f4bf7d9a0e08f8277652c0f51dffa70ff37e9be04e4ac031f40caa,5,0.28,2,1538832642518,Sports,0.15680000000000002,0.465
Zzn56BDzyaMgXBqLW,599aed2f84f4bf7d9a0e08f8277652c0f51dffa70ff37e9be04e4ac031f40caa,6,0.28,2,1538832642519,Sports,0.15680000000000002,0.445
Xts2ZhDqbGhmR9cHz,599aed2f84f4bf7d9a0e08f8277652c0f51dffa70ff37e9be04e4ac031f40caa,7,0.31,2,1538832672862,Politics,0.1922,0.635
fStcegdjcbKqXHpq7,599aed2f84f4bf7d9a0e08f8277652c0f51dffa70ff37e9be04e4ac031f40caa,8,0.3,2,1538832672865,Politics,0.9799999999999999,0.67
Cv4QLHzKDcn6xoAem,599aed2f84f4bf7d9a0e08f8277652c0f51dffa70ff37e9be04e4ac031f40caa,9,0.8,2,1538832672868,Politics,1.2800000000000002,0.515
YYZs4NoJPWnbsGhsC,599aed2f84f4bf7d9a0e08f8277652c0f51dffa70ff37e9be04e4ac031f40caa,10,0.31,2,1538832672869,Politics,0.1922,0.525
oNLZY5PWmzsTF9Nzj,599aed2f84f4bf7d9a0e08f8277652c0f51dffa70ff37e9be04e4ac031f40caa,11,0.06,2,1538832672871,Politics,0.0072,0.41
dLaHPpTrc88cqs5Fg,599aed2f84f4bf7d9a0e08f8277652c0f51dffa70ff37e9be04e4ac031f40caa,12,0.16,2,1538832672872,Politics,0.0512,0.555
qXZeNhTLRrfmiy3XB,db41e0d4e1cc01f77e5f3f58fd4eb8c171023a427d88e767278adc5b49ccf81f,13,0,2,1538832700229,Entertainment,0,0.35
JJSYnKM9QhaQrL98W,db41e0d4e1cc01f77e5f3f58fd4eb8c171023a427d88e767278adc5b49ccf81f,14,1,2,1538832700229,Entertainment,0,0.735
zBAAYZTjqk7T8BWso,db41e0d4e1cc01f77e5f3f58fd4eb8c171023a427d88e767278adc5b49ccf81f,15,0.22,2,1538832700229,Entertainment,0.0968,0.485
cXBwuRiveeQWKaQ86,db41e0d4e1cc01f77e5f3f58fd4eb8c171023a427d88e767278adc5b49ccf81f,16,1,2,1538832700230,Entertainment,0,0.68
unMYLFcNjxe3kGcz4,db41e0d4e1cc01f77e5f3f58fd4eb8c171023a427d88e767278adc5b49ccf81f,17,0,2,1538832700230,Entertainment,0,0.375
Qyy96KzTqRokKodff,db41e0d4e1cc01f77e5f3f58fd4eb8c171023a427d88e767278adc5b49ccf81f,18,0,2,1538832700231,Entertainment,0,0.385
3pH4dSEu9K4BGn8Rh,599aed2f84f4bf7d9a0e08f8277652c0f51dffa70ff37e9be04e4ac031f40caa,13,0.79,2,1538832713535,Entertainment,1.2482000000000002,0.555
hDewpy6eG2awXDZNY,599aed2f84f4bf7d9a0e08f8277652c0f51dffa70ff37e9be04e4ac031f40caa,14,0.95,2,1538832713537,Entertainment,0.005000000000000009,0.57
vHbG6i8AmZqphop9W,599aed2f84f4bf7d9a0e08f8277652c0f51dffa70ff37e9be04e4ac031f40caa,15,0.27,2,1538832713538,Entertainment,0.1458,0.465
JkXy645ZqPeXxbWfT,599aed2f84f4bf7d9a0e08f8277652c0f51dffa70ff37e9be04e4ac031f40caa,16,0.42,2,1538832713540,Entertainment,0.6728000000000002,0.61
urtSCWKeK2hBamAtc,599aed2f84f4bf7d9a0e08f8277652c0f51dffa70ff37e9be04e4ac031f40caa,17,1,2,1538832713542,Entertainment,2,0.5
m4BF35pDQsRtzETpS,599aed2f84f4bf7d9a0e08f8277652c0f51dffa70ff37e9be04e4ac031f40caa,18,0.91,2,1538832713543,Entertainment,1.6562000000000001,0.505
W9J83qhobrka7qNPj,d0d9802c514e20d691816b9d6e62d95244b35dc364e74b97b7fbf327c7067c39,1,0.81,2,1538832745111,Sports,0.07219999999999996,0.615
sPDfShsxBzYvvHpbp,d0d9802c514e20d691816b9d6e62d95244b35dc364e74b97b7fbf327c7067c39,2,0.25,2,1538832745113,Sports,0.125,0.365
Q86TnAaGRREepmYBj,d0d9802c514e20d691816b9d6e62d95244b35dc364e74b97b7fbf327c7067c39,3,0.75,2,1538832745113,Sports,1.125,0.515
qpcBLQBuwrwBHyRnH,d0d9802c514e20d691816b9d6e62d95244b35dc364e74b97b7fbf327c7067c39,4,0.83,2,1538832745113,Sports,0.057800000000000025,0.665
NXN7zkhK69mp8AYKo,d0d9802c514e20d691816b9d6e62d95244b35dc364e74b97b7fbf327c7067c39,5,0.36,2,1538832745113,Sports,0.2592,0.665
uYoqv84tmG6yyJXMJ,d0d9802c514e20d691816b9d6e62d95244b35dc364e74b97b7fbf327c7067c39,6,0.8,2,1538832745114,Sports,1.2800000000000002,0.54
GBixq3CFPA7mprmFp,d0d9802c514e20d691816b9d6e62d95244b35dc364e74b97b7fbf327c7067c39,7,0.8,2,1538832785547,Politics,1.2800000000000002,0.65
8wkHffx4pkmvAFRhc,d0d9802c514e20d691816b9d6e62d95244b35dc364e74b97b7fbf327c7067c39,8,0.67,2,1538832785547,Politics,0.21779999999999994,0.615
vSm2qcCwPtcKkmPnd,d0d9802c514e20d691816b9d6e62d95244b35dc364e74b97b7fbf327c7067c39,9,0.28,2,1538832785548,Politics,0.15680000000000002,0.475
QT3YjRP47AoNT6FLF,d0d9802c514e20d691816b9d6e62d95244b35dc364e74b97b7fbf327c7067c39,10,0.06,2,1538832785549,Politics,0.0072,0.34
Daywq6stMfXqhvgRg,d0d9802c514e20d691816b9d6e62d95244b35dc364e74b97b7fbf327c7067c39,11,0.24,2,1538832785549,Politics,0.1152,0.52
duN53jw6uepdq9jdA,d0d9802c514e20d691816b9d6e62d95244b35dc364e74b97b7fbf327c7067c39,12,0.08,2,1538832785549,Politics,0.0128,0.42
ix7byFGcJTxtmJ9cb,d0d9802c514e20d691816b9d6e62d95244b35dc364e74b97b7fbf327c7067c39,13,0.86,2,1538832813689,Entertainment,1.4791999999999998,0.61
bssQhuniTqfFgXp7T,d0d9802c514e20d691816b9d6e62d95244b35dc364e74b97b7fbf327c7067c39,14,0.93,2,1538832813690,Entertainment,0.009799999999999986,0.65
h9N45bpn7a9zdaCMo,d0d9802c514e20d691816b9d6e62d95244b35dc364e74b97b7fbf327c7067c39,15,0.78,2,1538832813690,Entertainment,1.2168,0.545
hDTWqdhB9QwtuYAdh,d0d9802c514e20d691816b9d6e62d95244b35dc364e74b97b7fbf327c7067c39,16,0.1,2,1538832813690,Entertainment,1.62,0.375
ERvjMWxdoteAh2oRW,d0d9802c514e20d691816b9d6e62d95244b35dc364e74b97b7fbf327c7067c39,17,0.11,2,1538832813690,Entertainment,0.0242,0.44
4PunevqxAxt8zoF68,d0d9802c514e20d691816b9d6e62d95244b35dc364e74b97b7fbf327c7067c39,18,0.59,2,1538832813690,Entertainment,0.6961999999999999,0.535
YkdJdchrkz7iDfiJW,44e0074cff78515a7103fa7e75758dee4ba244b0e65f6a71bee4a0381b09c58c,1,0.71,2,1538832978566,Sports,0.16820000000000004,0.515
YSzgpnYTzzZTX7coE,44e0074cff78515a7103fa7e75758dee4ba244b0e65f6a71bee4a0381b09c58c,2,0.48,2,1538832978566,Sports,0.4608,0.57
BawWKASESftFBzAYx,44e0074cff78515a7103fa7e75758dee4ba244b0e65f6a71bee4a0381b09c58c,3,0.44,2,1538832978567,Sports,0.3872,0.435
5M6TPJC8uXTtXSMAX,44e0074cff78515a7103fa7e75758dee4ba244b0e65f6a71bee4a0381b09c58c,4,0.51,2,1538832978568,Sports,0.48019999999999996,0.615
TM78JmHbxSKbYw3HK,44e0074cff78515a7103fa7e75758dee4ba244b0e65f6a71bee4a0381b09c58c,5,0.42,2,1538832978568,Sports,0.35279999999999995,0.505
oMusN9nTWxa9LADKL,44e0074cff78515a7103fa7e75758dee4ba244b0e65f6a71bee4a0381b09c58c,6,0.64,2,1538832978568,Sports,0.8192,0.495
ybKdDkg23BnHoHbaK,44e0074cff78515a7103fa7e75758dee4ba244b0e65f6a71bee4a0381b09c58c,7,0.61,2,1538833031985,Politics,0.7442,0.585
Nz26p78d9dETEyqQq,44e0074cff78515a7103fa7e75758dee4ba244b0e65f6a71bee4a0381b09c58c,8,0.52,2,1538833031985,Politics,0.4608,0.6
BMnPzDQLifXKmPgu7,44e0074cff78515a7103fa7e75758dee4ba244b0e65f6a71bee4a0381b09c58c,9,0.82,2,1538833031985,Politics,1.3447999999999998,0.48
y7Wi98HbFg9rCBLAp,44e0074cff78515a7103fa7e75758dee4ba244b0e65f6a71bee4a0381b09c58c,10,0.83,2,1538833031986,Politics,1.3778,0.33
pGTapTbkGcZeC5QhN,44e0074cff78515a7103fa7e75758dee4ba244b0e65f6a71bee4a0381b09c58c,11,0.61,2,1538833031986,Politics,0.7442,0.345
SagSSxaAkGbhZTpb6,44e0074cff78515a7103fa7e75758dee4ba244b0e65f6a71bee4a0381b09c58c,12,0.57,2,1538833031987,Politics,0.6497999999999999,0.415
NsQxK4oYP4hgSkKvf,44e0074cff78515a7103fa7e75758dee4ba244b0e65f6a71bee4a0381b09c58c,13,0.86,2,1538833075860,Entertainment,1.4791999999999998,0.53
PNvK8TJQHME9ghNqj,44e0074cff78515a7103fa7e75758dee4ba244b0e65f6a71bee4a0381b09c58c,14,0.63,2,1538833075860,Entertainment,0.2738,0.53
YGB3rHkdhtaeJNDXs,44e0074cff78515a7103fa7e75758dee4ba244b0e65f6a71bee4a0381b09c58c,15,0.75,2,1538833075860,Entertainment,1.125,0.495
pfctRMx5EhnejvBFL,44e0074cff78515a7103fa7e75758dee4ba244b0e65f6a71bee4a0381b09c58c,16,0.72,2,1538833075860,Entertainment,0.15680000000000002,0.535
CKff8y7FsoHnfKfaJ,44e0074cff78515a7103fa7e75758dee4ba244b0e65f6a71bee4a0381b09c58c,17,0.58,2,1538833075861,Entertainment,0.6728,0.51
Ja9cjpDBFrgHY39Wb,44e0074cff78515a7103fa7e75758dee4ba244b0e65f6a71bee4a0381b09c58c,18,0.65,2,1538833075861,Entertainment,0.8450000000000001,0.5
g2njQGjrwoBkcGTfQ,846f2ab53090889e0c82376a9fe2e2ec0ab00d3b11ea3652988094d1ac8f86e4,1,0.5,2,1538833269223,Sports,0.5,0.615
ory7ZYxvsZPNwiM6u,846f2ab53090889e0c82376a9fe2e2ec0ab00d3b11ea3652988094d1ac8f86e4,2,0.8,2,1538833269223,Sports,1.2800000000000002,0.5
ccojMzjuknQXmxbqk,846f2ab53090889e0c82376a9fe2e2ec0ab00d3b11ea3652988094d1ac8f86e4,3,0.24,2,1538833269224,Sports,0.1152,0.415
XSa6dFjQYhwGFtZiy,846f2ab53090889e0c82376a9fe2e2ec0ab00d3b11ea3652988094d1ac8f86e4,4,0.5,2,1538833269224,Sports,0.5,0.58
uXtJG7NDH3Rwg4YMw,846f2ab53090889e0c82376a9fe2e2ec0ab00d3b11ea3652988094d1ac8f86e4,5,0.33,2,1538833269225,Sports,0.21780000000000002,0.595
y89MPAPPPEZdpLfZ7,846f2ab53090889e0c82376a9fe2e2ec0ab00d3b11ea3652988094d1ac8f86e4,6,0.65,2,1538833269226,Sports,0.8450000000000001,0.48
Tb4bCmmQwpwe2uBrN,846f2ab53090889e0c82376a9fe2e2ec0ab00d3b11ea3652988094d1ac8f86e4,7,0.59,2,1538833271980,Politics,0.6961999999999999,0.575
3PqmFoSm74QFejbvs,846f2ab53090889e0c82376a9fe2e2ec0ab00d3b11ea3652988094d1ac8f86e4,8,0.81,2,1538833271981,Politics,0.07219999999999996,0.575
Gso2F5q8vLCrmvJzT,846f2ab53090889e0c82376a9fe2e2ec0ab00d3b11ea3652988094d1ac8f86e4,9,0.39,2,1538833271981,Politics,0.3042,0.59
gMiziCbCf5rdv7MAL,846f2ab53090889e0c82376a9fe2e2ec0ab00d3b11ea3652988094d1ac8f86e4,10,0.66,2,1538833271983,Politics,0.8712000000000001,0.355
2HfXNXH2gPQ2Mzyxn,846f2ab53090889e0c82376a9fe2e2ec0ab00d3b11ea3652988094d1ac8f86e4,11,0.33,2,1538833271983,Politics,0.21780000000000002,0.515
r9dutjPJ9bXZbP2Am,846f2ab53090889e0c82376a9fe2e2ec0ab00d3b11ea3652988094d1ac8f86e4,12,0.23,2,1538833271983,Politics,0.1058,0.38
Wh7sTqpf75Cv27bFL,846f2ab53090889e0c82376a9fe2e2ec0ab00d3b11ea3652988094d1ac8f86e4,13,0.58,2,1538833274687,Entertainment,0.6728,0.56
ecMHbCz4z4AYBkNML,846f2ab53090889e0c82376a9fe2e2ec0ab00d3b11ea3652988094d1ac8f86e4,14,0.67,2,1538833274688,Entertainment,0.21779999999999994,0.54
AsHZzTxb97auybLuH,846f2ab53090889e0c82376a9fe2e2ec0ab00d3b11ea3652988094d1ac8f86e4,15,0.36,2,1538833274689,Entertainment,0.2592,0.585
ndnHupWrSo52KgAkY,846f2ab53090889e0c82376a9fe2e2ec0ab00d3b11ea3652988094d1ac8f86e4,16,0.39,2,1538833274689,Entertainment,0.7442,0.6
KG69CaEEHs2q8gykp,846f2ab53090889e0c82376a9fe2e2ec0ab00d3b11ea3652988094d1ac8f86e4,17,0.87,2,1538833274689,Entertainment,1.5138,0.49
n63bEA5W9jk6aQWxv,846f2ab53090889e0c82376a9fe2e2ec0ab00d3b11ea3652988094d1ac8f86e4,18,0.27,2,1538833274689,Entertainment,0.1458,0.445
nfgTczJrtbsGCAggY,5892180e5ad3bbde9e7a8037c718fa54a87baea756b8e13ffc36d93f069570ea,1,0.52,2,1538833356192,Sports,0.4608,0.72
9Coo8qn5hKjeogmmK,5892180e5ad3bbde9e7a8037c718fa54a87baea756b8e13ffc36d93f069570ea,2,0.66,2,1538833356194,Sports,0.8712000000000001,0.68
4fkLyj9gaPbn8SMJG,5892180e5ad3bbde9e7a8037c718fa54a87baea756b8e13ffc36d93f069570ea,3,0.06,2,1538833356195,Sports,0.0072,0.43
Rbq6feepCL4K5kZLh,5892180e5ad3bbde9e7a8037c718fa54a87baea756b8e13ffc36d93f069570ea,4,0.72,2,1538833356195,Sports,0.15680000000000002,0.68
Xjp5FZ4p35dp9kHAo,5892180e5ad3bbde9e7a8037c718fa54a87baea756b8e13ffc36d93f069570ea,5,0.27,2,1538833356197,Sports,0.1458,0.53
Lw2dfxK5ztQvuK2LH,5892180e5ad3bbde9e7a8037c718fa54a87baea756b8e13ffc36d93f069570ea,6,0.24,2,1538833356197,Sports,0.1152,0.475
P8PvJhAHG4tnrAbra,5892180e5ad3bbde9e7a8037c718fa54a87baea756b8e13ffc36d93f069570ea,7,0.35,2,1538833397439,Politics,0.24499999999999997,0.715
EHv7SYok8TYtcwncA,5892180e5ad3bbde9e7a8037c718fa54a87baea756b8e13ffc36d93f069570ea,8,0.23,2,1538833397440,Politics,1.1858,0.51
4F3Crz8ao9qnhJodE,5892180e5ad3bbde9e7a8037c718fa54a87baea756b8e13ffc36d93f069570ea,9,0.28,2,1538833397441,Politics,0.15680000000000002,0.485
eNj2CXP9eZGso7r62,5892180e5ad3bbde9e7a8037c718fa54a87baea756b8e13ffc36d93f069570ea,10,0.08,2,1538833397442,Politics,0.0128,0.485
dMB88MCGbcFmFzt6N,5892180e5ad3bbde9e7a8037c718fa54a87baea756b8e13ffc36d93f069570ea,11,0.04,2,1538833397442,Politics,0.0032,0.4
4obdHFuZiDkszZoCS,5892180e5ad3bbde9e7a8037c718fa54a87baea756b8e13ffc36d93f069570ea,12,0.11,2,1538833397443,Politics,0.0242,0.61
zXFtWphLaxz54L8FA,5892180e5ad3bbde9e7a8037c718fa54a87baea756b8e13ffc36d93f069570ea,13,0.17,2,1538833441670,Entertainment,0.05780000000000001,0.375
RxWd3soWZsvnGiYGk,5892180e5ad3bbde9e7a8037c718fa54a87baea756b8e13ffc36d93f069570ea,14,0.9,2,1538833441672,Entertainment,0.01999999999999999,0.675
giKavS3D7Egd62939,5892180e5ad3bbde9e7a8037c718fa54a87baea756b8e13ffc36d93f069570ea,15,0.46,2,1538833441672,Entertainment,0.4232,0.68
ybHfLACCXuJChTnbY,5892180e5ad3bbde9e7a8037c718fa54a87baea756b8e13ffc36d93f069570ea,16,0.19,2,1538833441673,Entertainment,1.3122000000000003,0.49
zM4WiAMj6EbnsgisP,5892180e5ad3bbde9e7a8037c718fa54a87baea756b8e13ffc36d93f069570ea,17,0.28,2,1538833441674,Entertainment,0.15680000000000002,0.46
wXoQGKgrcB89Krjbg,5892180e5ad3bbde9e7a8037c718fa54a87baea756b8e13ffc36d93f069570ea,18,0.19,2,1538833441676,Entertainment,0.0722,0.45
c4pXCAJgvHzCftAJb,d38eb7b6f2b5a855ec81ad22f47968c06f976cf44e80affbe932a37a4baf36a7,1,0.7,2,1538834361851,Sports,0.18000000000000005,0.53
EEq3kradw2uNCpxjP,d38eb7b6f2b5a855ec81ad22f47968c06f976cf44e80affbe932a37a4baf36a7,2,0.55,2,1538834361852,Sports,0.6050000000000001,0.585
gz7pdygHbn4e3qy6S,d38eb7b6f2b5a855ec81ad22f47968c06f976cf44e80affbe932a37a4baf36a7,3,0.6,2,1538834361852,Sports,0.72,0.445
F5oGDNdBgtXCqw28m,d38eb7b6f2b5a855ec81ad22f47968c06f976cf44e80affbe932a37a4baf36a7,4,0.75,2,1538834361853,Sports,0.125,0.64
RL9Tbq7LTifm6akks,d38eb7b6f2b5a855ec81ad22f47968c06f976cf44e80affbe932a37a4baf36a7,5,0.4,2,1538834361853,Sports,0.32000000000000006,0.545
56SbdAY2PeWTRF2Ze,d38eb7b6f2b5a855ec81ad22f47968c06f976cf44e80affbe932a37a4baf36a7,6,0.6,2,1538834361853,Sports,0.72,0.525
orYJGKaqKPvFXBF3F,4c5463e581c25793412f4803c549907a7d4e5daea07b8f735f234db87254ed5a,1,0.57,2,1538834487919,Sports,0.3698000000000001,0.595
cBjzjb3JcirFdhNMj,4c5463e581c25793412f4803c549907a7d4e5daea07b8f735f234db87254ed5a,2,0.38,2,1538834487919,Sports,0.2888,0.61
jrHtFkTwcMBrHGztv,4c5463e581c25793412f4803c549907a7d4e5daea07b8f735f234db87254ed5a,3,0.34,2,1538834487920,Sports,0.23120000000000004,0.6
7FZSZgoq8awfGDmSq,4c5463e581c25793412f4803c549907a7d4e5daea07b8f735f234db87254ed5a,4,0.54,2,1538834487920,Sports,0.4231999999999999,0.585
fRCQrzmKWBoT4yaya,4c5463e581c25793412f4803c549907a7d4e5daea07b8f735f234db87254ed5a,5,0.62,2,1538834487921,Sports,0.7688,0.405
nzkZTR6h9qX45znyF,4c5463e581c25793412f4803c549907a7d4e5daea07b8f735f234db87254ed5a,6,0.4,2,1538834487921,Sports,0.32000000000000006,0.53
YMMF9E7tZjSuL5PXW,4c5463e581c25793412f4803c549907a7d4e5daea07b8f735f234db87254ed5a,7,0.41,2,1538834530161,Politics,0.33619999999999994,0.6
HDhiy4d7xstBrSR9u,4c5463e581c25793412f4803c549907a7d4e5daea07b8f735f234db87254ed5a,8,0.55,2,1538834530162,Politics,0.4049999999999999,0.585
Kxb9TfrHCkKZ2FhXi,4c5463e581c25793412f4803c549907a7d4e5daea07b8f735f234db87254ed5a,9,0.32,2,1538834530163,Politics,0.2048,0.575
qDMPEuavxPBpMmfzv,4c5463e581c25793412f4803c549907a7d4e5daea07b8f735f234db87254ed5a,10,0.22,2,1538834530163,Politics,0.0968,0.475
acenMqui6GhuokA4D,4c5463e581c25793412f4803c549907a7d4e5daea07b8f735f234db87254ed5a,11,0.42,2,1538834530163,Politics,0.35279999999999995,0.43
32ZbgxEmxQmyyAJPz,4c5463e581c25793412f4803c549907a7d4e5daea07b8f735f234db87254ed5a,12,0.17,2,1538834530164,Politics,0.05780000000000001,0.45
hvrGDY4gRXvkYgpbQ,4c5463e581c25793412f4803c549907a7d4e5daea07b8f735f234db87254ed5a,13,0.88,2,1538834568376,Entertainment,1.5488,0.535
9XZXRfNrbXub6HyhE,4c5463e581c25793412f4803c549907a7d4e5daea07b8f735f234db87254ed5a,14,0.3,2,1538834568376,Entertainment,0.9799999999999999,0.6
i7MbqE7gYjefH39wP,4c5463e581c25793412f4803c549907a7d4e5daea07b8f735f234db87254ed5a,15,0.57,2,1538834568377,Entertainment,0.6497999999999999,0.55
xXSaWsoWNXCLsgJC7,4c5463e581c25793412f4803c549907a7d4e5daea07b8f735f234db87254ed5a,16,0.44,2,1538834568378,Entertainment,0.6272000000000001,0.535
zEszLu9AGp9LGWbdd,4c5463e581c25793412f4803c549907a7d4e5daea07b8f735f234db87254ed5a,17,0.18,2,1538834568378,Entertainment,0.0648,0.33
Y4dPQnnhgKzHZin5R,4c5463e581c25793412f4803c549907a7d4e5daea07b8f735f234db87254ed5a,18,0.48,2,1538834568379,Entertainment,0.4608,0.54
e8F2SrPZmwXEJfGaK,293a37e345c9ea5edcf8b2626b180175670944f242462ffe921bcc315c5d4797,1,0.37,2,1538834980095,Sports,0.7938000000000001,0.675
dm4JCcszoPfxFjQXR,293a37e345c9ea5edcf8b2626b180175670944f242462ffe921bcc315c5d4797,2,0.17,2,1538834980095,Sports,0.05780000000000001,0.345
HZGYE8qqLfsctCNj5,293a37e345c9ea5edcf8b2626b180175670944f242462ffe921bcc315c5d4797,3,0.74,2,1538834980095,Sports,1.0952,0.44
LCb9g9v3BmWhRZMs3,293a37e345c9ea5edcf8b2626b180175670944f242462ffe921bcc315c5d4797,4,0.17,2,1538834980095,Sports,1.3778,0.26
jNy7bA33pH4Wk2mDA,293a37e345c9ea5edcf8b2626b180175670944f242462ffe921bcc315c5d4797,5,0.16,2,1538834980096,Sports,0.0512,0.48
64npGueo6AxXKRTNz,293a37e345c9ea5edcf8b2626b180175670944f242462ffe921bcc315c5d4797,6,0.77,2,1538834980096,Sports,1.1858,0.53
Q5Jpo5q8Sg8GctnJf,293a37e345c9ea5edcf8b2626b180175670944f242462ffe921bcc315c5d4797,7,0.24,2,1538834999297,Politics,0.1152,0.32
nsc3mnM6rrHNbW54m,293a37e345c9ea5edcf8b2626b180175670944f242462ffe921bcc315c5d4797,8,0.87,2,1538834999297,Politics,0.033800000000000004,0.65
mYiWohTkE94nDuhCe,293a37e345c9ea5edcf8b2626b180175670944f242462ffe921bcc315c5d4797,9,0.24,2,1538834999297,Politics,0.1152,0.58
Sm85BFXStqFjmnhoQ,293a37e345c9ea5edcf8b2626b180175670944f242462ffe921bcc315c5d4797,10,0.2,2,1538834999297,Politics,0.08000000000000002,0.39
wfJkP5iA4xyWWGNyh,293a37e345c9ea5edcf8b2626b180175670944f242462ffe921bcc315c5d4797,11,0.87,2,1538834999297,Politics,1.5138,0.43
6zPQXScLDNdbB8vPn,293a37e345c9ea5edcf8b2626b180175670944f242462ffe921bcc315c5d4797,12,0.91,2,1538834999298,Politics,1.6562000000000001,0.365
4pMBQ39MSi7JqpxDT,293a37e345c9ea5edcf8b2626b180175670944f242462ffe921bcc315c5d4797,13,0.83,2,1538835009502,Entertainment,1.3778,0.615
4HHhCrC2rQu3E22NJ,293a37e345c9ea5edcf8b2626b180175670944f242462ffe921bcc315c5d4797,14,0.83,2,1538835009503,Entertainment,0.057800000000000025,0.615
QXvnksz5jdQncB78E,293a37e345c9ea5edcf8b2626b180175670944f242462ffe921bcc315c5d4797,15,0.24,2,1538835009503,Entertainment,0.1152,0.42
Bv2qpAqPzrM39itf9,293a37e345c9ea5edcf8b2626b180175670944f242462ffe921bcc315c5d4797,16,0.89,2,1538835009504,Entertainment,0.024199999999999996,0.545
WZwhfR8Q3iQmE3r3s,293a37e345c9ea5edcf8b2626b180175670944f242462ffe921bcc315c5d4797,17,0.85,2,1538835009504,Entertainment,1.4449999999999998,0.5
Z2uZmhYXYRrTra5Gp,293a37e345c9ea5edcf8b2626b180175670944f242462ffe921bcc315c5d4797,18,0.16,2,1538835009504,Entertainment,0.0512,0.45
2X2s6d86fTzhJdtD2,684867a510e3ece6325353e6b27f8befde22c2f39b7af3ebdc4192b5a4e1c40e,1,0.78,2,1538835072102,Sports,0.09679999999999998,0.555
zoYwvBGaRCrzuqnsd,684867a510e3ece6325353e6b27f8befde22c2f39b7af3ebdc4192b5a4e1c40e,2,0.77,2,1538835072102,Sports,1.1858,0.59
k7gFnsXvSzMyjEtpR,684867a510e3ece6325353e6b27f8befde22c2f39b7af3ebdc4192b5a4e1c40e,3,0.18,2,1538835072103,Sports,0.0648,0.53
h892f3bCr8HnYZMXQ,684867a510e3ece6325353e6b27f8befde22c2f39b7af3ebdc4192b5a4e1c40e,4,0.65,2,1538835072103,Sports,0.24499999999999997,0.605
iuZBtiMQhjNjkJvWj,684867a510e3ece6325353e6b27f8befde22c2f39b7af3ebdc4192b5a4e1c40e,5,0.17,2,1538835072103,Sports,0.05780000000000001,0.365
dPBQhQPAD9PpxJqpJ,684867a510e3ece6325353e6b27f8befde22c2f39b7af3ebdc4192b5a4e1c40e,6,0.81,2,1538835072104,Sports,1.3122000000000003,0.56
cFJNair93XDGF59j9,684867a510e3ece6325353e6b27f8befde22c2f39b7af3ebdc4192b5a4e1c40e,7,0.88,2,1538835127256,Politics,1.5488,0.6
9qeDpXkabGytqLEFT,684867a510e3ece6325353e6b27f8befde22c2f39b7af3ebdc4192b5a4e1c40e,8,0.24,2,1538835127257,Politics,1.1552,0.455
fASrAnTMcqcheRMAi,684867a510e3ece6325353e6b27f8befde22c2f39b7af3ebdc4192b5a4e1c40e,9,0.23,2,1538835127257,Politics,0.1058,0.44
MySZbiiXQFEW7wncu,684867a510e3ece6325353e6b27f8befde22c2f39b7af3ebdc4192b5a4e1c40e,10,0.03,2,1538835127257,Politics,0.0018,0.45
GwnkYD2DgrwdgSfxR,684867a510e3ece6325353e6b27f8befde22c2f39b7af3ebdc4192b5a4e1c40e,11,0.27,2,1538835127258,Politics,0.1458,0.505
FtnoMmQngoob2yw8f,684867a510e3ece6325353e6b27f8befde22c2f39b7af3ebdc4192b5a4e1c40e,12,0.34,2,1538835127258,Politics,0.23120000000000004,0.615
9CxfMcp9WuqmQmeuc,684867a510e3ece6325353e6b27f8befde22c2f39b7af3ebdc4192b5a4e1c40e,13,0.6,2,1538835184383,Entertainment,0.72,0.61
TpLLGa2knJqzDqqyZ,684867a510e3ece6325353e6b27f8befde22c2f39b7af3ebdc4192b5a4e1c40e,14,0.77,2,1538835184383,Entertainment,0.10579999999999998,0.675
6BRz7iGRGNNut2bN9,684867a510e3ece6325353e6b27f8befde22c2f39b7af3ebdc4192b5a4e1c40e,15,0.73,2,1538835184384,Entertainment,1.0657999999999999,0.535
cbD76QvrEfPRhHgAW,684867a510e3ece6325353e6b27f8befde22c2f39b7af3ebdc4192b5a4e1c40e,16,0.11,2,1538835184384,Entertainment,1.5842,0.415
Tz6FqctrH585RpkvL,684867a510e3ece6325353e6b27f8befde22c2f39b7af3ebdc4192b5a4e1c40e,17,0.83,2,1538835184384,Entertainment,1.3778,0.525
HtkWuv8FdNRxbpipm,684867a510e3ece6325353e6b27f8befde22c2f39b7af3ebdc4192b5a4e1c40e,18,0.67,2,1538835184384,Entertainment,0.8978000000000002,0.555
zkdfk4izzxYsGQc74,d38eb7b6f2b5a855ec81ad22f47968c06f976cf44e80affbe932a37a4baf36a7,7,0.65,2,1538835248737,Politics,0.8450000000000001,0.6
q52iiFjAg37ze9TfR,d38eb7b6f2b5a855ec81ad22f47968c06f976cf44e80affbe932a37a4baf36a7,8,0.8,2,1538835248738,Politics,0.07999999999999996,0.58
WAvxGQa2Ckku2YR7N,d38eb7b6f2b5a855ec81ad22f47968c06f976cf44e80affbe932a37a4baf36a7,9,0.25,2,1538835248738,Politics,0.125,0.45
ANqSEKXHtBufKFfpj,d38eb7b6f2b5a855ec81ad22f47968c06f976cf44e80affbe932a37a4baf36a7,10,0.2,2,1538835248739,Politics,0.08000000000000002,0.4
zEnPoyR9auhNujJQe,d38eb7b6f2b5a855ec81ad22f47968c06f976cf44e80affbe932a37a4baf36a7,11,0.25,2,1538835248739,Politics,0.125,0.46
gTiykFa7uGWxJTXuY,d38eb7b6f2b5a855ec81ad22f47968c06f976cf44e80affbe932a37a4baf36a7,12,0.5,2,1538835248740,Politics,0.5,0.445
KJaZMYLXyxrJoyeMt,a192a7c037361bb4cde6b3a9c9a829b46028e7b0f3cc065a9c17a785185794b7,1,0.53,2,1538835694069,Sports,0.44179999999999997,0.595
P6Qs4HJ7HgfEBwxyY,a192a7c037361bb4cde6b3a9c9a829b46028e7b0f3cc065a9c17a785185794b7,2,0.65,2,1538835694071,Sports,0.8450000000000001,0.49
Xk8qMavQNperuAbTJ,a192a7c037361bb4cde6b3a9c9a829b46028e7b0f3cc065a9c17a785185794b7,3,0.12,2,1538835694071,Sports,0.0288,0.405
5tqsP4hjQQRu4uEmj,a192a7c037361bb4cde6b3a9c9a829b46028e7b0f3cc065a9c17a785185794b7,4,0.62,2,1538835694071,Sports,0.2888,0.57
exNZxrACAM8PJvBLB,a192a7c037361bb4cde6b3a9c9a829b46028e7b0f3cc065a9c17a785185794b7,5,0.59,2,1538835694072,Sports,0.6961999999999999,0.54
Qoh7hy8httWYdit4q,a192a7c037361bb4cde6b3a9c9a829b46028e7b0f3cc065a9c17a785185794b7,6,0.37,2,1538835694072,Sports,0.2738,0.615
nK94gsHSjo3YWQLLx,5f7edbbe8bf6bc30ed2791ce8c2392e3ede5699376fc7f47190fc23cb8a7d0c3,1,0.25,2,1538835710907,Sports,1.125,0.375
TN9oGJKfohoH3QkpZ,5f7edbbe8bf6bc30ed2791ce8c2392e3ede5699376fc7f47190fc23cb8a7d0c3,2,0.85,2,1538835710907,Sports,1.4449999999999998,0.605
HkcES4Aqiqutk7tpe,5f7edbbe8bf6bc30ed2791ce8c2392e3ede5699376fc7f47190fc23cb8a7d0c3,3,0.19,2,1538835710907,Sports,0.0722,0.55
wiRZEsg2HhK4artLP,5f7edbbe8bf6bc30ed2791ce8c2392e3ede5699376fc7f47190fc23cb8a7d0c3,4,0.94,2,1538835710908,Sports,0.007200000000000013,0.675
BkpsEGCEJJMGSCx3N,5f7edbbe8bf6bc30ed2791ce8c2392e3ede5699376fc7f47190fc23cb8a7d0c3,5,0.89,2,1538835710908,Sports,1.5842,0.545
HQJFjCJFvPrF4uHcK,5f7edbbe8bf6bc30ed2791ce8c2392e3ede5699376fc7f47190fc23cb8a7d0c3,6,0.95,2,1538835710908,Sports,1.805,0.58
qAaeH6KmxbF2J4m7a,a192a7c037361bb4cde6b3a9c9a829b46028e7b0f3cc065a9c17a785185794b7,7,0.56,2,1538835729840,Politics,0.6272000000000001,0.59
QL7S5xpkY4drcNNsz,a192a7c037361bb4cde6b3a9c9a829b46028e7b0f3cc065a9c17a785185794b7,8,0.41,2,1538835729841,Politics,0.6962000000000002,0.595
HnCMEMTb44xNduBRR,a192a7c037361bb4cde6b3a9c9a829b46028e7b0f3cc065a9c17a785185794b7,9,0.34,2,1538835729841,Politics,0.23120000000000004,0.625
5iDcFq6XvH9pMb4kr,a192a7c037361bb4cde6b3a9c9a829b46028e7b0f3cc065a9c17a785185794b7,10,0.33,2,1538835729841,Politics,0.21780000000000002,0.465
bWMBFtnyW6GvbKPuP,a192a7c037361bb4cde6b3a9c9a829b46028e7b0f3cc065a9c17a785185794b7,11,0.55,2,1538835729842,Politics,0.6050000000000001,0.45
Sszow5NwW6DwFNuH7,a192a7c037361bb4cde6b3a9c9a829b46028e7b0f3cc065a9c17a785185794b7,12,0.17,2,1538835729843,Politics,0.05780000000000001,0.47
cNZyPSjTwDDRW8yKL,5f7edbbe8bf6bc30ed2791ce8c2392e3ede5699376fc7f47190fc23cb8a7d0c3,7,0.24,2,1538835739570,Politics,0.1152,0.335
padWbv3SccRJvwn2r,5f7edbbe8bf6bc30ed2791ce8c2392e3ede5699376fc7f47190fc23cb8a7d0c3,8,0.2,2,1538835739570,Politics,1.2800000000000002,0.445
KgdLxWKsdW5JJhp3h,5f7edbbe8bf6bc30ed2791ce8c2392e3ede5699376fc7f47190fc23cb8a7d0c3,9,0.13,2,1538835739570,Politics,0.033800000000000004,0.395
CP4h3TzcZaoKNaKTg,5f7edbbe8bf6bc30ed2791ce8c2392e3ede5699376fc7f47190fc23cb8a7d0c3,10,0.15,2,1538835739570,Politics,0.045,0.54
wbd3k6t3WTdxCPRTT,5f7edbbe8bf6bc30ed2791ce8c2392e3ede5699376fc7f47190fc23cb8a7d0c3,11,0.65,2,1538835739570,Politics,0.8450000000000001,0.44
JyyRW4pkqzzACDouu,5f7edbbe8bf6bc30ed2791ce8c2392e3ede5699376fc7f47190fc23cb8a7d0c3,12,0.39,2,1538835739571,Politics,0.3042,0.545
F9kPZghEAqdobvPFf,5f7edbbe8bf6bc30ed2791ce8c2392e3ede5699376fc7f47190fc23cb8a7d0c3,13,0.91,2,1538835757750,Entertainment,1.6562000000000001,0.575
5uCuuwtyaJacSJYhm,5f7edbbe8bf6bc30ed2791ce8c2392e3ede5699376fc7f47190fc23cb8a7d0c3,14,0.96,2,1538835757750,Entertainment,0.003200000000000006,0.645
TAgLrpHtsG8QrKZbz,5f7edbbe8bf6bc30ed2791ce8c2392e3ede5699376fc7f47190fc23cb8a7d0c3,15,0.24,2,1538835757750,Entertainment,0.1152,0.435
mZYK39c3TB2LX6wLT,5f7edbbe8bf6bc30ed2791ce8c2392e3ede5699376fc7f47190fc23cb8a7d0c3,16,0.68,2,1538835757751,Entertainment,0.20479999999999993,0.56
Mfhn8gSwqjpejk97d,5f7edbbe8bf6bc30ed2791ce8c2392e3ede5699376fc7f47190fc23cb8a7d0c3,17,0.78,2,1538835757751,Entertainment,1.2168,0.585
JSxAd6fhyKEzAYm6A,5f7edbbe8bf6bc30ed2791ce8c2392e3ede5699376fc7f47190fc23cb8a7d0c3,18,0.11,2,1538835757752,Entertainment,0.0242,0.415
gwxWmgRARLDBeDtHS,a192a7c037361bb4cde6b3a9c9a829b46028e7b0f3cc065a9c17a785185794b7,13,0.56,2,1538835760060,Entertainment,0.6272000000000001,0.625
eMqDX86nxHZkAqYA4,a192a7c037361bb4cde6b3a9c9a829b46028e7b0f3cc065a9c17a785185794b7,14,0.6,2,1538835760060,Entertainment,0.32000000000000006,0.585
72YjF4QTzvTfhWqxJ,a192a7c037361bb4cde6b3a9c9a829b46028e7b0f3cc065a9c17a785185794b7,15,0.74,2,1538835760061,Entertainment,1.0952,0.515
6ciMWHn2zMNaRSsFW,a192a7c037361bb4cde6b3a9c9a829b46028e7b0f3cc065a9c17a785185794b7,16,0.88,2,1538835760061,Entertainment,0.0288,0.51
unNPfLW5LeFYBA8Nf,a192a7c037361bb4cde6b3a9c9a829b46028e7b0f3cc065a9c17a785185794b7,17,0.42,2,1538835760061,Entertainment,0.35279999999999995,0.515
isDGvEAgR5g7Jatv3,a192a7c037361bb4cde6b3a9c9a829b46028e7b0f3cc065a9c17a785185794b7,18,0.17,2,1538835760061,Entertainment,0.05780000000000001,0.345
27GBy6yAzLDjWgt65,d38eb7b6f2b5a855ec81ad22f47968c06f976cf44e80affbe932a37a4baf36a7,13,0.7,2,1538835771882,Entertainment,0.9799999999999999,0.595
sSmttRkikhtp5QLpz,d38eb7b6f2b5a855ec81ad22f47968c06f976cf44e80affbe932a37a4baf36a7,14,0.85,2,1538835771882,Entertainment,0.04500000000000001,0.615
W7H94dL2bnE24ARAp,d38eb7b6f2b5a855ec81ad22f47968c06f976cf44e80affbe932a37a4baf36a7,15,0.75,2,1538835771883,Entertainment,1.125,0.555
DgPk3tGXSfeKssQC8,d38eb7b6f2b5a855ec81ad22f47968c06f976cf44e80affbe932a37a4baf36a7,16,0.67,2,1538835771884,Entertainment,0.21779999999999994,0.51
oPNQNjfTLFGx3LXSF,d38eb7b6f2b5a855ec81ad22f47968c06f976cf44e80affbe932a37a4baf36a7,17,0.87,2,1538835771884,Entertainment,1.5138,0.485
o8HH2z5dcGHuDsB6T,d38eb7b6f2b5a855ec81ad22f47968c06f976cf44e80affbe932a37a4baf36a7,18,0.11,2,1538835771884,Entertainment,0.0242,0.46
GoKZRconB8QoyuKM8,5a186edbdcb596af73fa4af6b793d065cc418c6aab789d60e73d186cc7412317,1,0.41,2,1538835893766,Sports,0.6962000000000002,0.545
bTD9B3o4NgbxrHnD2,5a186edbdcb596af73fa4af6b793d065cc418c6aab789d60e73d186cc7412317,2,0.68,2,1538835893779,Sports,0.9248000000000002,0.52
msPnRfKj2KkHku3J7,5a186edbdcb596af73fa4af6b793d065cc418c6aab789d60e73d186cc7412317,3,0.68,2,1538835893782,Sports,0.9248000000000002,0.43
oovJDPWBxtmM76FZW,5a186edbdcb596af73fa4af6b793d065cc418c6aab789d60e73d186cc7412317,4,0.54,2,1538835893784,Sports,0.4231999999999999,0.61
fHyaggoqJxJwnAaDZ,5a186edbdcb596af73fa4af6b793d065cc418c6aab789d60e73d186cc7412317,5,0.37,2,1538835893789,Sports,0.2738,0.575
BJ24Dv7Kpw98wYZD3,5a186edbdcb596af73fa4af6b793d065cc418c6aab789d60e73d186cc7412317,6,0.64,2,1538835893791,Sports,0.8192,0.475
3WvrdR8aMuP2amssz,5a186edbdcb596af73fa4af6b793d065cc418c6aab789d60e73d186cc7412317,7,0.51,2,1538835957045,Politics,0.5202,0.63
gXTaK4WCvHkCYksDY,5a186edbdcb596af73fa4af6b793d065cc418c6aab789d60e73d186cc7412317,8,0.37,2,1538835957050,Politics,0.7938000000000001,0.65
qctCwbRiBZY2M7zge,5a186edbdcb596af73fa4af6b793d065cc418c6aab789d60e73d186cc7412317,9,0.6,2,1538835957055,Politics,0.72,0.495
XG3BP7KZeeaP87CQH,5a186edbdcb596af73fa4af6b793d065cc418c6aab789d60e73d186cc7412317,10,0.23,2,1538835957060,Politics,0.1058,0.33
dctoqqEgn5DoTX9Pn,5a186edbdcb596af73fa4af6b793d065cc418c6aab789d60e73d186cc7412317,11,0.67,2,1538835957065,Politics,0.8978000000000002,0.335
KqSL2GfGW5YGNu2CT,5a186edbdcb596af73fa4af6b793d065cc418c6aab789d60e73d186cc7412317,12,0.38,2,1538835957067,Politics,0.2888,0.545
fGyT3ZdJHmAkrfBws,5a186edbdcb596af73fa4af6b793d065cc418c6aab789d60e73d186cc7412317,13,0.8,2,1538836008532,Entertainment,1.2800000000000002,0.51
3RHkfggMnp8Au2ij5,5a186edbdcb596af73fa4af6b793d065cc418c6aab789d60e73d186cc7412317,14,0.64,2,1538836008535,Entertainment,0.2592,0.55
Sn7ka9D77qd2Wz3PX,5a186edbdcb596af73fa4af6b793d065cc418c6aab789d60e73d186cc7412317,15,0.76,2,1538836008538,Entertainment,1.1552,0.52
s6dxj25hXYHJ35r5D,5a186edbdcb596af73fa4af6b793d065cc418c6aab789d60e73d186cc7412317,16,0.69,2,1538836008540,Entertainment,0.19220000000000007,0.49
Xp6tFsTqeXsHJ744S,5a186edbdcb596af73fa4af6b793d065cc418c6aab789d60e73d186cc7412317,17,0.79,2,1538836008545,Entertainment,1.2482000000000002,0.465
yyxRGuFkKFzdwbMhL,5a186edbdcb596af73fa4af6b793d065cc418c6aab789d60e73d186cc7412317,18,0.54,2,1538836008547,Entertainment,0.5832,0.435
bHc5yKYBkvg4eLJoK,928f30077d633f26e5d6ad324735e6b7187961758a957adbb3c4c16815c01488,1,1,2,1538836175462,Sports,0,0.7
oqNEoNiNTvPouwd5K,928f30077d633f26e5d6ad324735e6b7187961758a957adbb3c4c16815c01488,2,1,2,1538836175463,Sports,2,0.78
hEqMWfSrheqbxHZNn,928f30077d633f26e5d6ad324735e6b7187961758a957adbb3c4c16815c01488,3,1,2,1538836175463,Sports,2,0.6
hxMSHgLCyomtZoTGT,928f30077d633f26e5d6ad324735e6b7187961758a957adbb3c4c16815c01488,4,1,2,1538836175465,Sports,0,0.725
CpMho6cYsSeEcDFuf,928f30077d633f26e5d6ad324735e6b7187961758a957adbb3c4c16815c01488,5,0,2,1538836175465,Sports,0,0.445
qGCqzrhuTfA64behj,928f30077d633f26e5d6ad324735e6b7187961758a957adbb3c4c16815c01488,6,0,2,1538836175465,Sports,0,0.405
GextcZnjvagENTQj6,928f30077d633f26e5d6ad324735e6b7187961758a957adbb3c4c16815c01488,7,0,2,1538836230701,Politics,0,0.405
Yfawkxqpj7ivBekQx,928f30077d633f26e5d6ad324735e6b7187961758a957adbb3c4c16815c01488,8,1,2,1538836230701,Politics,0,0.735
Xi2tmvhezZB87yyp8,928f30077d633f26e5d6ad324735e6b7187961758a957adbb3c4c16815c01488,9,0,2,1538836230701,Politics,0,0.415
ZCzZX5g4PKpvYCrim,928f30077d633f26e5d6ad324735e6b7187961758a957adbb3c4c16815c01488,10,0,2,1538836230704,Politics,0,0.485
GaCSaTqo7Ju9nRJFK,928f30077d633f26e5d6ad324735e6b7187961758a957adbb3c4c16815c01488,11,0,2,1538836230704,Politics,0,0.485
viNyDnHZGSeAnhuCL,928f30077d633f26e5d6ad324735e6b7187961758a957adbb3c4c16815c01488,12,0,2,1538836230705,Politics,0,0.51
oWTfsWBmZ5y7QXRxH,928f30077d633f26e5d6ad324735e6b7187961758a957adbb3c4c16815c01488,13,0,2,1538836281669,Entertainment,0,0.395
wwKZwkRARNLp7xa47,928f30077d633f26e5d6ad324735e6b7187961758a957adbb3c4c16815c01488,14,0,2,1538836281669,Entertainment,2,0.405
AxngEYuvsrHtQzh9d,928f30077d633f26e5d6ad324735e6b7187961758a957adbb3c4c16815c01488,15,1,2,1538836281671,Entertainment,2,0.675
mL7vYXgkyqdnLBp3f,928f30077d633f26e5d6ad324735e6b7187961758a957adbb3c4c16815c01488,16,0,2,1538836281671,Entertainment,2,0.39
kS6hZoqSCbCJW5SMK,928f30077d633f26e5d6ad324735e6b7187961758a957adbb3c4c16815c01488,17,0,2,1538836281672,Entertainment,0,0.41
EivCYEidQhG54bshq,928f30077d633f26e5d6ad324735e6b7187961758a957adbb3c4c16815c01488,18,0,2,1538836281672,Entertainment,0,0.45
WkMrhQziG9Fia7PZw,68adc947d55957e2f056d50953b2b21413d901ef0337eeece17a384afb54afb2,1,0.74,2,1538783743128,Sports,0.13520000000000001,0.58
sJarpgwPvshuvsLJE,68adc947d55957e2f056d50953b2b21413d901ef0337eeece17a384afb54afb2,2,0.39,2,1538783743131,Sports,0.3042,0.64
potq4peGsAXoGzENc,68adc947d55957e2f056d50953b2b21413d901ef0337eeece17a384afb54afb2,3,0.2,2,1538783743133,Sports,0.08000000000000002,0.49
gw77RzbQt5bTTfpNt,68adc947d55957e2f056d50953b2b21413d901ef0337eeece17a384afb54afb2,4,0.71,2,1538783743135,Sports,0.16820000000000004,0.655
3TQ52tWPz5ZbtQwFX,68adc947d55957e2f056d50953b2b21413d901ef0337eeece17a384afb54afb2,5,0.16,2,1538783743136,Sports,0.0512,0.42
wpgsLHaqDtR2D3uCo,68adc947d55957e2f056d50953b2b21413d901ef0337eeece17a384afb54afb2,6,0.78,2,1538783743137,Sports,1.2168,0.56
dugbTtboFfZRMrahP,68adc947d55957e2f056d50953b2b21413d901ef0337eeece17a384afb54afb2,7,0.61,2,1538783802310,Politics,0.7442,0.63
yxddBGgiYJFJW965m,68adc947d55957e2f056d50953b2b21413d901ef0337eeece17a384afb54afb2,8,0.35,2,1538783802312,Politics,0.8450000000000001,0.635
TqFssCMnfE9ey6r9P,68adc947d55957e2f056d50953b2b21413d901ef0337eeece17a384afb54afb2,9,0.31,2,1538783802314,Politics,0.1922,0.57
t5s22j9aixmXHDAYu,68adc947d55957e2f056d50953b2b21413d901ef0337eeece17a384afb54afb2,10,0.17,2,1538783802317,Politics,0.05780000000000001,0.435
oZ26neXgQtkEsgPv4,68adc947d55957e2f056d50953b2b21413d901ef0337eeece17a384afb54afb2,11,0.21,2,1538783802319,Politics,0.08819999999999999,0.43
Q6G9mg9k5b4CMf8ay,68adc947d55957e2f056d50953b2b21413d901ef0337eeece17a384afb54afb2,12,0.49,2,1538783802320,Politics,0.48019999999999996,0.455
Frbbgvg4K8esjGhLw,68adc947d55957e2f056d50953b2b21413d901ef0337eeece17a384afb54afb2,13,0.63,2,1538783857806,Entertainment,0.7938000000000001,0.54
bEW3HcuWBXj7oPQJ7,68adc947d55957e2f056d50953b2b21413d901ef0337eeece17a384afb54afb2,14,0.65,2,1538783857808,Entertainment,0.24499999999999997,0.59
Ac5Y9hrG6kpKhvagA,68adc947d55957e2f056d50953b2b21413d901ef0337eeece17a384afb54afb2,15,0.94,2,1538783857810,Entertainment,1.7671999999999999,0.44
WzhgsYf84CyMB7RvL,68adc947d55957e2f056d50953b2b21413d901ef0337eeece17a384afb54afb2,16,0.83,2,1538783857812,Entertainment,0.057800000000000025,0.525
DjpiWBY8sX9mcd7f4,68adc947d55957e2f056d50953b2b21413d901ef0337eeece17a384afb54afb2,17,0.28,2,1538783857814,Entertainment,0.15680000000000002,0.435
TpKwJ8xuD4nGzp7Fa,68adc947d55957e2f056d50953b2b21413d901ef0337eeece17a384afb54afb2,18,0.89,2,1538783857816,Entertainment,1.5842,0.495
PTaT5NByzqBhvtB2e,451824a3831954cd69501dfd97cbfb0c82ca852930c6459cd859560ce2e126ca,7,0,2,1538837512655,Politics,0,0.24
aHHtYdzcj28r4RzBh,451824a3831954cd69501dfd97cbfb0c82ca852930c6459cd859560ce2e126ca,8,0.23,2,1538837512656,Politics,1.1858,0.41
ALxefKkNnmzKzfuHj,451824a3831954cd69501dfd97cbfb0c82ca852930c6459cd859560ce2e126ca,9,0.22,2,1538837512657,Politics,0.0968,0.41
bJEqeQw9oMQ2qQ7Mg,451824a3831954cd69501dfd97cbfb0c82ca852930c6459cd859560ce2e126ca,10,0.92,2,1538837512661,Politics,1.6928,0.395
mRnrp7MByYPkT2R7m,451824a3831954cd69501dfd97cbfb0c82ca852930c6459cd859560ce2e126ca,11,0.48,2,1538837512663,Politics,0.4608,0.5
zPW5EgA3tAevbCXph,451824a3831954cd69501dfd97cbfb0c82ca852930c6459cd859560ce2e126ca,12,0.22,2,1538837512663,Politics,0.0968,0.485
L8Sy3NTsmNeyK7jmc,451824a3831954cd69501dfd97cbfb0c82ca852930c6459cd859560ce2e126ca,13,0.13,2,1538837593135,Entertainment,0.033800000000000004,0.335
gKQJCmAqTfgREReWk,451824a3831954cd69501dfd97cbfb0c82ca852930c6459cd859560ce2e126ca,14,0.9,2,1538837593136,Entertainment,0.01999999999999999,0.585
TR4is772cJagXnt7X,451824a3831954cd69501dfd97cbfb0c82ca852930c6459cd859560ce2e126ca,15,0.84,2,1538837593137,Entertainment,1.4111999999999998,0.535
YR5zjr2Pq3d3cpF4n,451824a3831954cd69501dfd97cbfb0c82ca852930c6459cd859560ce2e126ca,16,0.51,2,1538837593138,Entertainment,0.48019999999999996,0.6
LETJyd7NLkLHmLbmc,451824a3831954cd69501dfd97cbfb0c82ca852930c6459cd859560ce2e126ca,17,0.91,2,1538837593138,Entertainment,1.6562000000000001,0.49
TGP3bSFfGpiHuNXXJ,451824a3831954cd69501dfd97cbfb0c82ca852930c6459cd859560ce2e126ca,18,0.52,2,1538837593140,Entertainment,0.5408000000000001,0.595
e3oMg6mQw3TNCsgwg,d959fc68b5145880409cffe2175d9906334f8731c99482c03d37fc77f6cc4623,1,0.85,2,1538838550223,Sports,0.04500000000000001,0.6
dW58XnMJN2SKiqJCM,d959fc68b5145880409cffe2175d9906334f8731c99482c03d37fc77f6cc4623,2,1,2,1538838550228,Sports,2,0.71
mKso5PFYZvF7Sdars,d959fc68b5145880409cffe2175d9906334f8731c99482c03d37fc77f6cc4623,3,0.18,2,1538838550230,Sports,0.0648,0.49
7S37ba2ijhZqaTN4Y,d959fc68b5145880409cffe2175d9906334f8731c99482c03d37fc77f6cc4623,4,0.63,2,1538838550231,Sports,0.2738,0.67
4rdzpjM3YKbPpQRNB,d959fc68b5145880409cffe2175d9906334f8731c99482c03d37fc77f6cc4623,5,0.16,2,1538838550233,Sports,0.0512,0.43
hBZPCrEXAqRJHSvW7,d959fc68b5145880409cffe2175d9906334f8731c99482c03d37fc77f6cc4623,6,0.68,2,1538838550235,Sports,0.9248000000000002,0.595
aqiwpWRibrpKzFdTS,d959fc68b5145880409cffe2175d9906334f8731c99482c03d37fc77f6cc4623,7,0.75,2,1538838621134,Politics,1.125,0.635
vibhv25oqWfJqbx6K,d959fc68b5145880409cffe2175d9906334f8731c99482c03d37fc77f6cc4623,8,0.3,2,1538838621136,Politics,0.9799999999999999,0.74
8L2uioZKP7HFRxJ3v,d959fc68b5145880409cffe2175d9906334f8731c99482c03d37fc77f6cc4623,9,0.8,2,1538838621141,Politics,1.2800000000000002,0.55
HRHxrxctc5EqEBdqF,d959fc68b5145880409cffe2175d9906334f8731c99482c03d37fc77f6cc4623,10,0.25,2,1538838621143,Politics,0.125,0.525
P6RGgAKo6ZmXsKHAC,d959fc68b5145880409cffe2175d9906334f8731c99482c03d37fc77f6cc4623,11,0.1,2,1538838621145,Politics,0.020000000000000004,0.5
BiXCSuJgtBWtgN9yT,d959fc68b5145880409cffe2175d9906334f8731c99482c03d37fc77f6cc4623,12,0.1,2,1538838621146,Politics,0.020000000000000004,0.54
FKWduXhotw4nnnrCL,d959fc68b5145880409cffe2175d9906334f8731c99482c03d37fc77f6cc4623,13,0.9,2,1538838679293,Entertainment,1.62,0.59
ryPm4df7Nywf57x8N,d959fc68b5145880409cffe2175d9906334f8731c99482c03d37fc77f6cc4623,14,1,2,1538838679296,Entertainment,0,0.66
yaSjH5Rk6MvM6xgMn,d959fc68b5145880409cffe2175d9906334f8731c99482c03d37fc77f6cc4623,15,0.05,2,1538838679298,Entertainment,0.005000000000000001,0.32
xkfY8u5n4PkZb5TFZ,d959fc68b5145880409cffe2175d9906334f8731c99482c03d37fc77f6cc4623,16,0.01,2,1538838679299,Entertainment,1.9602,0.295
kbNuFfhdeL2aEyDpF,d959fc68b5145880409cffe2175d9906334f8731c99482c03d37fc77f6cc4623,17,0.1,2,1538838679301,Entertainment,0.020000000000000004,0.435
NpypnEjpbX6wZ6koR,d959fc68b5145880409cffe2175d9906334f8731c99482c03d37fc77f6cc4623,18,0.85,2,1538838679304,Entertainment,1.4449999999999998,0.55
hrmRqfkvWWahLj4Pr,a702790bac1cc7cf740857f138bcceb5f1716e65879c0f9b8838b396066d89de,1,0.24,2,1538838966271,Sports,1.1552,0.46
F2N8Cyyuyrpb9roqz,a702790bac1cc7cf740857f138bcceb5f1716e65879c0f9b8838b396066d89de,2,0.17,2,1538838966273,Sports,0.05780000000000001,0.355
J6KbPajtaA9qyNLGB,a702790bac1cc7cf740857f138bcceb5f1716e65879c0f9b8838b396066d89de,3,0.06,2,1538838966276,Sports,0.0072,0.355
yuqsKgwThvQJ3pJxb,a702790bac1cc7cf740857f138bcceb5f1716e65879c0f9b8838b396066d89de,4,0.72,2,1538838966278,Sports,0.15680000000000002,0.665
JSYpScnHgeTZJTY7d,a702790bac1cc7cf740857f138bcceb5f1716e65879c0f9b8838b396066d89de,5,0.25,2,1538838966279,Sports,0.125,0.54
62iyPXSxon8wj2fp9,a702790bac1cc7cf740857f138bcceb5f1716e65879c0f9b8838b396066d89de,6,0.55,2,1538838966281,Sports,0.6050000000000001,0.655
59Q9PMh8uwFy64ALD,2d5a46757273b552ce69e2bd7e42cd3078bd08e2c3b157bb88f7144fa1774c7a,1,0.6,2,1538839041724,Sports,0.32000000000000006,0.6
iHxM7tNW5DAbp2HNz,2d5a46757273b552ce69e2bd7e42cd3078bd08e2c3b157bb88f7144fa1774c7a,2,0.5,2,1538839041726,Sports,0.5,0.665
N97AcYA5f6MeG9q7g,2d5a46757273b552ce69e2bd7e42cd3078bd08e2c3b157bb88f7144fa1774c7a,3,0.25,2,1538839041726,Sports,0.125,0.47
GoWgGWhR8gBwgkKrn,2d5a46757273b552ce69e2bd7e42cd3078bd08e2c3b157bb88f7144fa1774c7a,4,0.75,2,1538839041726,Sports,0.125,0.66
LjBwxGxWcCEu5NDuc,2d5a46757273b552ce69e2bd7e42cd3078bd08e2c3b157bb88f7144fa1774c7a,5,0.2,2,1538839041726,Sports,0.08000000000000002,0.555
78pTzg8aaSXTm6Qac,2d5a46757273b552ce69e2bd7e42cd3078bd08e2c3b157bb88f7144fa1774c7a,6,0.5,2,1538839041726,Sports,0.5,0.585
MAzm2cbTE8NebnnN5,a702790bac1cc7cf740857f138bcceb5f1716e65879c0f9b8838b396066d89de,7,0.38,2,1538839044467,Politics,0.2888,0.675
drxyeoAq2y4ni2NsZ,a702790bac1cc7cf740857f138bcceb5f1716e65879c0f9b8838b396066d89de,8,0.08,2,1538839044468,Politics,1.6928,0.28
tuyrpRyoKzL7ABfCR,a702790bac1cc7cf740857f138bcceb5f1716e65879c0f9b8838b396066d89de,9,0.57,2,1538839044472,Politics,0.6497999999999999,0.61
dAPqZa8yNprtDc8ud,a702790bac1cc7cf740857f138bcceb5f1716e65879c0f9b8838b396066d89de,10,0.05,2,1538839044474,Politics,0.005000000000000001,0.36
MiaogJdD3PA3YPKHS,a702790bac1cc7cf740857f138bcceb5f1716e65879c0f9b8838b396066d89de,11,0.59,2,1538839044476,Politics,0.6961999999999999,0.54
WvkpgXSEqYa4Hh3kh,a702790bac1cc7cf740857f138bcceb5f1716e65879c0f9b8838b396066d89de,12,0.16,2,1538839044478,Politics,0.0512,0.495
dqgWxKv2EmXDCkssq,2d5a46757273b552ce69e2bd7e42cd3078bd08e2c3b157bb88f7144fa1774c7a,7,0.75,2,1538839092993,Politics,1.125,0.67
uBe7wR6hfY8muTQMq,2d5a46757273b552ce69e2bd7e42cd3078bd08e2c3b157bb88f7144fa1774c7a,8,0.75,2,1538839092993,Politics,0.125,0.615
5wt7vqZ5aAx6C24BE,2d5a46757273b552ce69e2bd7e42cd3078bd08e2c3b157bb88f7144fa1774c7a,9,0.6,2,1538839092993,Politics,0.72,0.6
t8zhpcQ8L5wFmKHLz,2d5a46757273b552ce69e2bd7e42cd3078bd08e2c3b157bb88f7144fa1774c7a,10,0.1,2,1538839092994,Politics,0.020000000000000004,0.525
fJXRJgPNzg37asyqD,2d5a46757273b552ce69e2bd7e42cd3078bd08e2c3b157bb88f7144fa1774c7a,11,0.1,2,1538839092994,Politics,0.020000000000000004,0.515
3iTdBcPXxZreJqmtw,2d5a46757273b552ce69e2bd7e42cd3078bd08e2c3b157bb88f7144fa1774c7a,12,0.1,2,1538839092994,Politics,0.020000000000000004,0.505
ptkqKxfaAQCX6gb7m,a702790bac1cc7cf740857f138bcceb5f1716e65879c0f9b8838b396066d89de,13,0.67,2,1538839107605,Entertainment,0.8978000000000002,0.6
qYKhC9K6XeA9pTaeh,a702790bac1cc7cf740857f138bcceb5f1716e65879c0f9b8838b396066d89de,14,0.79,2,1538839107608,Entertainment,0.08819999999999997,0.635
8FANu6ADsZtCwRz34,a702790bac1cc7cf740857f138bcceb5f1716e65879c0f9b8838b396066d89de,15,0.39,2,1538839107608,Entertainment,0.3042,0.67
4bXoivsws8nEziNF5,a702790bac1cc7cf740857f138bcceb5f1716e65879c0f9b8838b396066d89de,16,0.5,2,1538839107609,Entertainment,0.5,0.67
zYiBiEAXiY6ecLSZ9,a702790bac1cc7cf740857f138bcceb5f1716e65879c0f9b8838b396066d89de,17,0.6,2,1538839107611,Entertainment,0.72,0.525
gWfrhYXoJEwcSKaxL,a702790bac1cc7cf740857f138bcceb5f1716e65879c0f9b8838b396066d89de,18,0.24,2,1538839107613,Entertainment,0.1152,0.48
ztnG6Mp5rQjAttddC,2d5a46757273b552ce69e2bd7e42cd3078bd08e2c3b157bb88f7144fa1774c7a,13,0.75,2,1538839135995,Entertainment,1.125,0.59
KoKghZGZH39DXt43X,2d5a46757273b552ce69e2bd7e42cd3078bd08e2c3b157bb88f7144fa1774c7a,14,0.8,2,1538839135995,Entertainment,0.07999999999999996,0.6
DE5rBLQWMtvxCy4ya,2d5a46757273b552ce69e2bd7e42cd3078bd08e2c3b157bb88f7144fa1774c7a,15,0.75,2,1538839135995,Entertainment,1.125,0.55
qfHFMJFoPdpNmBtii,2d5a46757273b552ce69e2bd7e42cd3078bd08e2c3b157bb88f7144fa1774c7a,16,0.2,2,1538839135995,Entertainment,1.2800000000000002,0.47
2djaLhDFdBsaR8vom,2d5a46757273b552ce69e2bd7e42cd3078bd08e2c3b157bb88f7144fa1774c7a,17,0.6,2,1538839135995,Entertainment,0.72,0.57
wHE23CchBLfpf6rcq,2d5a46757273b552ce69e2bd7e42cd3078bd08e2c3b157bb88f7144fa1774c7a,18,0.1,2,1538839135996,Entertainment,0.020000000000000004,0.405
rfM6GHmzbjqfvQMrg,50bacb26ab27aad3498c0ff67579e78ffa0131b37e5c18e09cd178e943c28a7b,1,0.74,2,1538839408312,Sports,0.13520000000000001,0.55
md9aoaW2AjSYwkuxD,50bacb26ab27aad3498c0ff67579e78ffa0131b37e5c18e09cd178e943c28a7b,2,0.92,2,1538839408313,Sports,1.6928,0.64
mTKEuaqerPcaskJ4u,50bacb26ab27aad3498c0ff67579e78ffa0131b37e5c18e09cd178e943c28a7b,3,0.07,2,1538839408314,Sports,0.009800000000000001,0.375
ZMkM5kWrm4LMTGmQz,50bacb26ab27aad3498c0ff67579e78ffa0131b37e5c18e09cd178e943c28a7b,4,0.88,2,1538839408314,Sports,0.0288,0.62
Dw9K5fPL2FpaXZZ5n,50bacb26ab27aad3498c0ff67579e78ffa0131b37e5c18e09cd178e943c28a7b,5,0.15,2,1538839408314,Sports,0.045,0.365
aGQtQYTjSmXWnPwwx,50bacb26ab27aad3498c0ff67579e78ffa0131b37e5c18e09cd178e943c28a7b,6,0.81,2,1538839408314,Sports,1.3122000000000003,0.58
FZnMiKNm5uF79MoZg,50bacb26ab27aad3498c0ff67579e78ffa0131b37e5c18e09cd178e943c28a7b,7,0.79,2,1538839447988,Politics,1.2482000000000002,0.57
SjrLeMAddjpBqfLK7,50bacb26ab27aad3498c0ff67579e78ffa0131b37e5c18e09cd178e943c28a7b,8,0.24,2,1538839447990,Politics,1.1552,0.445
BmbAdQz3pSXAhEizv,50bacb26ab27aad3498c0ff67579e78ffa0131b37e5c18e09cd178e943c28a7b,9,0.65,2,1538839447990,Politics,0.8450000000000001,0.545
wFubCAM7nzicvM6Qb,50bacb26ab27aad3498c0ff67579e78ffa0131b37e5c18e09cd178e943c28a7b,10,0.68,2,1538839447990,Politics,0.9248000000000002,0.43
SRXjEzuXBwH5GxvXf,50bacb26ab27aad3498c0ff67579e78ffa0131b37e5c18e09cd178e943c28a7b,11,0.85,2,1538839447991,Politics,1.4449999999999998,0.435
jf8km3uMxkKrX2gKs,50bacb26ab27aad3498c0ff67579e78ffa0131b37e5c18e09cd178e943c28a7b,12,0.9,2,1538839447991,Politics,1.62,0.385
LaFfkvZZ82SYXRZ9A,50bacb26ab27aad3498c0ff67579e78ffa0131b37e5c18e09cd178e943c28a7b,13,0.76,2,1538839473902,Entertainment,1.1552,0.555
KDyTfo4xXbGSSpmMs,50bacb26ab27aad3498c0ff67579e78ffa0131b37e5c18e09cd178e943c28a7b,14,0.81,2,1538839473902,Entertainment,0.07219999999999996,0.625
yjkojnDKPeEdfwcG2,50bacb26ab27aad3498c0ff67579e78ffa0131b37e5c18e09cd178e943c28a7b,15,1,2,1538839473903,Entertainment,2,0.585
7JQbQNKRmSAunYvYe,50bacb26ab27aad3498c0ff67579e78ffa0131b37e5c18e09cd178e943c28a7b,16,0.14,2,1538839473904,Entertainment,1.4791999999999998,0.43
Nweuj7EPyvmRdvv8e,50bacb26ab27aad3498c0ff67579e78ffa0131b37e5c18e09cd178e943c28a7b,17,0.73,2,1538839473904,Entertainment,1.0657999999999999,0.55
JJznqoLsaxRqi3tPp,50bacb26ab27aad3498c0ff67579e78ffa0131b37e5c18e09cd178e943c28a7b,18,0.26,2,1538839473905,Entertainment,0.13520000000000001,0.47
Jf9e7J5oE7zPwCtHE,4061f9c3c3982daddee45a5c617bd43f7351d20eac19b35ea453e7c1c1cc3adb,1,0.81,2,1538839576936,Sports,0.07219999999999996,0.58
SNK5jmKF3gyfKwij3,4061f9c3c3982daddee45a5c617bd43f7351d20eac19b35ea453e7c1c1cc3adb,2,0.61,2,1538839576937,Sports,0.7442,0.61
cqWSMnr8kDvo5TvBF,4061f9c3c3982daddee45a5c617bd43f7351d20eac19b35ea453e7c1c1cc3adb,3,0.71,2,1538839576938,Sports,1.0082,0.505
4fSYBufXnGWzNsmx4,4061f9c3c3982daddee45a5c617bd43f7351d20eac19b35ea453e7c1c1cc3adb,4,0.69,2,1538839576939,Sports,0.19220000000000007,0.65
XtZoT8arv3DJFJEAJ,4061f9c3c3982daddee45a5c617bd43f7351d20eac19b35ea453e7c1c1cc3adb,5,0.26,2,1538839576940,Sports,0.13520000000000001,0.515
QygN3vCT8DZp94yXc,4061f9c3c3982daddee45a5c617bd43f7351d20eac19b35ea453e7c1c1cc3adb,6,0.31,2,1538839576941,Sports,0.1922,0.645
mm6BQmJMDMj4hgL5D,4061f9c3c3982daddee45a5c617bd43f7351d20eac19b35ea453e7c1c1cc3adb,7,0.31,2,1538839650267,Politics,0.1922,0.665
j9TGAxnC69EM35hny,4061f9c3c3982daddee45a5c617bd43f7351d20eac19b35ea453e7c1c1cc3adb,8,0.58,2,1538839650268,Politics,0.35280000000000006,0.64
rhFn8XfiW2hW7Sg3z,4061f9c3c3982daddee45a5c617bd43f7351d20eac19b35ea453e7c1c1cc3adb,9,0.63,2,1538839650269,Politics,0.7938000000000001,0.52
MAjo54AbJWcCwhBkA,4061f9c3c3982daddee45a5c617bd43f7351d20eac19b35ea453e7c1c1cc3adb,10,0.23,2,1538839650271,Politics,0.1058,0.335
TwcjrjbbfyHWW7Qis,4061f9c3c3982daddee45a5c617bd43f7351d20eac19b35ea453e7c1c1cc3adb,11,0.3,2,1538839650271,Politics,0.18,0.55
SZL4GCfoFXjiusBcE,4061f9c3c3982daddee45a5c617bd43f7351d20eac19b35ea453e7c1c1cc3adb,12,0.25,2,1538839650272,Politics,0.125,0.435
MmRj68k2cAQ5JDT7F,4061f9c3c3982daddee45a5c617bd43f7351d20eac19b35ea453e7c1c1cc3adb,13,0.27,2,1538839719027,Entertainment,0.1458,0.355
PYMQRvKPMd7h7oMwx,4061f9c3c3982daddee45a5c617bd43f7351d20eac19b35ea453e7c1c1cc3adb,14,0.74,2,1538839719027,Entertainment,0.13520000000000001,0.66
KfrSacYyRk3s7h7yX,4061f9c3c3982daddee45a5c617bd43f7351d20eac19b35ea453e7c1c1cc3adb,15,0.22,2,1538839719028,Entertainment,0.0968,0.415
Yg6es5zcdsyTv5dwt,4061f9c3c3982daddee45a5c617bd43f7351d20eac19b35ea453e7c1c1cc3adb,16,0.65,2,1538839719028,Entertainment,0.24499999999999997,0.54
GHEuaXfaBDaLkTcpJ,4061f9c3c3982daddee45a5c617bd43f7351d20eac19b35ea453e7c1c1cc3adb,17,0.25,2,1538839719031,Entertainment,0.125,0.385
p9zWAqjTd6up8Nj6J,4061f9c3c3982daddee45a5c617bd43f7351d20eac19b35ea453e7c1c1cc3adb,18,0.22,2,1538839719031,Entertainment,0.0968,0.42
keyuD55J6HK7hTqKd,ee9416cfd6c8b2dc83d3914adf0231f7aac37ccaa17d72a3943c76be749b2674,1,0.85,2,1538839993760,Sports,0.04500000000000001,0.575
YEG2rivHT5pHn88Jm,ee9416cfd6c8b2dc83d3914adf0231f7aac37ccaa17d72a3943c76be749b2674,2,0.22,2,1538839993761,Sports,0.0968,0.42
Dsyvi5mmesESh4s3X,ee9416cfd6c8b2dc83d3914adf0231f7aac37ccaa17d72a3943c76be749b2674,3,1,2,1538839993761,Sports,2,0.51
RxMY2KonPZA56jWqs,ee9416cfd6c8b2dc83d3914adf0231f7aac37ccaa17d72a3943c76be749b2674,4,0.2,2,1538839993761,Sports,1.2800000000000002,0.31
SfND9jbb3XS7CRCoz,ee9416cfd6c8b2dc83d3914adf0231f7aac37ccaa17d72a3943c76be749b2674,5,0.09,2,1538839993761,Sports,0.0162,0.285
uymp9mWyHsf7uaKTv,ee9416cfd6c8b2dc83d3914adf0231f7aac37ccaa17d72a3943c76be749b2674,6,0.87,2,1538839993762,Sports,1.5138,0.545
ZNatY5Zj4ahSHLRgc,ee9416cfd6c8b2dc83d3914adf0231f7aac37ccaa17d72a3943c76be749b2674,7,0.87,2,1538840018814,Politics,1.5138,0.615
2scFmGCHbPedxQpT6,ee9416cfd6c8b2dc83d3914adf0231f7aac37ccaa17d72a3943c76be749b2674,8,0.31,2,1538840018814,Politics,0.9521999999999998,0.7
didYRshP8QcR9GgXQ,ee9416cfd6c8b2dc83d3914adf0231f7aac37ccaa17d72a3943c76be749b2674,9,0.89,2,1538840018814,Politics,1.5842,0.58
rKr44MTmNJH7W4M6y,ee9416cfd6c8b2dc83d3914adf0231f7aac37ccaa17d72a3943c76be749b2674,10,0.92,2,1538840018815,Politics,1.6928,0.475
LHaxqJS4aDj2qQs7h,ee9416cfd6c8b2dc83d3914adf0231f7aac37ccaa17d72a3943c76be749b2674,11,0,2,1538840018815,Politics,0,0.4
bFcNjaykQGaQBeJhC,ee9416cfd6c8b2dc83d3914adf0231f7aac37ccaa17d72a3943c76be749b2674,12,0,2,1538840018815,Politics,0,0.44
uPwQfvyxDZmAQZiDe,ee9416cfd6c8b2dc83d3914adf0231f7aac37ccaa17d72a3943c76be749b2674,13,0.28,2,1538840037782,Entertainment,0.15680000000000002,0.405
9QNRaaHwkCBe7zKQc,ee9416cfd6c8b2dc83d3914adf0231f7aac37ccaa17d72a3943c76be749b2674,14,0.93,2,1538840037782,Entertainment,0.009799999999999986,0.605
Tw9dmKNuCJp5Qzgv7,ee9416cfd6c8b2dc83d3914adf0231f7aac37ccaa17d72a3943c76be749b2674,15,0.46,2,1538840037782,Entertainment,0.4232,0.625
6YSrR7s4wGQxc7Jgr,ee9416cfd6c8b2dc83d3914adf0231f7aac37ccaa17d72a3943c76be749b2674,16,0.87,2,1538840037783,Entertainment,0.033800000000000004,0.63
Jzhe2J8KpdmxJaHJn,ee9416cfd6c8b2dc83d3914adf0231f7aac37ccaa17d72a3943c76be749b2674,17,0.48,2,1538840037783,Entertainment,0.4608,0.555
fCKqpJDtdtiGPbhXm,ee9416cfd6c8b2dc83d3914adf0231f7aac37ccaa17d72a3943c76be749b2674,18,0.83,2,1538840037783,Entertainment,1.3778,0.495
fbWrkKQGW2v9KeAgs,5b96679985e0dae3357a2457b34c1522f7b359e5168bbeb9747e092712533149,1,0.6,2,1538840385932,Sports,0.32000000000000006,0.48
adHjuSaYsa4RvRZjX,5b96679985e0dae3357a2457b34c1522f7b359e5168bbeb9747e092712533149,2,0.7,2,1538840385932,Sports,0.9799999999999999,0.56
5ffceBjd59uH7eLJc,5b96679985e0dae3357a2457b34c1522f7b359e5168bbeb9747e092712533149,3,0.3,2,1538840385933,Sports,0.18,0.54
HK6YDXb4wnx98yejr,5b96679985e0dae3357a2457b34c1522f7b359e5168bbeb9747e092712533149,4,0.64,2,1538840385933,Sports,0.2592,0.555
DM9maykzR8nJJtSvX,5b96679985e0dae3357a2457b34c1522f7b359e5168bbeb9747e092712533149,5,0.4,2,1538840385934,Sports,0.32000000000000006,0.535
zWLNGRqNuEwnpiut3,5b96679985e0dae3357a2457b34c1522f7b359e5168bbeb9747e092712533149,6,0.62,2,1538840385935,Sports,0.7688,0.5
hHJjGGExEJQbWmhRM,5b96679985e0dae3357a2457b34c1522f7b359e5168bbeb9747e092712533149,7,0.55,2,1538840444787,Politics,0.6050000000000001,0.57
9mx945PqqjAMAK6y2,5b96679985e0dae3357a2457b34c1522f7b359e5168bbeb9747e092712533149,8,0.42,2,1538840444787,Politics,0.6728000000000002,0.555
hHeHtqPPXYto5ARHE,5b96679985e0dae3357a2457b34c1522f7b359e5168bbeb9747e092712533149,9,0.4,2,1538840444788,Politics,0.32000000000000006,0.57
jeYtmob2M9brHRJ5d,5b96679985e0dae3357a2457b34c1522f7b359e5168bbeb9747e092712533149,10,0.35,2,1538840444789,Politics,0.24499999999999997,0.47
jnvNcc3hooHgC5qrj,5b96679985e0dae3357a2457b34c1522f7b359e5168bbeb9747e092712533149,11,0.44,2,1538840444790,Politics,0.3872,0.445
6ZrcySuDuDm933YWZ,5b96679985e0dae3357a2457b34c1522f7b359e5168bbeb9747e092712533149,12,0.3,2,1538840444790,Politics,0.18,0.515
BQebiCe9aa3ScrFqu,5b96679985e0dae3357a2457b34c1522f7b359e5168bbeb9747e092712533149,13,0.41,2,1538840504983,Entertainment,0.33619999999999994,0.585
C8bcZMovEEgyKhW4Q,5b96679985e0dae3357a2457b34c1522f7b359e5168bbeb9747e092712533149,14,0.63,2,1538840504984,Entertainment,0.2738,0.54
f8gzRaYh9nA28Zcrz,5b96679985e0dae3357a2457b34c1522f7b359e5168bbeb9747e092712533149,15,0.41,2,1538840504985,Entertainment,0.33619999999999994,0.55
mfvqEFyuQexJRhfua,5b96679985e0dae3357a2457b34c1522f7b359e5168bbeb9747e092712533149,16,0.41,2,1538840504986,Entertainment,0.6962000000000002,0.555
Z8knzqSABpt9Z4gJP,5b96679985e0dae3357a2457b34c1522f7b359e5168bbeb9747e092712533149,17,0.6,2,1538840504987,Entertainment,0.72,0.455
EyAdpQLYLtFvQi5yB,5b96679985e0dae3357a2457b34c1522f7b359e5168bbeb9747e092712533149,18,0.58,2,1538840504987,Entertainment,0.6728,0.49
KqC4L3eLw9tnJbvpL,d95333a21a1dad7db2dfa8479e5a2c5f4337b12c66bbbe2284238d185381d118,1,0.67,2,1538840770017,Sports,0.21779999999999994,0.58
ijqf4BvqKmhZc2nTM,d95333a21a1dad7db2dfa8479e5a2c5f4337b12c66bbbe2284238d185381d118,2,0.65,2,1538840770018,Sports,0.8450000000000001,0.565
BezCvsB72cBhg3e5Z,d95333a21a1dad7db2dfa8479e5a2c5f4337b12c66bbbe2284238d185381d118,3,0.64,2,1538840770020,Sports,0.8192,0.385
3KrR4veWNrkBMGNae,d95333a21a1dad7db2dfa8479e5a2c5f4337b12c66bbbe2284238d185381d118,4,0.75,2,1538840770020,Sports,0.125,0.575
RWbmEQqorT9NRXEMy,d95333a21a1dad7db2dfa8479e5a2c5f4337b12c66bbbe2284238d185381d118,5,0.89,2,1538840770021,Sports,1.5842,0.45
G38DfFHsMSDSoAyzs,d95333a21a1dad7db2dfa8479e5a2c5f4337b12c66bbbe2284238d185381d118,6,0.66,2,1538840770021,Sports,0.8712000000000001,0.545
8A4o8kTnoJgTQHnHY,d95333a21a1dad7db2dfa8479e5a2c5f4337b12c66bbbe2284238d185381d118,7,0.65,2,1538840780006,Politics,0.8450000000000001,0.6
pYWu5krXEuWq6Jcgd,d95333a21a1dad7db2dfa8479e5a2c5f4337b12c66bbbe2284238d185381d118,8,0.67,2,1538840780006,Politics,0.21779999999999994,0.54
rmY4rwEjmsak8e2HY,d95333a21a1dad7db2dfa8479e5a2c5f4337b12c66bbbe2284238d185381d118,9,0.68,2,1538840780008,Politics,0.9248000000000002,0.465
wWjXGj96qaRmHhNg9,d95333a21a1dad7db2dfa8479e5a2c5f4337b12c66bbbe2284238d185381d118,10,0.56,2,1538840780008,Politics,0.6272000000000001,0.425
4QA9qNCqehbWRGo5s,d95333a21a1dad7db2dfa8479e5a2c5f4337b12c66bbbe2284238d185381d118,11,0.33,2,1538840780008,Politics,0.21780000000000002,0.56
r4DhsW7cx4mwchz9J,d95333a21a1dad7db2dfa8479e5a2c5f4337b12c66bbbe2284238d185381d118,12,0.6,2,1538840780008,Politics,0.72,0.36
BDWJSZDgqBGYfAo9y,d95333a21a1dad7db2dfa8479e5a2c5f4337b12c66bbbe2284238d185381d118,13,0.75,2,1538840793528,Entertainment,1.125,0.54
pFbWNE65YADbKsDYR,d95333a21a1dad7db2dfa8479e5a2c5f4337b12c66bbbe2284238d185381d118,14,0.61,2,1538840793528,Entertainment,0.3042,0.56
C4Au2ntE35Z86966H,d95333a21a1dad7db2dfa8479e5a2c5f4337b12c66bbbe2284238d185381d118,15,0.61,2,1538840793528,Entertainment,0.7442,0.5
dvqMiE8caLNDbogAo,d95333a21a1dad7db2dfa8479e5a2c5f4337b12c66bbbe2284238d185381d118,16,0.67,2,1538840793528,Entertainment,0.21779999999999994,0.44
ZmCorBpYtQ4P3Qm7P,d95333a21a1dad7db2dfa8479e5a2c5f4337b12c66bbbe2284238d185381d118,17,0.58,2,1538840793530,Entertainment,0.6728,0.485
vbGBT4RR8H5BAZFvK,d95333a21a1dad7db2dfa8479e5a2c5f4337b12c66bbbe2284238d185381d118,18,0.65,2,1538840793530,Entertainment,0.8450000000000001,0.475
A6ZjgFmNrd5fkLbu5,9299d9b27d8326f5d98d489c7e1c0fde0b28e179556b1fad95565e40977f15ab,1,0.7,2,1538842142949,Sports,0.18000000000000005,0.6
xBRkf4iLLcfLv6v5Z,9299d9b27d8326f5d98d489c7e1c0fde0b28e179556b1fad95565e40977f15ab,2,0.85,2,1538842142955,Sports,1.4449999999999998,0.61
jjvDNdtskzvCCj7k9,9299d9b27d8326f5d98d489c7e1c0fde0b28e179556b1fad95565e40977f15ab,3,0.11,2,1538842142960,Sports,0.0242,0.465
5BemAcucBuPCFfhZW,9299d9b27d8326f5d98d489c7e1c0fde0b28e179556b1fad95565e40977f15ab,4,0.75,2,1538842142963,Sports,0.125,0.63
eHde2hHvv57MzgkNH,9299d9b27d8326f5d98d489c7e1c0fde0b28e179556b1fad95565e40977f15ab,5,0.32,2,1538842142966,Sports,0.2048,0.67
YczWcZG3aNhCWGpGJ,9299d9b27d8326f5d98d489c7e1c0fde0b28e179556b1fad95565e40977f15ab,6,0.8,2,1538842142971,Sports,1.2800000000000002,0.605
PnWvWERgiuwdq2Noz,9299d9b27d8326f5d98d489c7e1c0fde0b28e179556b1fad95565e40977f15ab,7,0.34,2,1538842178099,Politics,0.23120000000000004,0.69
PyugyvZoHfHroeFBn,9299d9b27d8326f5d98d489c7e1c0fde0b28e179556b1fad95565e40977f15ab,8,0.77,2,1538842178102,Politics,0.10579999999999998,0.565
57mYgeFupdtbj4kBr,9299d9b27d8326f5d98d489c7e1c0fde0b28e179556b1fad95565e40977f15ab,9,0.37,2,1538842178105,Politics,0.2738,0.64
XZRMAe6Jrc3hfhMAv,9299d9b27d8326f5d98d489c7e1c0fde0b28e179556b1fad95565e40977f15ab,10,0.09,2,1538842178116,Politics,0.0162,0.36
qvLiNnDr73XBJ92x2,9299d9b27d8326f5d98d489c7e1c0fde0b28e179556b1fad95565e40977f15ab,11,0.09,2,1538842178119,Politics,0.0162,0.405
DTu4rmEReMsAFLEj9,9299d9b27d8326f5d98d489c7e1c0fde0b28e179556b1fad95565e40977f15ab,12,0.08,2,1538842178121,Politics,0.0128,0.36
hcW5JAHFGxPbJGeCG,9299d9b27d8326f5d98d489c7e1c0fde0b28e179556b1fad95565e40977f15ab,13,0.18,2,1538842206332,Entertainment,0.0648,0.365
XEfKHdLsLCQiya7W4,9299d9b27d8326f5d98d489c7e1c0fde0b28e179556b1fad95565e40977f15ab,14,0.76,2,1538842206338,Entertainment,0.1152,0.645
RLFLykpG9dPE9YiLw,9299d9b27d8326f5d98d489c7e1c0fde0b28e179556b1fad95565e40977f15ab,15,0.38,2,1538842206341,Entertainment,0.2888,0.69
Mwsb5wypFtMbLfgcu,9299d9b27d8326f5d98d489c7e1c0fde0b28e179556b1fad95565e40977f15ab,16,0.28,2,1538842206343,Entertainment,1.0368,0.54
M67oimGjDArwNf6xa,9299d9b27d8326f5d98d489c7e1c0fde0b28e179556b1fad95565e40977f15ab,17,0.35,2,1538842206344,Entertainment,0.24499999999999997,0.595
r99NF6Jagfyat54np,9299d9b27d8326f5d98d489c7e1c0fde0b28e179556b1fad95565e40977f15ab,18,0.19,2,1538842206349,Entertainment,0.0722,0.45
6Q6C8QJ5vL4PykvbG,38b2bdf40360e810907d5fed66eaa6c6e3407ea14beacb720fb10cb9d3cb15e1,1,0.29,2,1538842515895,Sports,1.0082,0.425
Mk5CHCWXxjrPdTEKT,38b2bdf40360e810907d5fed66eaa6c6e3407ea14beacb720fb10cb9d3cb15e1,2,0.31,2,1538842515900,Sports,0.1922,0.675
rJh2m5n6Ny6A3cS5r,38b2bdf40360e810907d5fed66eaa6c6e3407ea14beacb720fb10cb9d3cb15e1,3,0.4,2,1538842515901,Sports,0.32000000000000006,0.545
9GPBsukF5rN9GiAjF,38b2bdf40360e810907d5fed66eaa6c6e3407ea14beacb720fb10cb9d3cb15e1,4,0.62,2,1538842515903,Sports,0.2888,0.615
qM7M6LtnyNfBo6iZw,38b2bdf40360e810907d5fed66eaa6c6e3407ea14beacb720fb10cb9d3cb15e1,5,0.83,2,1538842515904,Sports,1.3778,0.485
6PdMazWKbpHLdcFrA,38b2bdf40360e810907d5fed66eaa6c6e3407ea14beacb720fb10cb9d3cb15e1,6,0.38,2,1538842515906,Sports,0.2888,0.63
C23k5D89sMMdikA8c,38b2bdf40360e810907d5fed66eaa6c6e3407ea14beacb720fb10cb9d3cb15e1,7,0.8,2,1538842565723,Politics,1.2800000000000002,0.575
vATCHeCMBLtSx4PW5,38b2bdf40360e810907d5fed66eaa6c6e3407ea14beacb720fb10cb9d3cb15e1,8,0.15,2,1538842565725,Politics,1.4449999999999998,0.385
q9LHdwosNWRAMKMwZ,38b2bdf40360e810907d5fed66eaa6c6e3407ea14beacb720fb10cb9d3cb15e1,9,0.6,2,1538842565727,Politics,0.72,0.575
R5QeRcaZ3wWwECsNc,38b2bdf40360e810907d5fed66eaa6c6e3407ea14beacb720fb10cb9d3cb15e1,10,0.22,2,1538842565729,Politics,0.0968,0.41
aWYFSgC2FfqF9NCdR,38b2bdf40360e810907d5fed66eaa6c6e3407ea14beacb720fb10cb9d3cb15e1,11,0,2,1538842565730,Politics,0,0.33
yMBJi4YKpae3TmaMc,38b2bdf40360e810907d5fed66eaa6c6e3407ea14beacb720fb10cb9d3cb15e1,12,0.1,2,1538842565731,Politics,0.020000000000000004,0.515
Nor9QB5Wt3iG6xRQk,38b2bdf40360e810907d5fed66eaa6c6e3407ea14beacb720fb10cb9d3cb15e1,13,0.2,2,1538842832772,Entertainment,0.08000000000000002,0.37
98wAmkv8abiWLpLYu,38b2bdf40360e810907d5fed66eaa6c6e3407ea14beacb720fb10cb9d3cb15e1,14,0.9,2,1538842832784,Entertainment,0.01999999999999999,0.595
bXwnneBRwDvsch66Y,38b2bdf40360e810907d5fed66eaa6c6e3407ea14beacb720fb10cb9d3cb15e1,15,0.75,2,1538842832785,Entertainment,1.125,0.55
YXnQEEzXW5k4vYXHD,38b2bdf40360e810907d5fed66eaa6c6e3407ea14beacb720fb10cb9d3cb15e1,16,0.85,2,1538842832787,Entertainment,0.04500000000000001,0.485
t2WY9To42MisZ4GeD,38b2bdf40360e810907d5fed66eaa6c6e3407ea14beacb720fb10cb9d3cb15e1,17,0.33,2,1538842832788,Entertainment,0.21780000000000002,0.62
bDkZWa9FFKny57SbR,38b2bdf40360e810907d5fed66eaa6c6e3407ea14beacb720fb10cb9d3cb15e1,18,0.18,2,1538842832790,Entertainment,0.0648,0.44
Fhr7hSoKhbcTJEy63,f4d1b54662d70169b554ef522b093dc0440e91c6a41ad32b55f51e83a932d61e,1,1,2,1538842936896,Sports,0,0.55
ac22BFAR73kbJKmHg,f4d1b54662d70169b554ef522b093dc0440e91c6a41ad32b55f51e83a932d61e,2,0.2,2,1538842936898,Sports,0.08000000000000002,0.36
7BXTsfGxDzz6S5w4d,f4d1b54662d70169b554ef522b093dc0440e91c6a41ad32b55f51e83a932d61e,3,0.85,2,1538842936898,Sports,1.4449999999999998,0.465
wrwdainQ2uMmE4n3i,f4d1b54662d70169b554ef522b093dc0440e91c6a41ad32b55f51e83a932d61e,4,1,2,1538842936900,Sports,0,0.635
CvRppygGYhC2jHJzi,f4d1b54662d70169b554ef522b093dc0440e91c6a41ad32b55f51e83a932d61e,5,0.15,2,1538842936900,Sports,0.045,0.345
TYMBWy4B8wMhwHgXp,f4d1b54662d70169b554ef522b093dc0440e91c6a41ad32b55f51e83a932d61e,6,0.82,2,1538842936900,Sports,1.3447999999999998,0.54
QHaiXSkDfmziLhNaq,f4d1b54662d70169b554ef522b093dc0440e91c6a41ad32b55f51e83a932d61e,7,0.85,2,1538843162727,Politics,1.4449999999999998,0.645
hBLb4J5ta9XMvJoAB,f4d1b54662d70169b554ef522b093dc0440e91c6a41ad32b55f51e83a932d61e,8,0.35,2,1538843162727,Politics,0.8450000000000001,0.665
W4vdkPkMb5ebgyYDv,f4d1b54662d70169b554ef522b093dc0440e91c6a41ad32b55f51e83a932d61e,9,0.97,2,1538843162728,Politics,1.8818,0.59
3QamceR9LwDG8Nymh,f4d1b54662d70169b554ef522b093dc0440e91c6a41ad32b55f51e83a932d61e,10,0,2,1538843162729,Politics,0,0.34
J8SBBvnNTjaW2mKuB,f4d1b54662d70169b554ef522b093dc0440e91c6a41ad32b55f51e83a932d61e,11,0,2,1538843162729,Politics,0,0.415
7vRJzcmz7uKNiKonD,f4d1b54662d70169b554ef522b093dc0440e91c6a41ad32b55f51e83a932d61e,12,0.8,2,1538843162730,Politics,1.2800000000000002,0.415
4RNxTMxGfKe82YqRa,f4d1b54662d70169b554ef522b093dc0440e91c6a41ad32b55f51e83a932d61e,13,0.95,2,1538843483390,Entertainment,1.805,0.575
zj2Q2wWDn7szbzzmH,f4d1b54662d70169b554ef522b093dc0440e91c6a41ad32b55f51e83a932d61e,14,0.2,2,1538843483391,Entertainment,1.2800000000000002,0.315
h7foRGQjCXNEkwdmv,f4d1b54662d70169b554ef522b093dc0440e91c6a41ad32b55f51e83a932d61e,15,0.99,2,1538843483392,Entertainment,1.9602,0.575
Mr9i58hjT4ignA7pv,f4d1b54662d70169b554ef522b093dc0440e91c6a41ad32b55f51e83a932d61e,16,0.5,2,1538843483393,Entertainment,0.5,0.625
iwSaBnpQMLLJLY6xZ,f4d1b54662d70169b554ef522b093dc0440e91c6a41ad32b55f51e83a932d61e,17,1,2,1538843483394,Entertainment,2,0.535
Ln9QJCGczeFnqj3mx,f4d1b54662d70169b554ef522b093dc0440e91c6a41ad32b55f51e83a932d61e,18,0.95,2,1538843483394,Entertainment,1.805,0.53
iKKJZFJQEk3ekWpzx,3a9c1c3113eafcd501fc9fc1d76f730d7a129cef63107cb589ffbaf067b1b897,1,1,2,1538843573796,Sports,0,0.74
EeRs437G7pWEAwak5,3a9c1c3113eafcd501fc9fc1d76f730d7a129cef63107cb589ffbaf067b1b897,2,0,2,1538843573797,Sports,0,0.34
Yep6Coywv83ES35Ee,3a9c1c3113eafcd501fc9fc1d76f730d7a129cef63107cb589ffbaf067b1b897,3,1,2,1538843573799,Sports,2,0.55
hsY2PuEy356jHz66N,3a9c1c3113eafcd501fc9fc1d76f730d7a129cef63107cb589ffbaf067b1b897,4,1,2,1538843573800,Sports,0,0.725
j2MvGvFASbA9vRpZA,3a9c1c3113eafcd501fc9fc1d76f730d7a129cef63107cb589ffbaf067b1b897,5,0,2,1538843573800,Sports,0,0.38
9Q6J4ygZMygy7B5MJ,3a9c1c3113eafcd501fc9fc1d76f730d7a129cef63107cb589ffbaf067b1b897,6,0,2,1538843573801,Sports,0,0.405
m6ge7tZeHpwPinn7h,3a9c1c3113eafcd501fc9fc1d76f730d7a129cef63107cb589ffbaf067b1b897,7,1,2,1538843671571,Politics,2,0.69
inT5jyPkhFsJsYX5b,3a9c1c3113eafcd501fc9fc1d76f730d7a129cef63107cb589ffbaf067b1b897,8,1,2,1538843671572,Politics,0,0.7
6RWuPhE2PXCx2FMSq,3a9c1c3113eafcd501fc9fc1d76f730d7a129cef63107cb589ffbaf067b1b897,9,0,2,1538843671573,Politics,0,0.325
r9xXPihvhPihkTj8v,3a9c1c3113eafcd501fc9fc1d76f730d7a129cef63107cb589ffbaf067b1b897,10,0,2,1538843671573,Politics,0,0.54
PPSnu5M33PzC8frgk,3a9c1c3113eafcd501fc9fc1d76f730d7a129cef63107cb589ffbaf067b1b897,11,0,2,1538843671574,Politics,0,0.46
dGu9bTCquQkoDzSae,3a9c1c3113eafcd501fc9fc1d76f730d7a129cef63107cb589ffbaf067b1b897,12,0,2,1538843671576,Politics,0,0.475
X7DCnHPeCthQqDtda,860c547524653ceb5752d2ef5e8db44d68678a162ec221908c4bbeddb0d783dd,1,0.79,2,1538843691132,Sports,0.08819999999999997,0.565
ZqW3ENsrN9fyZ9o7Q,860c547524653ceb5752d2ef5e8db44d68678a162ec221908c4bbeddb0d783dd,2,1,2,1538843691133,Sports,2,0.57
c8E3PpJsyJG59NC7m,860c547524653ceb5752d2ef5e8db44d68678a162ec221908c4bbeddb0d783dd,3,0.28,2,1538843691134,Sports,0.15680000000000002,0.44
NrFJsRq5YkRf3tbCL,860c547524653ceb5752d2ef5e8db44d68678a162ec221908c4bbeddb0d783dd,4,0.9,2,1538843691135,Sports,0.01999999999999999,0.645
cHhC9gBc8EWvSXX86,860c547524653ceb5752d2ef5e8db44d68678a162ec221908c4bbeddb0d783dd,5,0.62,2,1538843691135,Sports,0.7688,0.51
k3mqX4T3rZJ4hzR8n,860c547524653ceb5752d2ef5e8db44d68678a162ec221908c4bbeddb0d783dd,6,0.73,2,1538843691135,Sports,1.0657999999999999,0.525
ztcZFdZTDfyoRsPwg,860c547524653ceb5752d2ef5e8db44d68678a162ec221908c4bbeddb0d783dd,7,0.86,2,1538843702646,Politics,1.4791999999999998,0.595
MuvsMLMGbCoWpZhc6,860c547524653ceb5752d2ef5e8db44d68678a162ec221908c4bbeddb0d783dd,8,0.82,2,1538843702646,Politics,0.06480000000000004,0.625
wjkRaeDhLbvPQGDoJ,860c547524653ceb5752d2ef5e8db44d68678a162ec221908c4bbeddb0d783dd,9,0.29,2,1538843702648,Politics,0.1682,0.41
cPRwaFuPTXvQB3e9P,860c547524653ceb5752d2ef5e8db44d68678a162ec221908c4bbeddb0d783dd,10,0.72,2,1538843702648,Politics,1.0368,0.405
hqmmQLCm4fWzuPoZ3,860c547524653ceb5752d2ef5e8db44d68678a162ec221908c4bbeddb0d783dd,11,0.77,2,1538843702648,Politics,1.1858,0.4
nZtH2v6XzTsRpFXnA,860c547524653ceb5752d2ef5e8db44d68678a162ec221908c4bbeddb0d783dd,12,0,2,1538843702649,Politics,0,0.385
tck6vNoBrdhuJyTL6,860c547524653ceb5752d2ef5e8db44d68678a162ec221908c4bbeddb0d783dd,13,0.74,2,1538843713102,Entertainment,1.0952,0.55
Yz4qTgh42kjLnft8x,860c547524653ceb5752d2ef5e8db44d68678a162ec221908c4bbeddb0d783dd,14,0.38,2,1538843713103,Entertainment,0.7688,0.685
SvdBBmZDnDNnhC6gA,860c547524653ceb5752d2ef5e8db44d68678a162ec221908c4bbeddb0d783dd,15,0.64,2,1538843713104,Entertainment,0.8192,0.46
FT9x2NmD73GK8KpuY,860c547524653ceb5752d2ef5e8db44d68678a162ec221908c4bbeddb0d783dd,16,0.79,2,1538843713104,Entertainment,0.08819999999999997,0.53
wuANWxBhDgMsCn7cx,860c547524653ceb5752d2ef5e8db44d68678a162ec221908c4bbeddb0d783dd,17,0.39,2,1538843713105,Entertainment,0.3042,0.605
FwmW52rP9ZgALspzc,860c547524653ceb5752d2ef5e8db44d68678a162ec221908c4bbeddb0d783dd,18,0.47,2,1538843713105,Entertainment,0.44179999999999997,0.52
5ki7TEq4YfzXerNz2,ac1cc689fc5a0994283aa4968f113d2bb577330a07839986b9e4425aeb202563,1,0.8,2,1538843841960,Sports,0.07999999999999996,0.67
LWJHdLnc4mSfua3CH,ac1cc689fc5a0994283aa4968f113d2bb577330a07839986b9e4425aeb202563,2,0.32,2,1538843841964,Sports,0.2048,0.765
rLniDyiYYFMgC96qz,ac1cc689fc5a0994283aa4968f113d2bb577330a07839986b9e4425aeb202563,3,0.21,2,1538843841967,Sports,0.08819999999999999,0.57
mdCAE6fKJg4C6MJug,ac1cc689fc5a0994283aa4968f113d2bb577330a07839986b9e4425aeb202563,4,0,2,1538843841970,Sports,2,0.275
MoTWHpzmMpm4MqbNQ,ac1cc689fc5a0994283aa4968f113d2bb577330a07839986b9e4425aeb202563,5,0.73,2,1538843841974,Sports,1.0657999999999999,0.64
zXptFmxcZ3fDLfByf,ac1cc689fc5a0994283aa4968f113d2bb577330a07839986b9e4425aeb202563,6,0.08,2,1538843841978,Sports,0.0128,0.35
tk6tAsEv3ngrQXEtw,3a9c1c3113eafcd501fc9fc1d76f730d7a129cef63107cb589ffbaf067b1b897,13,0,2,1538843896473,Entertainment,0,0.365
o4vJqMB6hawfM2Rqq,3a9c1c3113eafcd501fc9fc1d76f730d7a129cef63107cb589ffbaf067b1b897,14,1,2,1538843896475,Entertainment,0,0.725
m32Zc4bvXimbBHi8C,3a9c1c3113eafcd501fc9fc1d76f730d7a129cef63107cb589ffbaf067b1b897,15,1,2,1538843896475,Entertainment,2,0.67
gfcsMfcqyFL8ZqYgD,3a9c1c3113eafcd501fc9fc1d76f730d7a129cef63107cb589ffbaf067b1b897,16,0,2,1538843896475,Entertainment,2,0.325
FrCC6y4FQoJ55o7Gh,3a9c1c3113eafcd501fc9fc1d76f730d7a129cef63107cb589ffbaf067b1b897,17,0,2,1538843896475,Entertainment,0,0.385
BK86avSFX4btzEEyj,3a9c1c3113eafcd501fc9fc1d76f730d7a129cef63107cb589ffbaf067b1b897,18,1,2,1538843896476,Entertainment,2,0.625
BfHcgeybTfSrShub6,ea773197da3de1aeff17fbb001b6c5990e68f72245d1ee6224627f5794dbc02b,1,0.23,2,1538843945053,Sports,1.1858,0.445
RnuPs45GFeDgpHhad,ea773197da3de1aeff17fbb001b6c5990e68f72245d1ee6224627f5794dbc02b,2,0.05,2,1538843945056,Sports,0.005000000000000001,0.28
FmnRmZ8JsmZ5jYJvx,ea773197da3de1aeff17fbb001b6c5990e68f72245d1ee6224627f5794dbc02b,3,0.05,2,1538843945058,Sports,0.005000000000000001,0.41
nGggJL3uJxzFN2xhz,ea773197da3de1aeff17fbb001b6c5990e68f72245d1ee6224627f5794dbc02b,4,0.46,2,1538843945059,Sports,0.5832,0.715
y7AzoRJzfkMT85XEX,ea773197da3de1aeff17fbb001b6c5990e68f72245d1ee6224627f5794dbc02b,5,0.02,2,1538843945062,Sports,8e-4,0.36
hqNoqT2KEGgrqB9QS,ea773197da3de1aeff17fbb001b6c5990e68f72245d1ee6224627f5794dbc02b,6,0.13,2,1538843945063,Sports,0.033800000000000004,0.49
HkL9aEDHmPjPo2JJi,ac1cc689fc5a0994283aa4968f113d2bb577330a07839986b9e4425aeb202563,7,0,2,1538843948617,Politics,0,0.285
9hfAGYp6DEp5TM2bx,ac1cc689fc5a0994283aa4968f113d2bb577330a07839986b9e4425aeb202563,8,0.17,2,1538843948620,Politics,1.3778,0.45
yjheZnPJSpnXGEP3s,ac1cc689fc5a0994283aa4968f113d2bb577330a07839986b9e4425aeb202563,9,0.85,2,1538843948623,Politics,1.4449999999999998,0.6
eDdGRYNdYAASmE44x,ac1cc689fc5a0994283aa4968f113d2bb577330a07839986b9e4425aeb202563,10,0.07,2,1538843948626,Politics,0.009800000000000001,0.46
Nz8hj75Ra3cKF8Q4x,ac1cc689fc5a0994283aa4968f113d2bb577330a07839986b9e4425aeb202563,11,0.74,2,1538843948628,Politics,1.0952,0.505
GzvBAmW99E8SS57qq,ac1cc689fc5a0994283aa4968f113d2bb577330a07839986b9e4425aeb202563,12,0,2,1538843948630,Politics,0,0.51
iRopxzLPRxnLStTjP,ea773197da3de1aeff17fbb001b6c5990e68f72245d1ee6224627f5794dbc02b,7,0.32,2,1538844008199,Politics,0.2048,0.79
pM8Bbsrkpt8N6MCit,ea773197da3de1aeff17fbb001b6c5990e68f72245d1ee6224627f5794dbc02b,8,0.27,2,1538844008199,Politics,1.0657999999999999,0.545
KSxNx9bNsz4qZi2cn,ea773197da3de1aeff17fbb001b6c5990e68f72245d1ee6224627f5794dbc02b,9,0.6,2,1538844008202,Politics,0.72,0.59
QrH9XGvS75qFQJDWm,ea773197da3de1aeff17fbb001b6c5990e68f72245d1ee6224627f5794dbc02b,10,0.06,2,1538844008202,Politics,0.0072,0.51
s3N2rmKg3cfYytwCy,ea773197da3de1aeff17fbb001b6c5990e68f72245d1ee6224627f5794dbc02b,11,0.16,2,1538844008204,Politics,0.0512,0.6
fiPaCkGisyN2mkmFG,ea773197da3de1aeff17fbb001b6c5990e68f72245d1ee6224627f5794dbc02b,12,0.09,2,1538844008204,Politics,0.0162,0.5
RKYjSrEjvP5WPfRti,ac1cc689fc5a0994283aa4968f113d2bb577330a07839986b9e4425aeb202563,13,0.07,2,1538844032823,Entertainment,0.009800000000000001,0.36
EuKGQcfRqtneEyWR3,ac1cc689fc5a0994283aa4968f113d2bb577330a07839986b9e4425aeb202563,14,0.07,2,1538844032828,Entertainment,1.7297999999999998,0.385
Wo5N2M449hBfC2m59,ac1cc689fc5a0994283aa4968f113d2bb577330a07839986b9e4425aeb202563,15,0.72,2,1538844032838,Entertainment,1.0368,0.58
xTempcLGhZaYMxXEX,ac1cc689fc5a0994283aa4968f113d2bb577330a07839986b9e4425aeb202563,16,0.15,2,1538844032841,Entertainment,1.4449999999999998,0.51
bz3kKHC3j3T99aSft,ac1cc689fc5a0994283aa4968f113d2bb577330a07839986b9e4425aeb202563,17,0.8,2,1538844032847,Entertainment,1.2800000000000002,0.59
cF9sM3AdjKtjNRw2w,ac1cc689fc5a0994283aa4968f113d2bb577330a07839986b9e4425aeb202563,18,0.04,2,1538844032850,Entertainment,0.0032,0.415
wHzsrRhaiaDKKAXta,ea773197da3de1aeff17fbb001b6c5990e68f72245d1ee6224627f5794dbc02b,13,0.72,2,1538844062582,Entertainment,1.0368,0.69
TNYLP6knQM5Dm5fCi,ea773197da3de1aeff17fbb001b6c5990e68f72245d1ee6224627f5794dbc02b,14,0.68,2,1538844062584,Entertainment,0.20479999999999993,0.695
KDdhtoFX3664ruSM5,ea773197da3de1aeff17fbb001b6c5990e68f72245d1ee6224627f5794dbc02b,15,0.2,2,1538844062586,Entertainment,0.08000000000000002,0.495
d6MwGENwwL6QdsRve,ea773197da3de1aeff17fbb001b6c5990e68f72245d1ee6224627f5794dbc02b,16,0.01,2,1538844062590,Entertainment,1.9602,0.37
tMzSKANK3JypWyRP7,ea773197da3de1aeff17fbb001b6c5990e68f72245d1ee6224627f5794dbc02b,17,0.08,2,1538844062590,Entertainment,0.0128,0.4
oxxrE9HDTvYD8Ftdc,ea773197da3de1aeff17fbb001b6c5990e68f72245d1ee6224627f5794dbc02b,18,0.54,2,1538844062592,Entertainment,0.5832,0.66
5frPD8yd93dNRBizE,8a4fddbbceaa9ea6348d7e47bfece6c577a067590d59f3fb0a655732888d1e95,1,0.75,2,1538846573272,Sports,0.125,0.61
m3r8uuipBEdroQic3,8a4fddbbceaa9ea6348d7e47bfece6c577a067590d59f3fb0a655732888d1e95,2,0.75,2,1538846573274,Sports,1.125,0.58
9FYLMxGtvHZjQEp8e,8a4fddbbceaa9ea6348d7e47bfece6c577a067590d59f3fb0a655732888d1e95,3,0.4,2,1538846573274,Sports,0.32000000000000006,0.545
zNJ6tBWvZYeRHAeHM,8a4fddbbceaa9ea6348d7e47bfece6c577a067590d59f3fb0a655732888d1e95,4,0.75,2,1538846573275,Sports,0.125,0.6
CrkCZQ2QjwtyCe9sz,8a4fddbbceaa9ea6348d7e47bfece6c577a067590d59f3fb0a655732888d1e95,5,0.33,2,1538846573275,Sports,0.21780000000000002,0.665
TmaRkGiiBcwStDKXW,8a4fddbbceaa9ea6348d7e47bfece6c577a067590d59f3fb0a655732888d1e95,6,0.68,2,1538846573276,Sports,0.9248000000000002,0.6
SbWud54XfqycdsMfL,8a4fddbbceaa9ea6348d7e47bfece6c577a067590d59f3fb0a655732888d1e95,7,1,2,1538846697256,Politics,2,0.625
6kNspCKQ4YFtGhnzR,8a4fddbbceaa9ea6348d7e47bfece6c577a067590d59f3fb0a655732888d1e95,8,0.82,2,1538846697260,Politics,0.06480000000000004,0.585
nxjcPoPJ7jHehzmqw,8a4fddbbceaa9ea6348d7e47bfece6c577a067590d59f3fb0a655732888d1e95,9,0,2,1538846697261,Politics,0,0.2
Jz6A5Ld4mn73dCyvo,8a4fddbbceaa9ea6348d7e47bfece6c577a067590d59f3fb0a655732888d1e95,10,0,2,1538846697263,Politics,0,0.385
2xRhAETGpWB746CjL,8a4fddbbceaa9ea6348d7e47bfece6c577a067590d59f3fb0a655732888d1e95,11,0,2,1538846697263,Politics,0,0.37
5FH4Gcy29SpkAoujv,8a4fddbbceaa9ea6348d7e47bfece6c577a067590d59f3fb0a655732888d1e95,12,0.28,2,1538846697264,Politics,0.15680000000000002,0.5
TMezYt7YGubB9BpNL,8a4fddbbceaa9ea6348d7e47bfece6c577a067590d59f3fb0a655732888d1e95,13,0.26,2,1538846867970,Entertainment,0.13520000000000001,0.33
LxH4w6T9kzGxSyY9S,8a4fddbbceaa9ea6348d7e47bfece6c577a067590d59f3fb0a655732888d1e95,14,0.78,2,1538846867971,Entertainment,0.09679999999999998,0.615
NMgLWwtNnE5LDsu7X,8a4fddbbceaa9ea6348d7e47bfece6c577a067590d59f3fb0a655732888d1e95,15,1,2,1538846867971,Entertainment,2,0.54
d6W9uWWNgns8d2mgo,8a4fddbbceaa9ea6348d7e47bfece6c577a067590d59f3fb0a655732888d1e95,16,0.69,2,1538846867972,Entertainment,0.19220000000000007,0.6
nMqKy9pbs4k3zCB4f,8a4fddbbceaa9ea6348d7e47bfece6c577a067590d59f3fb0a655732888d1e95,17,0.42,2,1538846867972,Entertainment,0.35279999999999995,0.505
9YyvxNGnCbWMMeJfR,8a4fddbbceaa9ea6348d7e47bfece6c577a067590d59f3fb0a655732888d1e95,18,0.33,2,1538846867973,Entertainment,0.21780000000000002,0.62
FFtMT25Zkp2DbEAi9,d2a84021e05e36f973454a35d4d6731ded07729c06d6414bff724d576e258ef3,1,0.37,2,1538847710816,Sports,0.7938000000000001,0.63
BkryZ8STaggumt4DX,d2a84021e05e36f973454a35d4d6731ded07729c06d6414bff724d576e258ef3,2,0.67,2,1538847710816,Sports,0.8978000000000002,0.535
XT4TxYFWYcJr9Dof8,d2a84021e05e36f973454a35d4d6731ded07729c06d6414bff724d576e258ef3,3,0.63,2,1538847710817,Sports,0.7938000000000001,0.4
Yrwh8WHLf6p6wpszQ,d2a84021e05e36f973454a35d4d6731ded07729c06d6414bff724d576e258ef3,4,0,2,1538847710818,Sports,2,0.155
qXbLsQXkAvdvJHobm,d2a84021e05e36f973454a35d4d6731ded07729c06d6414bff724d576e258ef3,5,0.33,2,1538847710818,Sports,0.21780000000000002,0.64
vPKYBM8ncsWk5LJnq,d2a84021e05e36f973454a35d4d6731ded07729c06d6414bff724d576e258ef3,6,0.67,2,1538847710818,Sports,0.8978000000000002,0.545
qzMpmhFHtyyTiTPJP,d2a84021e05e36f973454a35d4d6731ded07729c06d6414bff724d576e258ef3,7,0.31,2,1538847733410,Politics,0.1922,0.59
fiRy5QH5M89rTrTdv,d2a84021e05e36f973454a35d4d6731ded07729c06d6414bff724d576e258ef3,8,0.54,2,1538847733412,Politics,0.4231999999999999,0.615
NhnEYJvjSvcvwnAcd,d2a84021e05e36f973454a35d4d6731ded07729c06d6414bff724d576e258ef3,9,0.75,2,1538847733412,Politics,1.125,0.5
rYLCpGyXwmmuxHTDc,d2a84021e05e36f973454a35d4d6731ded07729c06d6414bff724d576e258ef3,10,0.17,2,1538847733413,Politics,0.05780000000000001,0.465
nAZ2aBApoBgRiWrbH,d2a84021e05e36f973454a35d4d6731ded07729c06d6414bff724d576e258ef3,11,0.22,2,1538847733414,Politics,0.0968,0.395
g6pjYGfsHvLghL8WT,d2a84021e05e36f973454a35d4d6731ded07729c06d6414bff724d576e258ef3,12,0.55,2,1538847733415,Politics,0.6050000000000001,0.45
WvwMstsWMubbRKghi,d2a84021e05e36f973454a35d4d6731ded07729c06d6414bff724d576e258ef3,13,0.55,2,1538847753555,Entertainment,0.6050000000000001,0.58
yR7XDbvYcqrRjTmJA,d2a84021e05e36f973454a35d4d6731ded07729c06d6414bff724d576e258ef3,14,0.97,2,1538847753555,Entertainment,0.0018000000000000032,0.6
unDHEPFNZHJYAKqu3,d2a84021e05e36f973454a35d4d6731ded07729c06d6414bff724d576e258ef3,15,0.62,2,1538847753556,Entertainment,0.7688,0.48
S8efTkRyn4H7RPmQe,d2a84021e05e36f973454a35d4d6731ded07729c06d6414bff724d576e258ef3,16,0.42,2,1538847753556,Entertainment,0.6728000000000002,0.55
4sLh89zjespQo4acg,d2a84021e05e36f973454a35d4d6731ded07729c06d6414bff724d576e258ef3,17,0.45,2,1538847753558,Entertainment,0.405,0.495
gs3MTiAGzqtuK85SG,d2a84021e05e36f973454a35d4d6731ded07729c06d6414bff724d576e258ef3,18,0.58,2,1538847753558,Entertainment,0.6728,0.535
NmDc7bidwQpYEchoz,9e2932577d244c69c356c816f99492eb72d29a607812257d57fd992b8637b1a8,1,0.7,2,1538847933179,Sports,0.18000000000000005,0.495
oP743tCMqcrwAyB4n,9e2932577d244c69c356c816f99492eb72d29a607812257d57fd992b8637b1a8,2,0.3,2,1538847933179,Sports,0.18,0.615
Y9MM2qDcg9ZBGPPsH,9e2932577d244c69c356c816f99492eb72d29a607812257d57fd992b8637b1a8,3,0.2,2,1538847933180,Sports,0.08000000000000002,0.375
HnTefsngvMyPiE2Bs,9e2932577d244c69c356c816f99492eb72d29a607812257d57fd992b8637b1a8,4,0.8,2,1538847933180,Sports,0.07999999999999996,0.53
zsmES4EwuBmD44khN,9e2932577d244c69c356c816f99492eb72d29a607812257d57fd992b8637b1a8,5,0.5,2,1538847933181,Sports,0.5,0.515
XvF3D8RmrAH8n26nF,9e2932577d244c69c356c816f99492eb72d29a607812257d57fd992b8637b1a8,6,0.2,2,1538847933181,Sports,0.08000000000000002,0.4
XWscibsS3gRbHmksb,9e2932577d244c69c356c816f99492eb72d29a607812257d57fd992b8637b1a8,7,0.7,2,1538848054307,Politics,0.9799999999999999,0.565
e42mKcpXNHDmZSTfp,9e2932577d244c69c356c816f99492eb72d29a607812257d57fd992b8637b1a8,8,0.3,2,1538848054308,Politics,0.9799999999999999,0.6
ti7NrFiEasfozfA8R,9e2932577d244c69c356c816f99492eb72d29a607812257d57fd992b8637b1a8,9,0.3,2,1538848054309,Politics,0.18,0.555
f36fN8WwARXcnTuHh,9e2932577d244c69c356c816f99492eb72d29a607812257d57fd992b8637b1a8,10,0.3,2,1538848054309,Politics,0.18,0.445
qm5rXRM8ea5wZvftv,9e2932577d244c69c356c816f99492eb72d29a607812257d57fd992b8637b1a8,11,0.32,2,1538848054309,Politics,0.2048,0.515
nMN6ZBStWeQb2tLZw,9e2932577d244c69c356c816f99492eb72d29a607812257d57fd992b8637b1a8,12,0.44,2,1538848054310,Politics,0.3872,0.38
y45SvYMeRRhX54SCQ,9e2932577d244c69c356c816f99492eb72d29a607812257d57fd992b8637b1a8,13,0.36,2,1538848432102,Entertainment,0.2592,0.545
enRM6mierdHQJisFB,9e2932577d244c69c356c816f99492eb72d29a607812257d57fd992b8637b1a8,14,0.37,2,1538848432102,Entertainment,0.7938000000000001,0.63
QpAjnimt8Lupm6Pup,9e2932577d244c69c356c816f99492eb72d29a607812257d57fd992b8637b1a8,15,0.72,2,1538848432103,Entertainment,1.0368,0.54
c5anKFbx86RYKY9tz,9e2932577d244c69c356c816f99492eb72d29a607812257d57fd992b8637b1a8,16,0.38,2,1538848432104,Entertainment,0.7688,0.625
3xSpXqtR7CGoL8gBB,9e2932577d244c69c356c816f99492eb72d29a607812257d57fd992b8637b1a8,17,0.5,2,1538848432105,Entertainment,0.5,0.525
vAXPPCxk5xr3rnuCS,9e2932577d244c69c356c816f99492eb72d29a607812257d57fd992b8637b1a8,18,0.19,2,1538848432105,Entertainment,0.0722,0.315
52DQNXmwa4mtdJhkj,742d7420e44b526c3829897d263a7fb195376630b53c453f3b8d5ab220f83879,1,0.3,2,1538848904382,Sports,0.9799999999999999,0.6
2cBSSQSgBDBMAMP8m,742d7420e44b526c3829897d263a7fb195376630b53c453f3b8d5ab220f83879,2,0.75,2,1538848904383,Sports,1.125,0.555
7Zwf7tqsvNDnFwmoG,742d7420e44b526c3829897d263a7fb195376630b53c453f3b8d5ab220f83879,3,0.2,2,1538848904384,Sports,0.08000000000000002,0.49
ThvntSAPL5XorG6FA,742d7420e44b526c3829897d263a7fb195376630b53c453f3b8d5ab220f83879,4,0.3,2,1538848904384,Sports,0.9799999999999999,0.645
M2bJvgMHrGezwwdCp,742d7420e44b526c3829897d263a7fb195376630b53c453f3b8d5ab220f83879,5,0.4,2,1538848904385,Sports,0.32000000000000006,0.57
7fjS4HmgGz9TYKqS2,742d7420e44b526c3829897d263a7fb195376630b53c453f3b8d5ab220f83879,6,0.65,2,1538848904385,Sports,0.8450000000000001,0.505
KHftnx5d8J5ooPfAv,742d7420e44b526c3829897d263a7fb195376630b53c453f3b8d5ab220f83879,7,1,2,1538849056586,Politics,2,0.575
qzEvLcpPCrJ5nJeqE,742d7420e44b526c3829897d263a7fb195376630b53c453f3b8d5ab220f83879,8,0.75,2,1538849056587,Politics,0.125,0.57
vuunH9koGkRTizmDs,742d7420e44b526c3829897d263a7fb195376630b53c453f3b8d5ab220f83879,9,0.7,2,1538849056587,Politics,0.9799999999999999,0.51
JGprZCeTkXAPGY5PY,742d7420e44b526c3829897d263a7fb195376630b53c453f3b8d5ab220f83879,10,0.1,2,1538849056587,Politics,0.020000000000000004,0.475
W6Wv5msYyJ23i57ny,742d7420e44b526c3829897d263a7fb195376630b53c453f3b8d5ab220f83879,11,0.4,2,1538849056587,Politics,0.32000000000000006,0.525
ZzCBnNhGcyAAhegrb,742d7420e44b526c3829897d263a7fb195376630b53c453f3b8d5ab220f83879,12,0.3,2,1538849056588,Politics,0.18,0.525
GhkEavPXCxWnftc2K,8882a34887ef3ecdadc610340e046ec6661303d24ba96701512b48ac268dc332,1,0.18,2,1538849190791,Sports,1.3448000000000002,0.375
EJ4HsRqDWwmRvWkFW,8882a34887ef3ecdadc610340e046ec6661303d24ba96701512b48ac268dc332,2,0.84,2,1538849190791,Sports,1.4111999999999998,0.66
bqPE2v5epi7GGTBLB,8882a34887ef3ecdadc610340e046ec6661303d24ba96701512b48ac268dc332,3,0.12,2,1538849190792,Sports,0.0288,0.55
wRWYrLAKQ2fxJoyc5,8882a34887ef3ecdadc610340e046ec6661303d24ba96701512b48ac268dc332,4,0.9,2,1538849190792,Sports,0.01999999999999999,0.695
nzaa3uQAkTMCc3Pt7,8882a34887ef3ecdadc610340e046ec6661303d24ba96701512b48ac268dc332,5,0.18,2,1538849190792,Sports,0.0648,0.46
ptmWL85haishyvMPm,8882a34887ef3ecdadc610340e046ec6661303d24ba96701512b48ac268dc332,6,0.81,2,1538849190792,Sports,1.3122000000000003,0.55
rFXsRtc8cPBKGdSPZ,8882a34887ef3ecdadc610340e046ec6661303d24ba96701512b48ac268dc332,7,0.85,2,1538849223397,Politics,1.4449999999999998,0.68
EaY2GYhTyAEtMbeaY,8882a34887ef3ecdadc610340e046ec6661303d24ba96701512b48ac268dc332,8,0.77,2,1538849223397,Politics,0.10579999999999998,0.575
GLBZ9H25MX9S5iBfP,8882a34887ef3ecdadc610340e046ec6661303d24ba96701512b48ac268dc332,9,0.7,2,1538849223397,Politics,0.9799999999999999,0.625
z3CMEdLYAYShSTHtW,8882a34887ef3ecdadc610340e046ec6661303d24ba96701512b48ac268dc332,10,0.02,2,1538849223397,Politics,8e-4,0.4
Qx3JpofqyHmdYmdQS,8882a34887ef3ecdadc610340e046ec6661303d24ba96701512b48ac268dc332,11,0,2,1538849223398,Politics,0,0.365
S8wDFMBTmd684BDgj,8882a34887ef3ecdadc610340e046ec6661303d24ba96701512b48ac268dc332,12,0,2,1538849223398,Politics,0,0.43
wpNc43r3D2T3JoryY,8882a34887ef3ecdadc610340e046ec6661303d24ba96701512b48ac268dc332,13,1,2,1538849240498,Entertainment,2,0.57
CtLdwxXsDFCcvywkS,8882a34887ef3ecdadc610340e046ec6661303d24ba96701512b48ac268dc332,14,1,2,1538849240499,Entertainment,0,0.665
M4NJZn2tKQRss4ALN,8882a34887ef3ecdadc610340e046ec6661303d24ba96701512b48ac268dc332,15,0.34,2,1538849240500,Entertainment,0.23120000000000004,0.66
5NpMFztXt2AEL3zKN,8882a34887ef3ecdadc610340e046ec6661303d24ba96701512b48ac268dc332,16,0.57,2,1538849240500,Entertainment,0.3698000000000001,0.685
5ffsydSkdJEaFpR42,8882a34887ef3ecdadc610340e046ec6661303d24ba96701512b48ac268dc332,17,1,2,1538849240501,Entertainment,2,0.525
PczcygKBauZTr9cm4,8882a34887ef3ecdadc610340e046ec6661303d24ba96701512b48ac268dc332,18,0.1,2,1538849240501,Entertainment,0.020000000000000004,0.49
CC9DMDoyWkyz9Gvsj,742d7420e44b526c3829897d263a7fb195376630b53c453f3b8d5ab220f83879,13,0.5,2,1538849595447,Entertainment,0.5,0.595
Aj8ZSFZ7ZxZPJ5TCF,742d7420e44b526c3829897d263a7fb195376630b53c453f3b8d5ab220f83879,14,1,2,1538849595448,Entertainment,0,0.63
zRJxyuiuBKTnesPRS,742d7420e44b526c3829897d263a7fb195376630b53c453f3b8d5ab220f83879,15,1,2,1538849595448,Entertainment,2,0.505
d4zsf6BbTfyCDjEkB,742d7420e44b526c3829897d263a7fb195376630b53c453f3b8d5ab220f83879,16,0.5,2,1538849595448,Entertainment,0.5,0.605
JyKABFtTLv7ieSoZR,742d7420e44b526c3829897d263a7fb195376630b53c453f3b8d5ab220f83879,17,0.1,2,1538849595448,Entertainment,0.020000000000000004,0.39
YrefxkA2ERZKtSzYq,742d7420e44b526c3829897d263a7fb195376630b53c453f3b8d5ab220f83879,18,0.15,2,1538849595449,Entertainment,0.045,0.35
zCfndmBDfKnjfJC2E,65c76092a3dc57b03acff72132575715ac61f9ff8f23444a59916ebd1747164c,1,0.7,2,1538850319607,Sports,0.18000000000000005,0.57
5dLMgqd9mLBJwM4pp,65c76092a3dc57b03acff72132575715ac61f9ff8f23444a59916ebd1747164c,2,0.8,2,1538850319607,Sports,1.2800000000000002,0.645
qdfn6GdthhRbNhAsF,65c76092a3dc57b03acff72132575715ac61f9ff8f23444a59916ebd1747164c,3,0.1,2,1538850319607,Sports,0.020000000000000004,0.485
YN2meYcvcc7NRmFNg,65c76092a3dc57b03acff72132575715ac61f9ff8f23444a59916ebd1747164c,4,0.64,2,1538850319607,Sports,0.2592,0.585
KxdwvAebCYdWfFA6E,65c76092a3dc57b03acff72132575715ac61f9ff8f23444a59916ebd1747164c,5,0.7,2,1538850319607,Sports,0.9799999999999999,0.56
MSEv2TCT9RbnYryXf,65c76092a3dc57b03acff72132575715ac61f9ff8f23444a59916ebd1747164c,6,0.34,2,1538850319607,Sports,0.23120000000000004,0.6
22N6w5g2beo4ToaMq,65c76092a3dc57b03acff72132575715ac61f9ff8f23444a59916ebd1747164c,7,0.29,2,1538850365330,Politics,0.1682,0.335
FWBiBgoBXkuQJ54by,65c76092a3dc57b03acff72132575715ac61f9ff8f23444a59916ebd1747164c,8,0.72,2,1538850365330,Politics,0.15680000000000002,0.605
cTeDNo4rnuYwDiksd,65c76092a3dc57b03acff72132575715ac61f9ff8f23444a59916ebd1747164c,9,0.22,2,1538850365330,Politics,0.0968,0.525
Q26euaPZebswGw7fn,65c76092a3dc57b03acff72132575715ac61f9ff8f23444a59916ebd1747164c,10,0.16,2,1538850365330,Politics,0.0512,0.495
hfWK7ZZnxmpr4so7c,65c76092a3dc57b03acff72132575715ac61f9ff8f23444a59916ebd1747164c,11,0.77,2,1538850365330,Politics,1.1858,0.385
iE3JEtnazSZvnKo4f,65c76092a3dc57b03acff72132575715ac61f9ff8f23444a59916ebd1747164c,12,0.16,2,1538850365330,Politics,0.0512,0.55
qK2QN5TGwcZbLHwjF,1bd015fae1f79035b855ee5c12264c11803cf62c3477c2f73542bcf677cfae01,1,0.002,2,1538850364748,Sports,1.992008,0.415
MNwh8Y2SgJEsjTeF3,1bd015fae1f79035b855ee5c12264c11803cf62c3477c2f73542bcf677cfae01,2,0.002,2,1538850364751,Sports,8e-6,0.43
X3g4pFAQY6ag3epGE,1bd015fae1f79035b855ee5c12264c11803cf62c3477c2f73542bcf677cfae01,3,0.005,2,1538850364754,Sports,5e-5,0.54
2tztkfoeMjfh4wkFe,1bd015fae1f79035b855ee5c12264c11803cf62c3477c2f73542bcf677cfae01,4,0.003,2,1538850364755,Sports,1.988018,0.44
wnJ4BGo39u8yrojJj,1bd015fae1f79035b855ee5c12264c11803cf62c3477c2f73542bcf677cfae01,5,0.003,2,1538850364757,Sports,1.8e-5,0.47
EB9BgCmZs8BHcZSSh,1bd015fae1f79035b855ee5c12264c11803cf62c3477c2f73542bcf677cfae01,6,0.009,2,1538850364759,Sports,1.6199999999999998e-4,0.485
oaH8bYPHuTv5RjhrK,1bd015fae1f79035b855ee5c12264c11803cf62c3477c2f73542bcf677cfae01,7,0.001,2,1538850378362,Politics,2e-6,0.435
EgwiRJajbabfqpeTA,1bd015fae1f79035b855ee5c12264c11803cf62c3477c2f73542bcf677cfae01,8,0,2,1538850378363,Politics,2,0.465
KwtHxSi8mEKx999Mx,1bd015fae1f79035b855ee5c12264c11803cf62c3477c2f73542bcf677cfae01,9,0.001,2,1538850378363,Politics,2e-6,0.43
p2W2FkSQEXmcHHjMZ,1bd015fae1f79035b855ee5c12264c11803cf62c3477c2f73542bcf677cfae01,10,0.001,2,1538850378364,Politics,2e-6,0.615
ymBGSm3ro6DgZWjf4,1bd015fae1f79035b855ee5c12264c11803cf62c3477c2f73542bcf677cfae01,11,0.001,2,1538850378366,Politics,2e-6,0.625
R5ZAeb5k8GMYuiXLv,1bd015fae1f79035b855ee5c12264c11803cf62c3477c2f73542bcf677cfae01,12,0.001,2,1538850378369,Politics,2e-6,0.69
7jdHfKyfQ27HH52fG,65c76092a3dc57b03acff72132575715ac61f9ff8f23444a59916ebd1747164c,13,0.7,2,1538850404472,Entertainment,0.9799999999999999,0.585
AYBD8NQPXYzCyRPrH,65c76092a3dc57b03acff72132575715ac61f9ff8f23444a59916ebd1747164c,14,0.28,2,1538850404472,Entertainment,1.0368,0.315
hFxjt7bx8Ke8kCcSM,65c76092a3dc57b03acff72132575715ac61f9ff8f23444a59916ebd1747164c,15,0.26,2,1538850404472,Entertainment,0.13520000000000001,0.44
EYABD7Aqba333Mbdv,65c76092a3dc57b03acff72132575715ac61f9ff8f23444a59916ebd1747164c,16,0.3,2,1538850404472,Entertainment,0.9799999999999999,0.615
kKa3CX4Jy78ipfTqS,65c76092a3dc57b03acff72132575715ac61f9ff8f23444a59916ebd1747164c,17,0.67,2,1538850404472,Entertainment,0.8978000000000002,0.51
QMmoYLMvrYHBZG5TT,65c76092a3dc57b03acff72132575715ac61f9ff8f23444a59916ebd1747164c,18,0.33,2,1538850404472,Entertainment,0.21780000000000002,0.62
P5RJQtXm6dGseNnjg,1bd015fae1f79035b855ee5c12264c11803cf62c3477c2f73542bcf677cfae01,13,0.001,2,1538850393589,Entertainment,2e-6,0.485
TiR8mBCmFyiAdZkCY,1bd015fae1f79035b855ee5c12264c11803cf62c3477c2f73542bcf677cfae01,14,0.005,2,1538850393589,Entertainment,1.98005,0.41
Zf5YTzsqFAv4EWTgs,1bd015fae1f79035b855ee5c12264c11803cf62c3477c2f73542bcf677cfae01,15,0.005,2,1538850393590,Entertainment,5e-5,0.475
YHmmfkPPK7ym8Krsj,1bd015fae1f79035b855ee5c12264c11803cf62c3477c2f73542bcf677cfae01,16,0.006,2,1538850393591,Entertainment,1.976072,0.495
a2LuKvccFQTb89FB4,1bd015fae1f79035b855ee5c12264c11803cf62c3477c2f73542bcf677cfae01,17,0.005,2,1538850393592,Entertainment,5e-5,0.525
BP44dRzrBt2hpcpqB,1bd015fae1f79035b855ee5c12264c11803cf62c3477c2f73542bcf677cfae01,18,0.003,2,1538850393592,Entertainment,1.8e-5,0.515
2Yv9dLDgCWwX69nPj,5934ea7bde154188b3ef71e18144c2eb7acfd2ff8c762c49bb2a36b888914e92,1,0,2,1538851956410,Sports,2,0.22
iLNWSXwCPhM4vJbPm,5934ea7bde154188b3ef71e18144c2eb7acfd2ff8c762c49bb2a36b888914e92,2,0.74,2,1538851956411,Sports,1.0952,0.63
4cYaBeguBbXrASu3P,5934ea7bde154188b3ef71e18144c2eb7acfd2ff8c762c49bb2a36b888914e92,3,0.51,2,1538851956411,Sports,0.5202,0.58
gxzfz2vxpAGhAivjf,5934ea7bde154188b3ef71e18144c2eb7acfd2ff8c762c49bb2a36b888914e92,4,1,2,1538851956413,Sports,0,0.66
sHZvXoifK6cigiP8c,5934ea7bde154188b3ef71e18144c2eb7acfd2ff8c762c49bb2a36b888914e92,5,1,2,1538851956413,Sports,2,0.505
JD3mbCCce258PuYPf,5934ea7bde154188b3ef71e18144c2eb7acfd2ff8c762c49bb2a36b888914e92,6,1,2,1538851956413,Sports,2,0.65
zypyKWWgHZBSCBJAy,5934ea7bde154188b3ef71e18144c2eb7acfd2ff8c762c49bb2a36b888914e92,7,1,2,1538852057557,Politics,2,0.675
LbSYhbfAAnxL7ngdA,5934ea7bde154188b3ef71e18144c2eb7acfd2ff8c762c49bb2a36b888914e92,8,0,2,1538852057559,Politics,2,0.285
fCswSZBrBtwoWAsfw,5934ea7bde154188b3ef71e18144c2eb7acfd2ff8c762c49bb2a36b888914e92,9,1,2,1538852057559,Politics,2,0.605
GFpomFWc8JjvqYMtJ,5934ea7bde154188b3ef71e18144c2eb7acfd2ff8c762c49bb2a36b888914e92,10,0,2,1538852057560,Politics,0,0.42
zQBQ3fSbekYeH4FAA,5934ea7bde154188b3ef71e18144c2eb7acfd2ff8c762c49bb2a36b888914e92,11,0.78,2,1538852057560,Politics,1.2168,0.405
wBycJhWqM8Ckw8dke,5934ea7bde154188b3ef71e18144c2eb7acfd2ff8c762c49bb2a36b888914e92,12,0,2,1538852057562,Politics,0,0.43
pTLpTND6Tx3QgNz4f,5934ea7bde154188b3ef71e18144c2eb7acfd2ff8c762c49bb2a36b888914e92,13,0.8,2,1538852169220,Entertainment,1.2800000000000002,0.67
YTbtuiTJ9uYkg7ZyS,5934ea7bde154188b3ef71e18144c2eb7acfd2ff8c762c49bb2a36b888914e92,14,1,2,1538852169220,Entertainment,0,0.655
kLC4NtJ8w6Y5s3HXB,5934ea7bde154188b3ef71e18144c2eb7acfd2ff8c762c49bb2a36b888914e92,15,0,2,1538852169220,Entertainment,0,0.345
ZjZ2unGkNvhsT7wv3,5934ea7bde154188b3ef71e18144c2eb7acfd2ff8c762c49bb2a36b888914e92,16,0.23,2,1538852169221,Entertainment,1.1858,0.4
cP39LM24dDmrMjZPc,5934ea7bde154188b3ef71e18144c2eb7acfd2ff8c762c49bb2a36b888914e92,17,0.22,2,1538852169221,Entertainment,0.0968,0.505
ExicTJ7cWSoNwxbMS,5934ea7bde154188b3ef71e18144c2eb7acfd2ff8c762c49bb2a36b888914e92,18,0.76,2,1538852169222,Entertainment,1.1552,0.555
8T92fHEEbsvRo2M3B,1a06794dc1002d2b5ed36e2a25a549dbafe46e2b16324236c0fc42b8cab81458,1,0.62,2,1538852606471,Sports,0.2888,0.605
8nhXNxXQyRvXEkQ5b,1a06794dc1002d2b5ed36e2a25a549dbafe46e2b16324236c0fc42b8cab81458,2,0.6,2,1538852606478,Sports,0.72,0.625
nRKuiWDaeXHsFnf9w,1a06794dc1002d2b5ed36e2a25a549dbafe46e2b16324236c0fc42b8cab81458,3,0.43,2,1538852606486,Sports,0.36979999999999996,0.52
oT86todt8rDEMExHa,1a06794dc1002d2b5ed36e2a25a549dbafe46e2b16324236c0fc42b8cab81458,4,0.64,2,1538852606490,Sports,0.2592,0.635
RcjHaBkKf5rmrshFk,1a06794dc1002d2b5ed36e2a25a549dbafe46e2b16324236c0fc42b8cab81458,5,0.66,2,1538852606494,Sports,0.8712000000000001,0.575
66KEynxnxa3Pncv5w,1a06794dc1002d2b5ed36e2a25a549dbafe46e2b16324236c0fc42b8cab81458,6,0.68,2,1538852606496,Sports,0.9248000000000002,0.56
KzfMDMAuYGcqhHasB,1a06794dc1002d2b5ed36e2a25a549dbafe46e2b16324236c0fc42b8cab81458,7,0.29,2,1538852642139,Politics,0.1682,0.385
uLnkB9oCXCRf4hBjf,1a06794dc1002d2b5ed36e2a25a549dbafe46e2b16324236c0fc42b8cab81458,8,0.7,2,1538852642142,Politics,0.18000000000000005,0.64
fJkcp2EnSoBpEfBgK,1a06794dc1002d2b5ed36e2a25a549dbafe46e2b16324236c0fc42b8cab81458,9,0.28,2,1538852642147,Politics,0.15680000000000002,0.44
ZioRGbsESJ6ax52vR,1a06794dc1002d2b5ed36e2a25a549dbafe46e2b16324236c0fc42b8cab81458,10,0.05,2,1538852642150,Politics,0.005000000000000001,0.385
2Ttyx8rSHrt4nuqeH,1a06794dc1002d2b5ed36e2a25a549dbafe46e2b16324236c0fc42b8cab81458,11,0.05,2,1538852642152,Politics,0.005000000000000001,0.43
3Hoxi52KHdAZBhvFE,1a06794dc1002d2b5ed36e2a25a549dbafe46e2b16324236c0fc42b8cab81458,12,0.04,2,1538852642164,Politics,0.0032,0.425
pydbsAPTTfqMsemhm,1a06794dc1002d2b5ed36e2a25a549dbafe46e2b16324236c0fc42b8cab81458,13,0.33,2,1538852679878,Entertainment,0.21780000000000002,0.64
eSNPxfBMEswAfrK3f,1a06794dc1002d2b5ed36e2a25a549dbafe46e2b16324236c0fc42b8cab81458,14,0.39,2,1538852679880,Entertainment,0.7442,0.68
Rti9jQPE4GQvqLvMv,1a06794dc1002d2b5ed36e2a25a549dbafe46e2b16324236c0fc42b8cab81458,15,0.29,2,1538852679882,Entertainment,0.1682,0.475
xPFqujGiLpDRqa8YN,1a06794dc1002d2b5ed36e2a25a549dbafe46e2b16324236c0fc42b8cab81458,16,0.71,2,1538852679883,Entertainment,0.16820000000000004,0.625
LQAmyha5oPjMpYmRr,1a06794dc1002d2b5ed36e2a25a549dbafe46e2b16324236c0fc42b8cab81458,17,0.68,2,1538852679884,Entertainment,0.9248000000000002,0.495
ztLQd5oEdcrHczBjR,1a06794dc1002d2b5ed36e2a25a549dbafe46e2b16324236c0fc42b8cab81458,18,0.24,2,1538852679885,Entertainment,0.1152,0.515
eNZwazko6A3LyMJKK,c81ae86673fee395e978ecb033d9a32c25e5453efa0d33d5d110767d184a985a,1,0.72,2,1538853438851,Sports,0.15680000000000002,0.56
QsXywGGLCvEiLgWX9,c81ae86673fee395e978ecb033d9a32c25e5453efa0d33d5d110767d184a985a,2,0.38,2,1538853438851,Sports,0.2888,0.64
hRwoL3ZqtTtdnCcDT,c81ae86673fee395e978ecb033d9a32c25e5453efa0d33d5d110767d184a985a,3,0.84,2,1538853438851,Sports,1.4111999999999998,0.445
ZZSaKv4QpbzLDmBa2,c81ae86673fee395e978ecb033d9a32c25e5453efa0d33d5d110767d184a985a,4,0.95,2,1538853438852,Sports,0.005000000000000009,0.6
NpvWoCttMPB97LhzG,c81ae86673fee395e978ecb033d9a32c25e5453efa0d33d5d110767d184a985a,5,0.38,2,1538853438852,Sports,0.2888,0.64
tDjYPBfFzJMgh2a93,c81ae86673fee395e978ecb033d9a32c25e5453efa0d33d5d110767d184a985a,6,0.25,2,1538853438853,Sports,0.125,0.365
X25CLYnbtqRWDL3YQ,c81ae86673fee395e978ecb033d9a32c25e5453efa0d33d5d110767d184a985a,7,0.21,2,1538853491562,Politics,0.08819999999999999,0.315
XcGssEKG6MR7BDT4t,c81ae86673fee395e978ecb033d9a32c25e5453efa0d33d5d110767d184a985a,8,0.43,2,1538853491563,Politics,0.6498000000000002,0.585
YtspQBLP4Ce6QuxJ6,c81ae86673fee395e978ecb033d9a32c25e5453efa0d33d5d110767d184a985a,9,0.43,2,1538853491564,Politics,0.36979999999999996,0.575
aXj3yqDAboPqrnwmq,c81ae86673fee395e978ecb033d9a32c25e5453efa0d33d5d110767d184a985a,10,0.6,2,1538853491564,Politics,0.72,0.385
LebNckDmXobT2wQqD,c81ae86673fee395e978ecb033d9a32c25e5453efa0d33d5d110767d184a985a,11,0.66,2,1538853491564,Politics,0.8712000000000001,0.35
Gh8vjnN5ciFpGunX7,c81ae86673fee395e978ecb033d9a32c25e5453efa0d33d5d110767d184a985a,12,0.84,2,1538853491564,Politics,1.4111999999999998,0.29
bs8pbQANbC2TmKARv,c81ae86673fee395e978ecb033d9a32c25e5453efa0d33d5d110767d184a985a,13,0.77,2,1538853537497,Entertainment,1.1858,0.545
C74Yt9YTBFjt7mtER,c81ae86673fee395e978ecb033d9a32c25e5453efa0d33d5d110767d184a985a,14,0.61,2,1538853537498,Entertainment,0.3042,0.545
E5tmi9RSZMtiRX6bQ,c81ae86673fee395e978ecb033d9a32c25e5453efa0d33d5d110767d184a985a,15,0.36,2,1538853537498,Entertainment,0.2592,0.595
gidbJQjetNyxzxsmf,c81ae86673fee395e978ecb033d9a32c25e5453efa0d33d5d110767d184a985a,16,0.18,2,1538853537500,Entertainment,1.3448000000000002,0.33
as7jADdKfG3GBGHGr,c81ae86673fee395e978ecb033d9a32c25e5453efa0d33d5d110767d184a985a,17,0.63,2,1538853537500,Entertainment,0.7938000000000001,0.475
KLE7BqhTywuJochXz,c81ae86673fee395e978ecb033d9a32c25e5453efa0d33d5d110767d184a985a,18,0.6,2,1538853537501,Entertainment,0.72,0.48
YemeEvn9vRBYvsyJk,edcb15541851a8b20ae9574c076c0418852e2aa13c4702158e61b9942e9fcf69,1,0.25,2,1538856448359,Sports,1.125,0.435
s8hS2JcZTQxiJ8hSn,edcb15541851a8b20ae9574c076c0418852e2aa13c4702158e61b9942e9fcf69,2,0.7,2,1538856448360,Sports,0.9799999999999999,0.625
NKZ5rCDuXG4F3K6Z8,edcb15541851a8b20ae9574c076c0418852e2aa13c4702158e61b9942e9fcf69,3,0.1,2,1538856448360,Sports,0.020000000000000004,0.565
mrkPPW9Qr64dsobyG,edcb15541851a8b20ae9574c076c0418852e2aa13c4702158e61b9942e9fcf69,4,0.75,2,1538856448360,Sports,0.125,0.7
SALCw5gvJcANhFeng,edcb15541851a8b20ae9574c076c0418852e2aa13c4702158e61b9942e9fcf69,5,0.64,2,1538856448360,Sports,0.8192,0.655
aippdfBjMeiGCLZM7,edcb15541851a8b20ae9574c076c0418852e2aa13c4702158e61b9942e9fcf69,6,0.16,2,1538856448360,Sports,0.0512,0.415
xzZxHNJ6XAmso84YB,edcb15541851a8b20ae9574c076c0418852e2aa13c4702158e61b9942e9fcf69,7,0.91,2,1538856568914,Politics,1.6562000000000001,0.745
hu2SennumeiPkbqfM,edcb15541851a8b20ae9574c076c0418852e2aa13c4702158e61b9942e9fcf69,8,0.3,2,1538856568915,Politics,0.9799999999999999,0.715
JXL4hWC9Zg9y7etxc,edcb15541851a8b20ae9574c076c0418852e2aa13c4702158e61b9942e9fcf69,9,0.13,2,1538856568915,Politics,0.033800000000000004,0.44
de9XvZiLcPJATtgoM,edcb15541851a8b20ae9574c076c0418852e2aa13c4702158e61b9942e9fcf69,10,0.12,2,1538856568915,Politics,0.0288,0.565
ryAaJpugLL8iHTaCH,edcb15541851a8b20ae9574c076c0418852e2aa13c4702158e61b9942e9fcf69,11,0.05,2,1538856568915,Politics,0.005000000000000001,0.445
cr6yMNvcnpKBBsKmv,edcb15541851a8b20ae9574c076c0418852e2aa13c4702158e61b9942e9fcf69,12,0.05,2,1538856568916,Politics,0.005000000000000001,0.43
N4BhEEbwktW6qcQhA,edcb15541851a8b20ae9574c076c0418852e2aa13c4702158e61b9942e9fcf69,13,1,2,1538856832493,Entertainment,2,0.665
CmYmRk2S5dojR3fTF,edcb15541851a8b20ae9574c076c0418852e2aa13c4702158e61b9942e9fcf69,14,0.95,2,1538856832493,Entertainment,0.005000000000000009,0.7
acDtWPzofj5iEDvHa,edcb15541851a8b20ae9574c076c0418852e2aa13c4702158e61b9942e9fcf69,15,0.03,2,1538856832493,Entertainment,0.0018,0.325
H57dHG6naKc4SqEoM,edcb15541851a8b20ae9574c076c0418852e2aa13c4702158e61b9942e9fcf69,16,0.13,2,1538856832493,Entertainment,1.5138,0.45
tdhbqk7xytft6c5jC,edcb15541851a8b20ae9574c076c0418852e2aa13c4702158e61b9942e9fcf69,17,0.04,2,1538856832493,Entertainment,0.0032,0.365
q59JC67ovzYfJ6Avj,edcb15541851a8b20ae9574c076c0418852e2aa13c4702158e61b9942e9fcf69,18,0.11,2,1538856832493,Entertainment,0.0242,0.485
hA9rrBXoqhW6SBJjL,2ed74d72173f994af13c6b249507b62e836445e69bd77410fba201d4fbb033d1,1,0.64,2,1538856956414,Sports,0.2592,0.505
iCYHq6723qsYgsE3d,2ed74d72173f994af13c6b249507b62e836445e69bd77410fba201d4fbb033d1,2,0.66,2,1538856956415,Sports,0.8712000000000001,0.435
fCj7kHNzmKsio9QS2,2ed74d72173f994af13c6b249507b62e836445e69bd77410fba201d4fbb033d1,3,0.36,2,1538856956417,Sports,0.2592,0.58
pnxb37B8RG3GnE5Wq,2ed74d72173f994af13c6b249507b62e836445e69bd77410fba201d4fbb033d1,4,0.67,2,1538856956417,Sports,0.21779999999999994,0.515
FpJLdYpJhKS4Cv9No,2ed74d72173f994af13c6b249507b62e836445e69bd77410fba201d4fbb033d1,5,0.4,2,1538856956419,Sports,0.32000000000000006,0.51
F5NtnubHPsQ2iToSx,2ed74d72173f994af13c6b249507b62e836445e69bd77410fba201d4fbb033d1,6,0.41,2,1538856956420,Sports,0.33619999999999994,0.525
ix7m6AeQHsSxfv4iS,2ed74d72173f994af13c6b249507b62e836445e69bd77410fba201d4fbb033d1,7,0.64,2,1538857002197,Politics,0.8192,0.485
CSjqsARBEcL42QfGP,2ed74d72173f994af13c6b249507b62e836445e69bd77410fba201d4fbb033d1,8,0.39,2,1538857002198,Politics,0.7442,0.545
kKJDdxJmvcYZRrJZW,2ed74d72173f994af13c6b249507b62e836445e69bd77410fba201d4fbb033d1,9,0.63,2,1538857002198,Politics,0.7938000000000001,0.405
q7uKWtyJXLy6sfQzY,2ed74d72173f994af13c6b249507b62e836445e69bd77410fba201d4fbb033d1,10,0.42,2,1538857002200,Politics,0.35279999999999995,0.34
L66FgtKRtDAmoiEas,2ed74d72173f994af13c6b249507b62e836445e69bd77410fba201d4fbb033d1,11,0.35,2,1538857002201,Politics,0.24499999999999997,0.495
3iTSF8jAbv3N4RGkp,2ed74d72173f994af13c6b249507b62e836445e69bd77410fba201d4fbb033d1,12,0.44,2,1538857002202,Politics,0.3872,0.355
psSWDocnEbR6Zh5n6,2ed74d72173f994af13c6b249507b62e836445e69bd77410fba201d4fbb033d1,13,0.58,2,1538857057299,Entertainment,0.6728,0.54
RraafivtNRGe2t4ve,2ed74d72173f994af13c6b249507b62e836445e69bd77410fba201d4fbb033d1,14,0.62,2,1538857057301,Entertainment,0.2888,0.51
XwFyZ5Rag7TGfuueQ,2ed74d72173f994af13c6b249507b62e836445e69bd77410fba201d4fbb033d1,15,0.43,2,1538857057301,Entertainment,0.36979999999999996,0.55
LQNdks4JzXNQQzr5u,2ed74d72173f994af13c6b249507b62e836445e69bd77410fba201d4fbb033d1,16,0.38,2,1538857057302,Entertainment,0.7688,0.56
CEoJEG7CNGYQYDvEo,2ed74d72173f994af13c6b249507b62e836445e69bd77410fba201d4fbb033d1,17,0.44,2,1538857057303,Entertainment,0.3872,0.5
ws8P8MicYy93tiEZA,2ed74d72173f994af13c6b249507b62e836445e69bd77410fba201d4fbb033d1,18,0.44,2,1538857057304,Entertainment,0.3872,0.47
HfTFTFAeFLuEpi7pg,5a73a08f30fca1814de0e924dcd926192d1313660250c8dbc1329092d63f337e,1,0.05,2,1538857975990,Sports,1.805,0.37
3acgoCmsXHkPrAFQk,5a73a08f30fca1814de0e924dcd926192d1313660250c8dbc1329092d63f337e,2,0.05,2,1538857975991,Sports,0.005000000000000001,0.41
vLMtPEHW7M47v5cRN,5a73a08f30fca1814de0e924dcd926192d1313660250c8dbc1329092d63f337e,3,0.05,2,1538857975992,Sports,0.005000000000000001,0.54
59RFeE5vmQY2PNh4K,5a73a08f30fca1814de0e924dcd926192d1313660250c8dbc1329092d63f337e,4,0.7,2,1538857975994,Sports,0.18000000000000005,0.785
ynvfyS6Rn3MsAJTkH,5a73a08f30fca1814de0e924dcd926192d1313660250c8dbc1329092d63f337e,5,0.1,2,1538857975995,Sports,0.020000000000000004,0.57
ypD45zj9MQRcy3qiq,5a73a08f30fca1814de0e924dcd926192d1313660250c8dbc1329092d63f337e,6,0.05,2,1538857975996,Sports,0.005000000000000001,0.445
Ac4Hkd5GvuMxC6dQw,5a73a08f30fca1814de0e924dcd926192d1313660250c8dbc1329092d63f337e,7,0,2,1538858055917,Politics,0,0.39
NjunLb84iN7RFGigD,5a73a08f30fca1814de0e924dcd926192d1313660250c8dbc1329092d63f337e,8,0,2,1538858055918,Politics,2,0.41
3HPrNQm9QeQFwCpt8,5a73a08f30fca1814de0e924dcd926192d1313660250c8dbc1329092d63f337e,9,0,2,1538858055919,Politics,0,0.42
GKQcFjiSB5gnfMaex,5a73a08f30fca1814de0e924dcd926192d1313660250c8dbc1329092d63f337e,10,0,2,1538858055919,Politics,0,0.54
ESMtu2Eo6Hf9TrD6X,5a73a08f30fca1814de0e924dcd926192d1313660250c8dbc1329092d63f337e,11,0.8,2,1538858055920,Politics,1.2800000000000002,0.585
n7K4KdRwpBhymDcyf,5a73a08f30fca1814de0e924dcd926192d1313660250c8dbc1329092d63f337e,12,0.2,2,1538858055921,Politics,0.08000000000000002,0.665
atS9TmmDzDwkGExFE,5a73a08f30fca1814de0e924dcd926192d1313660250c8dbc1329092d63f337e,13,0,2,1538858102532,Entertainment,0,0.42
7a8TygqjN3GjeLrmN,5a73a08f30fca1814de0e924dcd926192d1313660250c8dbc1329092d63f337e,14,1,2,1538858102533,Entertainment,0,0.76
6dHEF3qF6We5Ca7Sw,5a73a08f30fca1814de0e924dcd926192d1313660250c8dbc1329092d63f337e,15,0,2,1538858102535,Entertainment,0,0.42
iquQMht9a4JkZDJpf,5a73a08f30fca1814de0e924dcd926192d1313660250c8dbc1329092d63f337e,16,0,2,1538858102536,Entertainment,2,0.37
EL9Aa2RhRpa8ipELk,5a73a08f30fca1814de0e924dcd926192d1313660250c8dbc1329092d63f337e,17,0,2,1538858102537,Entertainment,0,0.43
T5xGE33HYNFkhXmtL,5a73a08f30fca1814de0e924dcd926192d1313660250c8dbc1329092d63f337e,18,0,2,1538858102538,Entertainment,0,0.46
92sPcmTsvxJKLzdNf,cbe956631497ee96be5115282cfdf803b1cc65951f6f735847105d1ba7933cff,1,0.71,2,1538858395971,Sports,0.16820000000000004,0.52
DpZCLJBs763AgsYZr,cbe956631497ee96be5115282cfdf803b1cc65951f6f735847105d1ba7933cff,2,0.24,2,1538858395972,Sports,0.1152,0.41
CBuo7b2gWgHJM3tNM,cbe956631497ee96be5115282cfdf803b1cc65951f6f735847105d1ba7933cff,3,0.63,2,1538858395973,Sports,0.7938000000000001,0.485
ffEfMHwPe2kkbXNcA,cbe956631497ee96be5115282cfdf803b1cc65951f6f735847105d1ba7933cff,4,0.81,2,1538858395973,Sports,0.07219999999999996,0.565
D2BTf3BHHXDwy7wNb,cbe956631497ee96be5115282cfdf803b1cc65951f6f735847105d1ba7933cff,5,0.75,2,1538858395973,Sports,1.125,0.51
TD7RnyDNNuGjSdN3g,cbe956631497ee96be5115282cfdf803b1cc65951f6f735847105d1ba7933cff,6,0.75,2,1538858395974,Sports,1.125,0.525
Y5DzozqsDrwZw4FqD,cbe956631497ee96be5115282cfdf803b1cc65951f6f735847105d1ba7933cff,7,0.85,2,1538858493464,Politics,1.4449999999999998,0.59
vWXEhp7G4hY57zZ2u,cbe956631497ee96be5115282cfdf803b1cc65951f6f735847105d1ba7933cff,8,0.35,2,1538858493465,Politics,0.8450000000000001,0.615
tyPaedAgNXKXucCtJ,cbe956631497ee96be5115282cfdf803b1cc65951f6f735847105d1ba7933cff,9,0.71,2,1538858493465,Politics,1.0082,0.435
QGuCQNRsa66k8frQ5,cbe956631497ee96be5115282cfdf803b1cc65951f6f735847105d1ba7933cff,10,0.34,2,1538858493466,Politics,0.23120000000000004,0.535
MP76Mog34MnwQeqSP,cbe956631497ee96be5115282cfdf803b1cc65951f6f735847105d1ba7933cff,11,0.21,2,1538858493466,Politics,0.08819999999999999,0.38
h43AtPpwWdFnutvvF,cbe956631497ee96be5115282cfdf803b1cc65951f6f735847105d1ba7933cff,12,0.28,2,1538858493466,Politics,0.15680000000000002,0.445
6c9NGv2niGhbPpJEX,cbe956631497ee96be5115282cfdf803b1cc65951f6f735847105d1ba7933cff,13,0.85,2,1538858549968,Entertainment,1.4449999999999998,0.5
FcibZEJWwvPN2iu5P,cbe956631497ee96be5115282cfdf803b1cc65951f6f735847105d1ba7933cff,14,0.64,2,1538858549969,Entertainment,0.2592,0.59
qsTWvaZrvskdK5m75,cbe956631497ee96be5115282cfdf803b1cc65951f6f735847105d1ba7933cff,15,0.76,2,1538858549969,Entertainment,1.1552,0.515
5CwLvfQ3ALzc9DbPp,cbe956631497ee96be5115282cfdf803b1cc65951f6f735847105d1ba7933cff,16,0.92,2,1538858549970,Entertainment,0.012799999999999987,0.515
wQLpWSL5DW6qvATyu,cbe956631497ee96be5115282cfdf803b1cc65951f6f735847105d1ba7933cff,17,0.36,2,1538858549970,Entertainment,0.2592,0.6
o4g4zS3PBDJeo5Qtx,cbe956631497ee96be5115282cfdf803b1cc65951f6f735847105d1ba7933cff,18,0.72,2,1538858549970,Entertainment,1.0368,0.465
WZFTHkCs6ZZA9soRZ,a5caed619814f3271118a074877dac967d9050cddb2b95a8e27e0aa04c8f9c39,1,0.23,2,1538861248225,Sports,1.1858,0.465
hPmiQLtuYu2EP3vxm,a5caed619814f3271118a074877dac967d9050cddb2b95a8e27e0aa04c8f9c39,2,0.23,2,1538861248230,Sports,0.1058,0.515
LDxPybbnH3RkrJ8ps,a5caed619814f3271118a074877dac967d9050cddb2b95a8e27e0aa04c8f9c39,3,0.08,2,1538861248235,Sports,0.0128,0.435
S9HQu4BcihyZB3YDr,a5caed619814f3271118a074877dac967d9050cddb2b95a8e27e0aa04c8f9c39,4,0.74,2,1538861248238,Sports,0.13520000000000001,0.745
6bWBhzkAGDYxChfqk,a5caed619814f3271118a074877dac967d9050cddb2b95a8e27e0aa04c8f9c39,5,0.19,2,1538861248243,Sports,0.0722,0.455
d4dT3p8g3LMzDzqYr,a5caed619814f3271118a074877dac967d9050cddb2b95a8e27e0aa04c8f9c39,6,0.76,2,1538861248245,Sports,1.1552,0.625
s57r7Gq3FBoBsgxoM,a5caed619814f3271118a074877dac967d9050cddb2b95a8e27e0aa04c8f9c39,7,0.05,2,1538861285813,Politics,0.005000000000000001,0.295
ph5wc8xQwNE8nnNAm,a5caed619814f3271118a074877dac967d9050cddb2b95a8e27e0aa04c8f9c39,8,0.2,2,1538861285817,Politics,1.2800000000000002,0.535
Fah9CPtjZzYCRKTFE,a5caed619814f3271118a074877dac967d9050cddb2b95a8e27e0aa04c8f9c39,9,0.2,2,1538861285819,Politics,0.08000000000000002,0.585
wAS2xZpdB3NhCXJ2i,a5caed619814f3271118a074877dac967d9050cddb2b95a8e27e0aa04c8f9c39,10,0,2,1538861285822,Politics,0,0.545
gKR6tF5bQzJh3dPKY,a5caed619814f3271118a074877dac967d9050cddb2b95a8e27e0aa04c8f9c39,11,0,2,1538861285824,Politics,0,0.36
RHH8W3iTgLxzAgwo5,a5caed619814f3271118a074877dac967d9050cddb2b95a8e27e0aa04c8f9c39,12,0.23,2,1538861285826,Politics,0.1058,0.535
WJ5ZFRcHWJDnNpky5,a5caed619814f3271118a074877dac967d9050cddb2b95a8e27e0aa04c8f9c39,13,0.22,2,1538861327503,Entertainment,0.0968,0.485
J9Yd6NGBiC2RSF572,a5caed619814f3271118a074877dac967d9050cddb2b95a8e27e0aa04c8f9c39,14,0.14,2,1538861327506,Entertainment,1.4791999999999998,0.405
KZcM7vGFHWHFTz52C,a5caed619814f3271118a074877dac967d9050cddb2b95a8e27e0aa04c8f9c39,15,0.95,2,1538861327508,Entertainment,1.805,0.625
Yqa7iBmSiSiCpPKg2,a5caed619814f3271118a074877dac967d9050cddb2b95a8e27e0aa04c8f9c39,16,0.12,2,1538861327511,Entertainment,1.5488,0.465
uedWxktyPhkNAfjFx,a5caed619814f3271118a074877dac967d9050cddb2b95a8e27e0aa04c8f9c39,17,0.14,2,1538861327515,Entertainment,0.039200000000000006,0.475
HtvpLYmF5oEiXkP4Y,a5caed619814f3271118a074877dac967d9050cddb2b95a8e27e0aa04c8f9c39,18,0.31,2,1538861327517,Entertainment,0.1922,0.725
PkKhzK5tZNben8wWL,237d8eff4dcccfd33aa879382d8ba07e45185d5be8c8a5646d54238ba6081ee0,1,0.66,2,1538861908429,Sports,0.23119999999999996,0.625
fnzpAcKHuyWG9qr4Y,237d8eff4dcccfd33aa879382d8ba07e45185d5be8c8a5646d54238ba6081ee0,2,0.6,2,1538861908429,Sports,0.72,0.595
s4ymiZsBDR62AXccy,237d8eff4dcccfd33aa879382d8ba07e45185d5be8c8a5646d54238ba6081ee0,3,0.08,2,1538861908429,Sports,0.0128,0.375
YDbGL2jf8roptPLYE,237d8eff4dcccfd33aa879382d8ba07e45185d5be8c8a5646d54238ba6081ee0,4,0.5,2,1538861908430,Sports,0.5,0.765
2ewzf6A5ZqHcRrGDr,237d8eff4dcccfd33aa879382d8ba07e45185d5be8c8a5646d54238ba6081ee0,5,0.3,2,1538861908430,Sports,0.18,0.68
9an2mEz6XqdHFCiiL,237d8eff4dcccfd33aa879382d8ba07e45185d5be8c8a5646d54238ba6081ee0,6,0.59,2,1538861908430,Sports,0.6961999999999999,0.685
embzj3SneTGc7fKvQ,237d8eff4dcccfd33aa879382d8ba07e45185d5be8c8a5646d54238ba6081ee0,7,1,2,1538862076133,Politics,2,0.585
5xS38Tn8xFbBqHPZt,237d8eff4dcccfd33aa879382d8ba07e45185d5be8c8a5646d54238ba6081ee0,8,0.6,2,1538862076134,Politics,0.32000000000000006,0.66
wSC5HeHRdbtdibLy4,237d8eff4dcccfd33aa879382d8ba07e45185d5be8c8a5646d54238ba6081ee0,9,0.1,2,1538862076134,Politics,0.020000000000000004,0.43
4S3JhKnmovurihNzf,237d8eff4dcccfd33aa879382d8ba07e45185d5be8c8a5646d54238ba6081ee0,10,0,2,1538862076134,Politics,0,0.45
y68Di8XZWWXm4opR6,237d8eff4dcccfd33aa879382d8ba07e45185d5be8c8a5646d54238ba6081ee0,11,0.05,2,1538862076134,Politics,0.005000000000000001,0.425
L3vAKqBLLqaeFezyP,237d8eff4dcccfd33aa879382d8ba07e45185d5be8c8a5646d54238ba6081ee0,12,0.06,2,1538862076135,Politics,0.0072,0.425
qb3u3myFDcXx9kDcg,237d8eff4dcccfd33aa879382d8ba07e45185d5be8c8a5646d54238ba6081ee0,13,0.75,2,1538862220546,Entertainment,1.125,0.56
TknYDFz7LKQ47hRGQ,237d8eff4dcccfd33aa879382d8ba07e45185d5be8c8a5646d54238ba6081ee0,14,1,2,1538862220546,Entertainment,0,0.655
49YpBRXXgohH4HbPv,237d8eff4dcccfd33aa879382d8ba07e45185d5be8c8a5646d54238ba6081ee0,15,0.1,2,1538862220546,Entertainment,0.020000000000000004,0.39
5gsjXX4ynxp7Ab32c,237d8eff4dcccfd33aa879382d8ba07e45185d5be8c8a5646d54238ba6081ee0,16,0.7,2,1538862220546,Entertainment,0.18000000000000005,0.625
oNPCzF6MsG2WPHrj2,237d8eff4dcccfd33aa879382d8ba07e45185d5be8c8a5646d54238ba6081ee0,17,0.6,2,1538862220548,Entertainment,0.72,0.615
rEsjQ8rC6P5uapH75,237d8eff4dcccfd33aa879382d8ba07e45185d5be8c8a5646d54238ba6081ee0,18,0.5,2,1538862220548,Entertainment,0.5,0.6
hm568MuHTopkD2rQk,9fe8eb19ab2e131325c2a204b790350d30e3fa33e7ce08c6490b7dc9b8c4323f,1,0.62,2,1538866184910,Sports,0.2888,0.565
e3Ypgh3zTJGr7LQqw,9fe8eb19ab2e131325c2a204b790350d30e3fa33e7ce08c6490b7dc9b8c4323f,2,0.5,2,1538866184910,Sports,0.5,0.59
vTBb7hr3jNisZgSdp,9fe8eb19ab2e131325c2a204b790350d30e3fa33e7ce08c6490b7dc9b8c4323f,3,0.38,2,1538866184911,Sports,0.2888,0.6
JyJkKZPnJtydinqcX,9fe8eb19ab2e131325c2a204b790350d30e3fa33e7ce08c6490b7dc9b8c4323f,4,0.65,2,1538866184911,Sports,0.24499999999999997,0.59
BMgf88MAHnbwvNK9u,9fe8eb19ab2e131325c2a204b790350d30e3fa33e7ce08c6490b7dc9b8c4323f,5,0.58,2,1538866184912,Sports,0.6728,0.565
tg6JWBEdMfieCkptZ,9fe8eb19ab2e131325c2a204b790350d30e3fa33e7ce08c6490b7dc9b8c4323f,6,0.56,2,1538866184912,Sports,0.6272000000000001,0.47
LX8BFPxwDRusgoPSx,9fe8eb19ab2e131325c2a204b790350d30e3fa33e7ce08c6490b7dc9b8c4323f,7,0.5,2,1538866252938,Politics,0.5,0.565
JzfgY3NimeSpYsQvQ,9fe8eb19ab2e131325c2a204b790350d30e3fa33e7ce08c6490b7dc9b8c4323f,8,0.45,2,1538866252939,Politics,0.6050000000000001,0.575
ASBwNmokXo5bY2HrS,9fe8eb19ab2e131325c2a204b790350d30e3fa33e7ce08c6490b7dc9b8c4323f,9,0.2,2,1538866252939,Politics,0.08000000000000002,0.33
jwDzbySSJTppJZ3Pw,9fe8eb19ab2e131325c2a204b790350d30e3fa33e7ce08c6490b7dc9b8c4323f,10,0.5,2,1538866252941,Politics,0.5,0.455
tNa8RSgQ6CsPf42fL,9fe8eb19ab2e131325c2a204b790350d30e3fa33e7ce08c6490b7dc9b8c4323f,11,0.36,2,1538866252941,Politics,0.2592,0.535
BtKWnz3KLETukRYZ4,9fe8eb19ab2e131325c2a204b790350d30e3fa33e7ce08c6490b7dc9b8c4323f,12,0.02,2,1538866252942,Politics,8e-4,0.31
ezyx33ACRaMrvupBe,9fe8eb19ab2e131325c2a204b790350d30e3fa33e7ce08c6490b7dc9b8c4323f,13,0.7,2,1538866279984,Entertainment,0.9799999999999999,0.525
SP3T6wAn6Cu7WfzAJ,9fe8eb19ab2e131325c2a204b790350d30e3fa33e7ce08c6490b7dc9b8c4323f,14,0.45,2,1538866279985,Entertainment,0.6050000000000001,0.585
eqGQFcn8bEz5u65jA,9fe8eb19ab2e131325c2a204b790350d30e3fa33e7ce08c6490b7dc9b8c4323f,15,0.35,2,1538866279986,Entertainment,0.24499999999999997,0.58
vFLTHqSKHXJXawaZk,9fe8eb19ab2e131325c2a204b790350d30e3fa33e7ce08c6490b7dc9b8c4323f,16,0.69,2,1538866279986,Entertainment,0.19220000000000007,0.475
7M79nktdieaSQGfGp,9fe8eb19ab2e131325c2a204b790350d30e3fa33e7ce08c6490b7dc9b8c4323f,17,0.43,2,1538866279986,Entertainment,0.36979999999999996,0.56
wuRGXudNYjML9pMxd,9fe8eb19ab2e131325c2a204b790350d30e3fa33e7ce08c6490b7dc9b8c4323f,18,0.57,2,1538866279987,Entertainment,0.6497999999999999,0.445
ZRBHik84p7KBi8icZ,62eb583307052739703a500e2ca6e6472098bc82c4d9aea4a585eb86de3d1920,1,0.2,2,1538866790444,Sports,1.2800000000000002,0.48
8SmbQLjhKvqEvvn3Y,62eb583307052739703a500e2ca6e6472098bc82c4d9aea4a585eb86de3d1920,2,0.31,2,1538866790444,Sports,0.1922,0.655
LPyLFJLR7Gu86f2gM,62eb583307052739703a500e2ca6e6472098bc82c4d9aea4a585eb86de3d1920,3,0.16,2,1538866790445,Sports,0.0512,0.46
eZESa4HMPxQ3uwksX,62eb583307052739703a500e2ca6e6472098bc82c4d9aea4a585eb86de3d1920,4,0.68,2,1538866790445,Sports,0.20479999999999993,0.655
QRi8TtomZouNn7BTz,62eb583307052739703a500e2ca6e6472098bc82c4d9aea4a585eb86de3d1920,5,0.62,2,1538866790447,Sports,0.7688,0.605
z2e2BzidsiusCbRCr,62eb583307052739703a500e2ca6e6472098bc82c4d9aea4a585eb86de3d1920,6,0.69,2,1538866790447,Sports,0.9521999999999998,0.63
4Nm7fdYNqnvbgZ4u9,62eb583307052739703a500e2ca6e6472098bc82c4d9aea4a585eb86de3d1920,7,0.93,2,1538866869335,Politics,1.7298000000000002,0.685
PXyovo42L7ioDooko,62eb583307052739703a500e2ca6e6472098bc82c4d9aea4a585eb86de3d1920,8,0.9,2,1538866869336,Politics,0.01999999999999999,0.67
KMbZoRsFBYc5LEE5x,62eb583307052739703a500e2ca6e6472098bc82c4d9aea4a585eb86de3d1920,9,0.25,2,1538866869336,Politics,0.125,0.505
vhDjPRMgMKLdGohBk,62eb583307052739703a500e2ca6e6472098bc82c4d9aea4a585eb86de3d1920,10,0.18,2,1538866869337,Politics,0.0648,0.58
iPCudYaJSe7NfMA33,62eb583307052739703a500e2ca6e6472098bc82c4d9aea4a585eb86de3d1920,11,0.14,2,1538866869338,Politics,0.039200000000000006,0.55
HhoLZgFijmnwBf87S,62eb583307052739703a500e2ca6e6472098bc82c4d9aea4a585eb86de3d1920,12,0.12,2,1538866869338,Politics,0.0288,0.55
bwSx3d5s4iYGda8EC,62eb583307052739703a500e2ca6e6472098bc82c4d9aea4a585eb86de3d1920,13,0.92,2,1538866970695,Entertainment,1.6928,0.57
BiZZKPr6z266NrpH9,62eb583307052739703a500e2ca6e6472098bc82c4d9aea4a585eb86de3d1920,14,0.96,2,1538866970695,Entertainment,0.003200000000000006,0.625
DzB5Nw6QDHLDHfuXf,62eb583307052739703a500e2ca6e6472098bc82c4d9aea4a585eb86de3d1920,15,0.24,2,1538866970696,Entertainment,0.1152,0.48
wAhuR5Bz2NkTPhiQP,62eb583307052739703a500e2ca6e6472098bc82c4d9aea4a585eb86de3d1920,16,0.29,2,1538866970696,Entertainment,1.0082,0.515
x8WXC9YmyDDxn34qP,62eb583307052739703a500e2ca6e6472098bc82c4d9aea4a585eb86de3d1920,17,0.67,2,1538866970697,Entertainment,0.8978000000000002,0.61
NJfSvJ6ue6DaPe4ND,62eb583307052739703a500e2ca6e6472098bc82c4d9aea4a585eb86de3d1920,18,0.04,2,1538866970698,Entertainment,0.0032,0.335
Q7EaLXmA83fsm6y8i,b2f2745f68820cb1b1a21b4ae50514e0989ee361f9a9b482bf9c436a92b84c1f,1,0.67,2,1538867039180,Sports,0.21779999999999994,0.565
9vZT5zpGgKtqQZqEy,b2f2745f68820cb1b1a21b4ae50514e0989ee361f9a9b482bf9c436a92b84c1f,2,0.35,2,1538867039182,Sports,0.24499999999999997,0.66
marKe8EQzmqE9jKpw,b2f2745f68820cb1b1a21b4ae50514e0989ee361f9a9b482bf9c436a92b84c1f,3,0.34,2,1538867039183,Sports,0.23120000000000004,0.635
r4JxwALFFPEEJGE7z,b2f2745f68820cb1b1a21b4ae50514e0989ee361f9a9b482bf9c436a92b84c1f,4,0.83,2,1538867039184,Sports,0.057800000000000025,0.61
wBsEYhnrnMaKm7oho,b2f2745f68820cb1b1a21b4ae50514e0989ee361f9a9b482bf9c436a92b84c1f,5,0.56,2,1538867039184,Sports,0.6272000000000001,0.565
gMLGJRmAyP5Gsrsmu,b2f2745f68820cb1b1a21b4ae50514e0989ee361f9a9b482bf9c436a92b84c1f,6,0.66,2,1538867039185,Sports,0.8712000000000001,0.525
BHX77XZ3J85yJWJfs,b2f2745f68820cb1b1a21b4ae50514e0989ee361f9a9b482bf9c436a92b84c1f,7,0.8,2,1538867124594,Politics,1.2800000000000002,0.565
tSSodpPSWdvuWokjd,b2f2745f68820cb1b1a21b4ae50514e0989ee361f9a9b482bf9c436a92b84c1f,8,0.23,2,1538867124595,Politics,1.1858,0.37
XZNZ2qjsZ9KZZyafx,b2f2745f68820cb1b1a21b4ae50514e0989ee361f9a9b482bf9c436a92b84c1f,9,0.43,2,1538867124595,Politics,0.36979999999999996,0.56
Yd2W9z4s6pHoKE54j,b2f2745f68820cb1b1a21b4ae50514e0989ee361f9a9b482bf9c436a92b84c1f,10,0.31,2,1538867124595,Politics,0.1922,0.56
qdwLtndQsbYBgfWCj,b2f2745f68820cb1b1a21b4ae50514e0989ee361f9a9b482bf9c436a92b84c1f,11,0.48,2,1538867124596,Politics,0.4608,0.45
25EM7BKTmTzv9PZxt,b2f2745f68820cb1b1a21b4ae50514e0989ee361f9a9b482bf9c436a92b84c1f,12,0.13,2,1538867124597,Politics,0.033800000000000004,0.535
ZT9GyxMGgMqJPGMmm,b2f2745f68820cb1b1a21b4ae50514e0989ee361f9a9b482bf9c436a92b84c1f,13,0.06,2,1538867226862,Entertainment,0.0072,0.14
g36TNEREnhuDcQKYf,b2f2745f68820cb1b1a21b4ae50514e0989ee361f9a9b482bf9c436a92b84c1f,14,0.89,2,1538867226862,Entertainment,0.024199999999999996,0.615
XPubisFzzFdGbnpdb,b2f2745f68820cb1b1a21b4ae50514e0989ee361f9a9b482bf9c436a92b84c1f,15,0.31,2,1538867226862,Entertainment,0.1922,0.605
giTtQ2fJiCYa7zrGq,b2f2745f68820cb1b1a21b4ae50514e0989ee361f9a9b482bf9c436a92b84c1f,16,0.14,2,1538867226864,Entertainment,1.4791999999999998,0.365
FTQGATrinQKJTvqes,b2f2745f68820cb1b1a21b4ae50514e0989ee361f9a9b482bf9c436a92b84c1f,17,0.08,2,1538867226864,Entertainment,0.0128,0.33
zmCC34bzs92fAmQii,b2f2745f68820cb1b1a21b4ae50514e0989ee361f9a9b482bf9c436a92b84c1f,18,0.39,2,1538867226864,Entertainment,0.3042,0.59
xxr5Ns2R6DLyToBRo,97835c37df2dc4d720642cd75fd2735101a70199b00c224fa115ff7ba5b75fcb,1,0.5,2,1538867378696,Sports,0.5,0.68
zx65Sb5Wpyw3htWts,97835c37df2dc4d720642cd75fd2735101a70199b00c224fa115ff7ba5b75fcb,2,0.56,2,1538867378696,Sports,0.6272000000000001,0.64
buefZtC9JC5h5rkuQ,97835c37df2dc4d720642cd75fd2735101a70199b00c224fa115ff7ba5b75fcb,3,0.3,2,1538867378696,Sports,0.18,0.615
fvXwsRbxndKKnJLPh,97835c37df2dc4d720642cd75fd2735101a70199b00c224fa115ff7ba5b75fcb,4,0.54,2,1538867378697,Sports,0.4231999999999999,0.645
uQCYjosDDHLjq5MFc,97835c37df2dc4d720642cd75fd2735101a70199b00c224fa115ff7ba5b75fcb,5,0.46,2,1538867378697,Sports,0.4232,0.525
68cEZ86Ywq8QHgax8,97835c37df2dc4d720642cd75fd2735101a70199b00c224fa115ff7ba5b75fcb,6,0.53,2,1538867378697,Sports,0.5618000000000001,0.62
PMgQPD69fCjWai3ss,97835c37df2dc4d720642cd75fd2735101a70199b00c224fa115ff7ba5b75fcb,7,0.56,2,1538867406071,Politics,0.6272000000000001,0.675
RsyoadKkmZh2jRB97,97835c37df2dc4d720642cd75fd2735101a70199b00c224fa115ff7ba5b75fcb,8,0.5,2,1538867406072,Politics,0.5,0.65
nf49K4Atd8XyHpdsE,97835c37df2dc4d720642cd75fd2735101a70199b00c224fa115ff7ba5b75fcb,9,0.44,2,1538867406072,Politics,0.3872,0.625
xLTF7WvzwMP9CfMyQ,97835c37df2dc4d720642cd75fd2735101a70199b00c224fa115ff7ba5b75fcb,10,0.05,2,1538867406072,Politics,0.005000000000000001,0.36
fLPzkgDQWCkiz5DZo,97835c37df2dc4d720642cd75fd2735101a70199b00c224fa115ff7ba5b75fcb,11,0.22,2,1538867406072,Politics,0.0968,0.445
GSaBBkKR5WDD9S6vs,97835c37df2dc4d720642cd75fd2735101a70199b00c224fa115ff7ba5b75fcb,12,0.12,2,1538867406073,Politics,0.0288,0.5
FfTaCAdNxecbLr63C,97835c37df2dc4d720642cd75fd2735101a70199b00c224fa115ff7ba5b75fcb,13,0.43,2,1538867446351,Entertainment,0.36979999999999996,0.615
Q6cwQnCHLsff9PjYR,97835c37df2dc4d720642cd75fd2735101a70199b00c224fa115ff7ba5b75fcb,14,0.08,2,1538867446351,Entertainment,1.6928,0.245
Et74XS4GZ9GqNX9xp,97835c37df2dc4d720642cd75fd2735101a70199b00c224fa115ff7ba5b75fcb,15,0.22,2,1538867446352,Entertainment,0.0968,0.455
ooiPsr778ZRJwbMn2,97835c37df2dc4d720642cd75fd2735101a70199b00c224fa115ff7ba5b75fcb,16,0.45,2,1538867446353,Entertainment,0.6050000000000001,0.605
sJv7wDPjT7xxdzqo9,97835c37df2dc4d720642cd75fd2735101a70199b00c224fa115ff7ba5b75fcb,17,0.06,2,1538867446353,Entertainment,0.0072,0.29
n6QLFcuQcn5BCSKYt,97835c37df2dc4d720642cd75fd2735101a70199b00c224fa115ff7ba5b75fcb,18,0.28,2,1538867446353,Entertainment,0.15680000000000002,0.475
EdtKtMh4myB9CWciw,4bfff88e7484d984ac73692513c5741ed1e780550bf2ba03bd91ddaeef7b489d,1,0.71,2,1538867468305,Sports,0.16820000000000004,0.565
i4E3SmeTR4J65NZx2,4bfff88e7484d984ac73692513c5741ed1e780550bf2ba03bd91ddaeef7b489d,2,0.09,2,1538867468305,Sports,0.0162,0.265
aiRrr6LPN3y826cQf,4bfff88e7484d984ac73692513c5741ed1e780550bf2ba03bd91ddaeef7b489d,3,0.1,2,1538867468306,Sports,0.020000000000000004,0.515
2qyZ9o2TWkYaN3C8m,4bfff88e7484d984ac73692513c5741ed1e780550bf2ba03bd91ddaeef7b489d,4,0.64,2,1538867468306,Sports,0.2592,0.67
sAwYXtBBtp2pfAzou,4bfff88e7484d984ac73692513c5741ed1e780550bf2ba03bd91ddaeef7b489d,5,0.3,2,1538867468307,Sports,0.18,0.685
KgMwroEqSM8x6YT38,4bfff88e7484d984ac73692513c5741ed1e780550bf2ba03bd91ddaeef7b489d,6,0.13,2,1538867468307,Sports,0.033800000000000004,0.34
ThpP8FPqt4auvTwtT,4bfff88e7484d984ac73692513c5741ed1e780550bf2ba03bd91ddaeef7b489d,7,0.28,2,1538867505613,Politics,0.15680000000000002,0.36
PrhzycEagmwF4SaZN,4bfff88e7484d984ac73692513c5741ed1e780550bf2ba03bd91ddaeef7b489d,8,0.81,2,1538867505614,Politics,0.07219999999999996,0.645
mSFS3rpqbMpxy8xcY,4bfff88e7484d984ac73692513c5741ed1e780550bf2ba03bd91ddaeef7b489d,9,0.38,2,1538867505614,Politics,0.2888,0.65
2WfPZd7GiMisidcLJ,4bfff88e7484d984ac73692513c5741ed1e780550bf2ba03bd91ddaeef7b489d,10,0.09,2,1538867505615,Politics,0.0162,0.42
pveKjgW5YSdNu4TC6,4bfff88e7484d984ac73692513c5741ed1e780550bf2ba03bd91ddaeef7b489d,11,0.27,2,1538867505615,Politics,0.1458,0.505
TbYArhhhcfN9BaLJB,4bfff88e7484d984ac73692513c5741ed1e780550bf2ba03bd91ddaeef7b489d,12,0.01,2,1538867505615,Politics,2e-4,0.435
LJFqhbi3YaDzkBZqK,4bfff88e7484d984ac73692513c5741ed1e780550bf2ba03bd91ddaeef7b489d,13,0.88,2,1538867543395,Entertainment,1.5488,0.63
zsHXCMnTZi3aozGYh,4bfff88e7484d984ac73692513c5741ed1e780550bf2ba03bd91ddaeef7b489d,14,0.81,2,1538867543395,Entertainment,0.07219999999999996,0.64
kMsHgJn5BcFXrRQ73,4bfff88e7484d984ac73692513c5741ed1e780550bf2ba03bd91ddaeef7b489d,15,0.94,2,1538867543396,Entertainment,1.7671999999999999,0.56
uCZD646AdHneNRonE,4bfff88e7484d984ac73692513c5741ed1e780550bf2ba03bd91ddaeef7b489d,16,0.1,2,1538867543397,Entertainment,1.62,0.375
G8pzytTQe7dSKjE9Q,4bfff88e7484d984ac73692513c5741ed1e780550bf2ba03bd91ddaeef7b489d,17,0.74,2,1538867543398,Entertainment,1.0952,0.515
mpQo9cJBvSbgsHEns,4bfff88e7484d984ac73692513c5741ed1e780550bf2ba03bd91ddaeef7b489d,18,0.87,2,1538867543398,Entertainment,1.5138,0.485
opazZdYWv8k3qFM7f,72762f5becda535ea155d8aa6cc165d4c41ca9f3394be4dbb31c10f09fb5e599,1,0.78,2,1538868916616,Sports,0.09679999999999998,0.595
7PeRyr9EkYHBCT4kh,72762f5becda535ea155d8aa6cc165d4c41ca9f3394be4dbb31c10f09fb5e599,2,0.89,2,1538868916625,Sports,1.5842,0.64
nrWBmXErtHZfkvbe6,72762f5becda535ea155d8aa6cc165d4c41ca9f3394be4dbb31c10f09fb5e599,3,0.68,2,1538868916631,Sports,0.9248000000000002,0.52
yDgfw7QffmBAcwtSN,72762f5becda535ea155d8aa6cc165d4c41ca9f3394be4dbb31c10f09fb5e599,4,1,2,1538868916635,Sports,0,0.665
EpciBf5ES3Kgpmsu7,72762f5becda535ea155d8aa6cc165d4c41ca9f3394be4dbb31c10f09fb5e599,5,0.22,2,1538868916639,Sports,0.0968,0.46
8zujLGa5gkoBsZPpR,72762f5becda535ea155d8aa6cc165d4c41ca9f3394be4dbb31c10f09fb5e599,6,1,2,1538868916643,Sports,2,0.635
9YG9y5ysDaAQwrJ3N,72762f5becda535ea155d8aa6cc165d4c41ca9f3394be4dbb31c10f09fb5e599,7,0.9,2,1538868974318,Politics,1.62,0.645
AaSpTEAvm2TAythQi,72762f5becda535ea155d8aa6cc165d4c41ca9f3394be4dbb31c10f09fb5e599,8,0.74,2,1538868974321,Politics,0.13520000000000001,0.585
Jj4NQKnnyxJCFhjzM,72762f5becda535ea155d8aa6cc165d4c41ca9f3394be4dbb31c10f09fb5e599,9,0.2,2,1538868974326,Politics,0.08000000000000002,0.49
p2XuidZhisrBHBXvq,72762f5becda535ea155d8aa6cc165d4c41ca9f3394be4dbb31c10f09fb5e599,10,0.18,2,1538868974334,Politics,0.0648,0.625
famPq3vtTE2735H4x,72762f5becda535ea155d8aa6cc165d4c41ca9f3394be4dbb31c10f09fb5e599,11,0.6,2,1538868974336,Politics,0.72,0.42
htBFX5JsNtd2bgd2A,72762f5becda535ea155d8aa6cc165d4c41ca9f3394be4dbb31c10f09fb5e599,12,0.2,2,1538868974338,Politics,0.08000000000000002,0.565
HboZQPsBuxi5e8Woq,72762f5becda535ea155d8aa6cc165d4c41ca9f3394be4dbb31c10f09fb5e599,13,0.73,2,1538869020738,Entertainment,1.0657999999999999,0.61
9xGr3Nrk9M62dE7cj,72762f5becda535ea155d8aa6cc165d4c41ca9f3394be4dbb31c10f09fb5e599,14,0.74,2,1538869020740,Entertainment,0.13520000000000001,0.64
onwciPfvrJsgPF6Fd,72762f5becda535ea155d8aa6cc165d4c41ca9f3394be4dbb31c10f09fb5e599,15,0.06,2,1538869020743,Entertainment,0.0072,0.265
Ax49gwzsFyHsX86LR,72762f5becda535ea155d8aa6cc165d4c41ca9f3394be4dbb31c10f09fb5e599,16,0.07,2,1538869020745,Entertainment,1.7297999999999998,0.305
W4pCcqCLYvj5xQwKP,72762f5becda535ea155d8aa6cc165d4c41ca9f3394be4dbb31c10f09fb5e599,17,0.16,2,1538869020747,Entertainment,0.0512,0.42
jn6925Jj5EgAxfKTv,72762f5becda535ea155d8aa6cc165d4c41ca9f3394be4dbb31c10f09fb5e599,18,0.33,2,1538869020750,Entertainment,0.21780000000000002,0.66
EHsKvoa24gWo3Z2hi,15f8752950d5685c2ea1fcf8f4e15a4631437df151b189166ad3813aa2aebb30,1,0.6,2,1538870262332,Sports,0.32000000000000006,0.535
p68zGnLzYtPkJEWqg,15f8752950d5685c2ea1fcf8f4e15a4631437df151b189166ad3813aa2aebb30,2,0.2,2,1538870262332,Sports,0.08000000000000002,0.39
hAHxTh2YnBppQLBju,15f8752950d5685c2ea1fcf8f4e15a4631437df151b189166ad3813aa2aebb30,3,0.15,2,1538870262334,Sports,0.045,0.445
xkYFQHZwCgbL5JdAA,15f8752950d5685c2ea1fcf8f4e15a4631437df151b189166ad3813aa2aebb30,4,0.5,2,1538870262335,Sports,0.5,0.66
9qudJqYxkrqfTK5px,15f8752950d5685c2ea1fcf8f4e15a4631437df151b189166ad3813aa2aebb30,5,0.5,2,1538870262336,Sports,0.5,0.525
w7ME5j4wSpXegaZ8J,15f8752950d5685c2ea1fcf8f4e15a4631437df151b189166ad3813aa2aebb30,6,0.6,2,1538870262336,Sports,0.72,0.6
wedFB4WhuamTpyN9t,15f8752950d5685c2ea1fcf8f4e15a4631437df151b189166ad3813aa2aebb30,7,0.7,2,1538870340185,Politics,0.9799999999999999,0.55
kjKf3oquDv5yp3QzS,15f8752950d5685c2ea1fcf8f4e15a4631437df151b189166ad3813aa2aebb30,8,0.3,2,1538870340186,Politics,0.9799999999999999,0.68
PgkGdhKCgBDFoXixK,15f8752950d5685c2ea1fcf8f4e15a4631437df151b189166ad3813aa2aebb30,9,0.8,2,1538870340186,Politics,1.2800000000000002,0.535
TahErpscuirq9fD2L,15f8752950d5685c2ea1fcf8f4e15a4631437df151b189166ad3813aa2aebb30,10,0.15,2,1538870340187,Politics,0.045,0.45
LPy54yLFwd2WjDtKN,15f8752950d5685c2ea1fcf8f4e15a4631437df151b189166ad3813aa2aebb30,11,0.5,2,1538870340188,Politics,0.5,0.515
7ETASvcuLoJyMw6y6,15f8752950d5685c2ea1fcf8f4e15a4631437df151b189166ad3813aa2aebb30,12,0.1,2,1538870340188,Politics,0.020000000000000004,0.48
QehZcY87PRFycF9TN,15f8752950d5685c2ea1fcf8f4e15a4631437df151b189166ad3813aa2aebb30,13,0.2,2,1538870392921,Entertainment,0.08000000000000002,0.36
HG3MvuJcLjJJcTAkv,15f8752950d5685c2ea1fcf8f4e15a4631437df151b189166ad3813aa2aebb30,14,0.2,2,1538870392922,Entertainment,1.2800000000000002,0.28
XdRt5pqxfyeyBYJbg,15f8752950d5685c2ea1fcf8f4e15a4631437df151b189166ad3813aa2aebb30,15,0.5,2,1538870392922,Entertainment,0.5,0.605
KBNPaXHZRw55siYyp,15f8752950d5685c2ea1fcf8f4e15a4631437df151b189166ad3813aa2aebb30,16,0.5,2,1538870392923,Entertainment,0.5,0.585
2xZdEEg4JSY5hAzwT,15f8752950d5685c2ea1fcf8f4e15a4631437df151b189166ad3813aa2aebb30,17,0.6,2,1538870392923,Entertainment,0.72,0.5
GwGJWt3ZJmTxiLzJQ,15f8752950d5685c2ea1fcf8f4e15a4631437df151b189166ad3813aa2aebb30,18,0.7,2,1538870392924,Entertainment,0.9799999999999999,0.545
gr6FwTnDj9rBRsd68,b4e86919b81c7c56f5f3f428a2e44eebb61bc099049c3426421106f7e4344fc6,1,0.75,2,1538875693357,Sports,0.125,0.605
iic34ERdYPHp6AiS2,b4e86919b81c7c56f5f3f428a2e44eebb61bc099049c3426421106f7e4344fc6,2,0.2,2,1538875693357,Sports,0.08000000000000002,0.38
rxJJZWtSSxfS7Jexr,b4e86919b81c7c56f5f3f428a2e44eebb61bc099049c3426421106f7e4344fc6,3,0.6,2,1538875693357,Sports,0.72,0.5
RFJHBy573XLWG757Y,b4e86919b81c7c56f5f3f428a2e44eebb61bc099049c3426421106f7e4344fc6,4,0.8,2,1538875693362,Sports,0.07999999999999996,0.66
zTRj4TKjSwRJ6sAL4,b4e86919b81c7c56f5f3f428a2e44eebb61bc099049c3426421106f7e4344fc6,5,0.85,2,1538875693362,Sports,1.4449999999999998,0.54
A6GCMAHK3YRmFb5ZM,b4e86919b81c7c56f5f3f428a2e44eebb61bc099049c3426421106f7e4344fc6,6,0.1,2,1538875693362,Sports,0.020000000000000004,0.42
poaqXMako7r7jFT3m,b4e86919b81c7c56f5f3f428a2e44eebb61bc099049c3426421106f7e4344fc6,7,0.9,2,1538875866689,Politics,1.62,0.65
FKjcuwyevMi6WMMMM,b4e86919b81c7c56f5f3f428a2e44eebb61bc099049c3426421106f7e4344fc6,8,0.35,2,1538875866693,Politics,0.8450000000000001,0.7
QgM2X2fciWt65yWDT,b4e86919b81c7c56f5f3f428a2e44eebb61bc099049c3426421106f7e4344fc6,9,0.95,2,1538875866693,Politics,1.805,0.56
hr8LbeKd88QMvW52H,b4e86919b81c7c56f5f3f428a2e44eebb61bc099049c3426421106f7e4344fc6,10,0.6,2,1538875866693,Politics,0.72,0.45
cqA743aXd3hZqSdMQ,b4e86919b81c7c56f5f3f428a2e44eebb61bc099049c3426421106f7e4344fc6,11,0.3,2,1538875866693,Politics,0.18,0.58
74y7CtXrQTJDmnFz5,b4e86919b81c7c56f5f3f428a2e44eebb61bc099049c3426421106f7e4344fc6,12,0.1,2,1538875866696,Politics,0.020000000000000004,0.53
Po4dqyfNdiGvsxy59,b4e86919b81c7c56f5f3f428a2e44eebb61bc099049c3426421106f7e4344fc6,13,0.65,2,1538876020705,Entertainment,0.8450000000000001,0.61
zZ5F9JqKSND4taFWT,b4e86919b81c7c56f5f3f428a2e44eebb61bc099049c3426421106f7e4344fc6,14,0.4,2,1538876020705,Entertainment,0.72,0.66
gm2iT45a2XqMHEkwc,b4e86919b81c7c56f5f3f428a2e44eebb61bc099049c3426421106f7e4344fc6,15,0.01,2,1538876020705,Entertainment,2e-4,0.275
MgpFBkmcouXkpneiF,b4e86919b81c7c56f5f3f428a2e44eebb61bc099049c3426421106f7e4344fc6,16,0.25,2,1538876020705,Entertainment,1.125,0.44
h3pQxCGZPZASPRuaf,b4e86919b81c7c56f5f3f428a2e44eebb61bc099049c3426421106f7e4344fc6,17,0.8,2,1538876020709,Entertainment,1.2800000000000002,0.495
8jtWDRfz9XKEQpC54,b4e86919b81c7c56f5f3f428a2e44eebb61bc099049c3426421106f7e4344fc6,18,0.05,2,1538876020709,Entertainment,0.005000000000000001,0.33
ZGFtRKk535RNCDRaq,a1d943770bc632f8d2c4f1c94cd63409ac64882984be9b6cfd5848e66c2d089b,1,0.5,2,1538880259042,Sports,0.5,0.65
mhQ2iFZG97R6G86wg,a1d943770bc632f8d2c4f1c94cd63409ac64882984be9b6cfd5848e66c2d089b,2,0.36,2,1538880259042,Sports,0.2592,0.675
2sMxW9JNfMdxiqadH,a1d943770bc632f8d2c4f1c94cd63409ac64882984be9b6cfd5848e66c2d089b,3,0.14,2,1538880259043,Sports,0.039200000000000006,0.52
2jtktLyGCck8uk97r,a1d943770bc632f8d2c4f1c94cd63409ac64882984be9b6cfd5848e66c2d089b,4,0.65,2,1538880259043,Sports,0.24499999999999997,0.575
t6Ccx3aFuDGPXtJL3,a1d943770bc632f8d2c4f1c94cd63409ac64882984be9b6cfd5848e66c2d089b,5,0.17,2,1538880259043,Sports,0.05780000000000001,0.48
ARyjukjuRz3uQQcnQ,a1d943770bc632f8d2c4f1c94cd63409ac64882984be9b6cfd5848e66c2d089b,6,0.7,2,1538880259044,Sports,0.9799999999999999,0.55
6zsQwjf5EzLs8YiWA,a1d943770bc632f8d2c4f1c94cd63409ac64882984be9b6cfd5848e66c2d089b,7,0.9,2,1538880261896,Politics,1.62,0.565
fyfzidSisk64Y9JuP,a1d943770bc632f8d2c4f1c94cd63409ac64882984be9b6cfd5848e66c2d089b,8,0.86,2,1538880261897,Politics,0.039200000000000006,0.575
LncxuBGnRarJRFw6c,a1d943770bc632f8d2c4f1c94cd63409ac64882984be9b6cfd5848e66c2d089b,9,0.39,2,1538880261897,Politics,0.3042,0.65
FrDKMrWXk2DNTN4FC,a1d943770bc632f8d2c4f1c94cd63409ac64882984be9b6cfd5848e66c2d089b,10,0.04,2,1538880261898,Politics,0.0032,0.415
hj69rekDKdArPWiw2,a1d943770bc632f8d2c4f1c94cd63409ac64882984be9b6cfd5848e66c2d089b,11,0.14,2,1538880261898,Politics,0.039200000000000006,0.53
uZifyoa8NNrnwqAgG,a1d943770bc632f8d2c4f1c94cd63409ac64882984be9b6cfd5848e66c2d089b,12,0.2,2,1538880261898,Politics,0.08000000000000002,0.545
JiRrRFEG3SjzatXH8,a1d943770bc632f8d2c4f1c94cd63409ac64882984be9b6cfd5848e66c2d089b,13,0.87,2,1538880265976,Entertainment,1.5138,0.57
EbLS95RWR9GA2ByNm,a1d943770bc632f8d2c4f1c94cd63409ac64882984be9b6cfd5848e66c2d089b,14,0.82,2,1538880265977,Entertainment,0.06480000000000004,0.635
rSg4Y73gCYsZjaJwv,a1d943770bc632f8d2c4f1c94cd63409ac64882984be9b6cfd5848e66c2d089b,15,0.92,2,1538880265978,Entertainment,1.6928,0.54
Pm5uYLqRjtFG6MQcz,a1d943770bc632f8d2c4f1c94cd63409ac64882984be9b6cfd5848e66c2d089b,16,0.28,2,1538880265978,Entertainment,1.0368,0.5
Y68HrHGjrBPTq7WKy,a1d943770bc632f8d2c4f1c94cd63409ac64882984be9b6cfd5848e66c2d089b,17,0.16,2,1538880265978,Entertainment,0.0512,0.46
zg8J3ffKKxTf98wha,a1d943770bc632f8d2c4f1c94cd63409ac64882984be9b6cfd5848e66c2d089b,18,0.6,2,1538880265978,Entertainment,0.72,0.49
bYcRAwK9viMZRpzqk,d0fd01df15cf2c78e98e19e68ad03646a392889f0414fc41bb6702aebce2dffd,1,0.69,2,1538881829762,Sports,0.19220000000000007,0.525
hG9uxCTPGCKExztBz,d0fd01df15cf2c78e98e19e68ad03646a392889f0414fc41bb6702aebce2dffd,2,0.39,2,1538881829764,Sports,0.3042,0.565
Pokq4Rr6aynijHxLv,d0fd01df15cf2c78e98e19e68ad03646a392889f0414fc41bb6702aebce2dffd,3,0.46,2,1538881829767,Sports,0.4232,0.49
E6DsgBo3Aaa6dt4kw,d0fd01df15cf2c78e98e19e68ad03646a392889f0414fc41bb6702aebce2dffd,4,0.66,2,1538881829767,Sports,0.23119999999999996,0.6
ShtqFhE46zmkBB8bZ,d0fd01df15cf2c78e98e19e68ad03646a392889f0414fc41bb6702aebce2dffd,5,0.44,2,1538881829768,Sports,0.3872,0.555
ST9AEQ3XengDhXRbb,d0fd01df15cf2c78e98e19e68ad03646a392889f0414fc41bb6702aebce2dffd,6,0.56,2,1538881829770,Sports,0.6272000000000001,0.555
ufiaRHD2S7QQZ7hju,d0fd01df15cf2c78e98e19e68ad03646a392889f0414fc41bb6702aebce2dffd,7,0.83,2,1538881925269,Politics,1.3778,0.61
nToWZgT6hGFDEjAy6,d0fd01df15cf2c78e98e19e68ad03646a392889f0414fc41bb6702aebce2dffd,8,0.45,2,1538881925270,Politics,0.6050000000000001,0.605
rpFnFT8zSXKR4kr4k,d0fd01df15cf2c78e98e19e68ad03646a392889f0414fc41bb6702aebce2dffd,9,0.4,2,1538881925270,Politics,0.32000000000000006,0.525
tg2eoqtfBPPqzru4a,d0fd01df15cf2c78e98e19e68ad03646a392889f0414fc41bb6702aebce2dffd,10,0.22,2,1538881925272,Politics,0.0968,0.375
YGQ9iXdewsNXd6JjK,d0fd01df15cf2c78e98e19e68ad03646a392889f0414fc41bb6702aebce2dffd,11,0.12,2,1538881925273,Politics,0.0288,0.405
vC2PP7jw5EhkNk8y4,d0fd01df15cf2c78e98e19e68ad03646a392889f0414fc41bb6702aebce2dffd,12,0.04,2,1538881925275,Politics,0.0032,0.31
fBaeC9KnhqTb5mhR3,d0fd01df15cf2c78e98e19e68ad03646a392889f0414fc41bb6702aebce2dffd,13,0.69,2,1538881985530,Entertainment,0.9521999999999998,0.565
GFjEQk2ppEsPWAmj5,d0fd01df15cf2c78e98e19e68ad03646a392889f0414fc41bb6702aebce2dffd,14,0.37,2,1538881985531,Entertainment,0.7938000000000001,0.595
KB6F3eWunQKc9bmem,d0fd01df15cf2c78e98e19e68ad03646a392889f0414fc41bb6702aebce2dffd,15,0.28,2,1538881985532,Entertainment,0.15680000000000002,0.4
8tp9ePvCQNyP4hM4m,d0fd01df15cf2c78e98e19e68ad03646a392889f0414fc41bb6702aebce2dffd,16,0.39,2,1538881985532,Entertainment,0.7442,0.62
WuA3rWkK6GXLfzfRX,d0fd01df15cf2c78e98e19e68ad03646a392889f0414fc41bb6702aebce2dffd,17,0.43,2,1538881985534,Entertainment,0.36979999999999996,0.57
PQkXPYJ2LCaRkNBWi,d0fd01df15cf2c78e98e19e68ad03646a392889f0414fc41bb6702aebce2dffd,18,0.33,2,1538881985534,Entertainment,0.21780000000000002,0.64
YLj4rzs9cKPEKv99K,9d5f90da0aabb517c1c0ffba690ebbdf81646921c008f538c31f5da2242997c6,1,0.71,2,1538892693422,Sports,0.16820000000000004,0.525
MwTAR8mwrXTqysyYn,9d5f90da0aabb517c1c0ffba690ebbdf81646921c008f538c31f5da2242997c6,2,0.61,2,1538892693424,Sports,0.7442,0.57
6Y3aQMhe3AqaFuAjY,9d5f90da0aabb517c1c0ffba690ebbdf81646921c008f538c31f5da2242997c6,3,0.39,2,1538892693425,Sports,0.3042,0.565
NSxd3bZ4TEyRCDx3e,9d5f90da0aabb517c1c0ffba690ebbdf81646921c008f538c31f5da2242997c6,4,0.47,2,1538892693426,Sports,0.5618000000000001,0.625
pGZXMWbKRKgq2Sdg3,9d5f90da0aabb517c1c0ffba690ebbdf81646921c008f538c31f5da2242997c6,5,0.34,2,1538892693427,Sports,0.23120000000000004,0.605
DraivvQvdykwe7yQN,9d5f90da0aabb517c1c0ffba690ebbdf81646921c008f538c31f5da2242997c6,6,0.86,2,1538892693428,Sports,1.4791999999999998,0.51
GDKeY3o7zfTie6iEA,9d5f90da0aabb517c1c0ffba690ebbdf81646921c008f538c31f5da2242997c6,7,0.92,2,1538892784004,Politics,1.6928,0.56
SZjMBCnbPFM9XfmxE,9d5f90da0aabb517c1c0ffba690ebbdf81646921c008f538c31f5da2242997c6,8,0.9,2,1538892784005,Politics,0.01999999999999999,0.525
Efozmzn2tE2zHZk7Y,9d5f90da0aabb517c1c0ffba690ebbdf81646921c008f538c31f5da2242997c6,9,0.91,2,1538892784006,Politics,1.6562000000000001,0.505
EdZSQhTSfHnSQFEpX,9d5f90da0aabb517c1c0ffba690ebbdf81646921c008f538c31f5da2242997c6,10,0.11,2,1538892784007,Politics,0.0242,0.395
FxjFJkcoH6fysc3Hb,9d5f90da0aabb517c1c0ffba690ebbdf81646921c008f538c31f5da2242997c6,11,0.7,2,1538892784009,Politics,0.9799999999999999,0.385
Wmn7iNgX8BDFNeA7h,9d5f90da0aabb517c1c0ffba690ebbdf81646921c008f538c31f5da2242997c6,12,0.39,2,1538892784010,Politics,0.3042,0.565
3LMNBuX2MffBg2F5a,9d5f90da0aabb517c1c0ffba690ebbdf81646921c008f538c31f5da2242997c6,13,0.63,2,1538892805701,Entertainment,0.7938000000000001,0.55
YtwFyRPvJqw4NXDBj,9d5f90da0aabb517c1c0ffba690ebbdf81646921c008f538c31f5da2242997c6,14,0.23,2,1538892805702,Entertainment,1.1858,0.26
evpggaNJMbCgPuivZ,9d5f90da0aabb517c1c0ffba690ebbdf81646921c008f538c31f5da2242997c6,15,0.77,2,1538892805703,Entertainment,1.1858,0.525
npN8GrpsDfhCCkvZv,9d5f90da0aabb517c1c0ffba690ebbdf81646921c008f538c31f5da2242997c6,16,0.32,2,1538892805704,Entertainment,0.9247999999999998,0.58
PTg8agzMax5KsS3QG,9d5f90da0aabb517c1c0ffba690ebbdf81646921c008f538c31f5da2242997c6,17,0.61,2,1538892805705,Entertainment,0.7442,0.46
vxEZwSAHzRtdxWpok,9d5f90da0aabb517c1c0ffba690ebbdf81646921c008f538c31f5da2242997c6,18,0.25,2,1538892805705,Entertainment,0.125,0.405
TYk4AgQGJ4q2XpG38,c176a2f2b5b856b27cac676635a1bf860cb812db5ee7ffc0c43837fe8591bbd3,1,0.97,2,1538894898085,Sports,0.0018000000000000032,0.555
J45ou2r6mTp5GJJ4q,c176a2f2b5b856b27cac676635a1bf860cb812db5ee7ffc0c43837fe8591bbd3,2,0.55,2,1538894898089,Sports,0.6050000000000001,0.535
9PXmsQxCpxbb7PCDH,c176a2f2b5b856b27cac676635a1bf860cb812db5ee7ffc0c43837fe8591bbd3,3,0.9,2,1538894898089,Sports,1.62,0.405
aXdEjbucA2F5pbGBB,c176a2f2b5b856b27cac676635a1bf860cb812db5ee7ffc0c43837fe8591bbd3,4,0.64,2,1538894898089,Sports,0.2592,0.57
qAAZiQ75X35XohFNF,c176a2f2b5b856b27cac676635a1bf860cb812db5ee7ffc0c43837fe8591bbd3,5,0.87,2,1538894898089,Sports,1.5138,0.47
maN7Ft3QXaq8vbrru,c176a2f2b5b856b27cac676635a1bf860cb812db5ee7ffc0c43837fe8591bbd3,6,0.94,2,1538894898093,Sports,1.7671999999999999,0.47
kAPRMr4zAa22LY5p2,c176a2f2b5b856b27cac676635a1bf860cb812db5ee7ffc0c43837fe8591bbd3,7,0.6,2,1538894949722,Politics,0.72,0.585
Gt3kAGRgnyDcajifY,c176a2f2b5b856b27cac676635a1bf860cb812db5ee7ffc0c43837fe8591bbd3,8,0.58,2,1538894949722,Politics,0.35280000000000006,0.56
Dseavmpgj4684wc4z,c176a2f2b5b856b27cac676635a1bf860cb812db5ee7ffc0c43837fe8591bbd3,9,0.59,2,1538894949722,Politics,0.6961999999999999,0.595
nKg9ETKod3FA5RgFP,c176a2f2b5b856b27cac676635a1bf860cb812db5ee7ffc0c43837fe8591bbd3,10,0.82,2,1538894949726,Politics,1.3447999999999998,0.375
BcHAzemefvPgMWjA9,c176a2f2b5b856b27cac676635a1bf860cb812db5ee7ffc0c43837fe8591bbd3,11,0.57,2,1538894949726,Politics,0.6497999999999999,0.365
z2T47NnyXFqRHQCFX,c176a2f2b5b856b27cac676635a1bf860cb812db5ee7ffc0c43837fe8591bbd3,12,0.46,2,1538894949726,Politics,0.4232,0.375
8EkLYctSppECgaQkY,c176a2f2b5b856b27cac676635a1bf860cb812db5ee7ffc0c43837fe8591bbd3,13,1,2,1538894981991,Entertainment,2,0.525
gc9BAX8v9uJpoyyGA,c176a2f2b5b856b27cac676635a1bf860cb812db5ee7ffc0c43837fe8591bbd3,14,0.58,2,1538894981991,Entertainment,0.35280000000000006,0.605
MvFAMi8GWNYKj9aDv,c176a2f2b5b856b27cac676635a1bf860cb812db5ee7ffc0c43837fe8591bbd3,15,0.86,2,1538894981991,Entertainment,1.4791999999999998,0.485
x36xsvv3voPtsBTtY,c176a2f2b5b856b27cac676635a1bf860cb812db5ee7ffc0c43837fe8591bbd3,16,0.58,2,1538894981991,Entertainment,0.35280000000000006,0.535
4eng5AfkiWnkxL7WY,c176a2f2b5b856b27cac676635a1bf860cb812db5ee7ffc0c43837fe8591bbd3,17,0.63,2,1538894981995,Entertainment,0.7938000000000001,0.49
Nosds3CbzhNKuNtki,c176a2f2b5b856b27cac676635a1bf860cb812db5ee7ffc0c43837fe8591bbd3,18,0.53,2,1538894981995,Entertainment,0.5618000000000001,0.46
nuBFSq4sinzWDat9M,f7c3efdfd1264cb37fc8a47c6e26e7abe5c4a033456617824b3a367fb4b61195,1,0.5,2,1538898878826,Sports,0.5,0.67
bPSFExWkpZBRFmPfp,f7c3efdfd1264cb37fc8a47c6e26e7abe5c4a033456617824b3a367fb4b61195,2,0.61,2,1538898878827,Sports,0.7442,0.675
DNKubCePn8SkMHL54,f7c3efdfd1264cb37fc8a47c6e26e7abe5c4a033456617824b3a367fb4b61195,3,0.81,2,1538898878827,Sports,1.3122000000000003,0.565
L59AtpcgWjtYtub7N,f7c3efdfd1264cb37fc8a47c6e26e7abe5c4a033456617824b3a367fb4b61195,4,1,2,1538898878827,Sports,0,0.68
ACYkEXXZDYwSesdAA,f7c3efdfd1264cb37fc8a47c6e26e7abe5c4a033456617824b3a367fb4b61195,5,0.33,2,1538898878827,Sports,0.21780000000000002,0.675
4LMCCHCnd6qTcYgaF,f7c3efdfd1264cb37fc8a47c6e26e7abe5c4a033456617824b3a367fb4b61195,6,0.67,2,1538898878827,Sports,0.8978000000000002,0.58
NvpYJHAaL5exB3MHY,f7c3efdfd1264cb37fc8a47c6e26e7abe5c4a033456617824b3a367fb4b61195,7,1,2,1538899040842,Politics,2,0.635
5fE9DAfFPCuY78CWk,f7c3efdfd1264cb37fc8a47c6e26e7abe5c4a033456617824b3a367fb4b61195,8,0.4,2,1538899040843,Politics,0.72,0.65
nxZRCPrEwHwAfNdwk,f7c3efdfd1264cb37fc8a47c6e26e7abe5c4a033456617824b3a367fb4b61195,9,0,2,1538899040843,Politics,0,0.325
EemTnqpnrdYWHtutb,f7c3efdfd1264cb37fc8a47c6e26e7abe5c4a033456617824b3a367fb4b61195,10,0.25,2,1538899040843,Politics,0.125,0.545
mZFJbTp5nNi6xX8eb,f7c3efdfd1264cb37fc8a47c6e26e7abe5c4a033456617824b3a367fb4b61195,11,0.15,2,1538899040843,Politics,0.045,0.545
yQ6tZniXw2oTRcvEy,f7c3efdfd1264cb37fc8a47c6e26e7abe5c4a033456617824b3a367fb4b61195,12,0,2,1538899040843,Politics,0,0.495
F5rrk6syW6W5qy7gh,f7c3efdfd1264cb37fc8a47c6e26e7abe5c4a033456617824b3a367fb4b61195,13,0,2,1538899129967,Entertainment,0,0.35
LDKeXLbRg58uW82MY,f7c3efdfd1264cb37fc8a47c6e26e7abe5c4a033456617824b3a367fb4b61195,14,1,2,1538899129968,Entertainment,0,0.635
xzR7NpWsvBdAoddb7,f7c3efdfd1264cb37fc8a47c6e26e7abe5c4a033456617824b3a367fb4b61195,15,1,2,1538899129968,Entertainment,2,0.62
n3HLMy3gC9firJBpt,f7c3efdfd1264cb37fc8a47c6e26e7abe5c4a033456617824b3a367fb4b61195,16,0,2,1538899129968,Entertainment,2,0.29
vJwvNZkRW6ucSW2kS,f7c3efdfd1264cb37fc8a47c6e26e7abe5c4a033456617824b3a367fb4b61195,17,0,2,1538899129968,Entertainment,0,0.3
Q2Lbh3a8nDW2PNw94,f7c3efdfd1264cb37fc8a47c6e26e7abe5c4a033456617824b3a367fb4b61195,18,0.25,2,1538899129968,Entertainment,0.125,0.49
sRWYbpxTknXWLsszE,3fde135911e46c248adbe91de4c5b2609e10f160b416fdc208db6ef082df3128,1,0.003,2,1538905292212,Sports,1.988018,0.32
cLf8CCnk7marsacwt,3fde135911e46c248adbe91de4c5b2609e10f160b416fdc208db6ef082df3128,2,0.7,2,1538905292212,Sports,0.9799999999999999,0.595
Tjc5koMJaPt4NyWZp,3fde135911e46c248adbe91de4c5b2609e10f160b416fdc208db6ef082df3128,3,0.23,2,1538905292213,Sports,0.1058,0.57
DErbmd4JJ7RPmpYzs,3fde135911e46c248adbe91de4c5b2609e10f160b416fdc208db6ef082df3128,4,0.63,2,1538905292213,Sports,0.2738,0.725
fmem3c2TWQGbvyptE,3fde135911e46c248adbe91de4c5b2609e10f160b416fdc208db6ef082df3128,5,0.07,2,1538905292213,Sports,0.009800000000000001,0.35
PJGvuPXa2eYZJADmD,3fde135911e46c248adbe91de4c5b2609e10f160b416fdc208db6ef082df3128,6,0.15,2,1538905292214,Sports,0.045,0.455
vssvXdSgNH4qX9YHG,3fde135911e46c248adbe91de4c5b2609e10f160b416fdc208db6ef082df3128,7,0.67,2,1538905388202,Politics,0.8978000000000002,0.655
uL6N597eWE4NxBKkS,3fde135911e46c248adbe91de4c5b2609e10f160b416fdc208db6ef082df3128,8,0.59,2,1538905388202,Politics,0.33620000000000005,0.67
pthCs9YqzBgBWuFAM,3fde135911e46c248adbe91de4c5b2609e10f160b416fdc208db6ef082df3128,9,0.19,2,1538905388202,Politics,0.0722,0.46
wTDbNdyukgmWPatmL,3fde135911e46c248adbe91de4c5b2609e10f160b416fdc208db6ef082df3128,10,0.04,2,1538905388202,Politics,0.0032,0.425
5MM6f2HnAGEEoMuxs,3fde135911e46c248adbe91de4c5b2609e10f160b416fdc208db6ef082df3128,11,0.32,2,1538905388202,Politics,0.2048,0.61
hr97Zxnb3MbrX63dm,3fde135911e46c248adbe91de4c5b2609e10f160b416fdc208db6ef082df3128,12,0,2,1538905388203,Politics,0,0.515
cAgrJ7kZCXYqoBy3k,3fde135911e46c248adbe91de4c5b2609e10f160b416fdc208db6ef082df3128,13,0.9,2,1538905782713,Entertainment,1.62,0.59
z8Kh2XWtXE3RxXFTZ,3fde135911e46c248adbe91de4c5b2609e10f160b416fdc208db6ef082df3128,14,0.95,2,1538905782714,Entertainment,0.005000000000000009,0.68
RvvPSTLxKsxJFiyGB,3fde135911e46c248adbe91de4c5b2609e10f160b416fdc208db6ef082df3128,15,0.57,2,1538905782714,Entertainment,0.6497999999999999,0.645
EniKpuNkLEqbW5Lwo,3fde135911e46c248adbe91de4c5b2609e10f160b416fdc208db6ef082df3128,16,0.68,2,1538905782714,Entertainment,0.20479999999999993,0.62
dKKMczR9CFCEDgsec,3fde135911e46c248adbe91de4c5b2609e10f160b416fdc208db6ef082df3128,17,0.08,2,1538905782715,Entertainment,0.0128,0.33
D6ECj8AFc4xZZ4QFx,3fde135911e46c248adbe91de4c5b2609e10f160b416fdc208db6ef082df3128,18,0.19,2,1538905782716,Entertainment,0.0722,0.51
eT2dTxSmMDvS8sMAh,2294faa181f2154c85e88ccd1ea5a68d3dd9bd2b25960a18c873009206f1b268,1,0.56,2,1538912635994,Sports,0.38719999999999993,0.625
wPPwvPymyQwSrcvXm,2294faa181f2154c85e88ccd1ea5a68d3dd9bd2b25960a18c873009206f1b268,2,0.66,2,1538912635995,Sports,0.8712000000000001,0.54
AiT4NtkRfjcyR4pgM,2294faa181f2154c85e88ccd1ea5a68d3dd9bd2b25960a18c873009206f1b268,3,0.67,2,1538912635995,Sports,0.8978000000000002,0.455
97LvrmiSWrF47hdKg,2294faa181f2154c85e88ccd1ea5a68d3dd9bd2b25960a18c873009206f1b268,4,0.24,2,1538912635995,Sports,1.1552,0.3
GC7zY6Zb4Sgf5x3dK,2294faa181f2154c85e88ccd1ea5a68d3dd9bd2b25960a18c873009206f1b268,5,0.61,2,1538912635996,Sports,0.7442,0.515
LWG2XNX5BbfFubKWz,2294faa181f2154c85e88ccd1ea5a68d3dd9bd2b25960a18c873009206f1b268,6,0.6,2,1538912635996,Sports,0.72,0.465
AXDTqyzSzPkwZYkDs,2294faa181f2154c85e88ccd1ea5a68d3dd9bd2b25960a18c873009206f1b268,7,0.67,2,1538912642752,Politics,0.8978000000000002,0.6
uwMbt7NuerqQaBbbS,2294faa181f2154c85e88ccd1ea5a68d3dd9bd2b25960a18c873009206f1b268,8,0.67,2,1538912642753,Politics,0.21779999999999994,0.59
fznXYp6jRnivRZpur,2294faa181f2154c85e88ccd1ea5a68d3dd9bd2b25960a18c873009206f1b268,9,0.43,2,1538912642753,Politics,0.36979999999999996,0.58
iv9ABuujJdtaenrfG,2294faa181f2154c85e88ccd1ea5a68d3dd9bd2b25960a18c873009206f1b268,10,0.53,2,1538912642753,Politics,0.5618000000000001,0.435
7JtGWchZJEQ2Nme7D,2294faa181f2154c85e88ccd1ea5a68d3dd9bd2b25960a18c873009206f1b268,11,0.33,2,1538912642753,Politics,0.21780000000000002,0.51
H4cbttFmjZhwamJ4E,2294faa181f2154c85e88ccd1ea5a68d3dd9bd2b25960a18c873009206f1b268,12,0.36,2,1538912642753,Politics,0.2592,0.49
HHBwJMJYH6ophcXZ3,2294faa181f2154c85e88ccd1ea5a68d3dd9bd2b25960a18c873009206f1b268,13,0.67,2,1538912645545,Entertainment,0.8978000000000002,0.52
i8FJRwxhqLqFEXxc5,2294faa181f2154c85e88ccd1ea5a68d3dd9bd2b25960a18c873009206f1b268,14,0.42,2,1538912645546,Entertainment,0.6728000000000002,0.64
r88gNzbNGv7tcSYiY,2294faa181f2154c85e88ccd1ea5a68d3dd9bd2b25960a18c873009206f1b268,15,0.28,2,1538912645546,Entertainment,0.15680000000000002,0.44
ojydTDiCt7EwPRkNF,2294faa181f2154c85e88ccd1ea5a68d3dd9bd2b25960a18c873009206f1b268,16,0.25,2,1538912645547,Entertainment,1.125,0.415
QdSY59W9xNGfLvXGf,2294faa181f2154c85e88ccd1ea5a68d3dd9bd2b25960a18c873009206f1b268,17,0.39,2,1538912645547,Entertainment,0.3042,0.59
vvr7hEce6bJzhXJr3,2294faa181f2154c85e88ccd1ea5a68d3dd9bd2b25960a18c873009206f1b268,18,0.22,2,1538912645547,Entertainment,0.0968,0.445
TvmiwqKh3p9BBGCnD,b4486485137d20ef0dd9c9b819c0da0904451df578dcaedcfef2dfd386903577,1,0.66,2,1538912863247,Sports,0.23119999999999996,0.565
6eZLNSooeiN8kbxSY,b4486485137d20ef0dd9c9b819c0da0904451df578dcaedcfef2dfd386903577,2,0.38,2,1538912863248,Sports,0.2888,0.65
RSvtTZfm7pxQihnQ5,b4486485137d20ef0dd9c9b819c0da0904451df578dcaedcfef2dfd386903577,3,0.75,2,1538912863250,Sports,1.125,0.415
wFjXp8HCycTapbXGg,b4486485137d20ef0dd9c9b819c0da0904451df578dcaedcfef2dfd386903577,4,0.84,2,1538912863252,Sports,0.05120000000000002,0.635
GGdLwk95P53D9vL3A,b4486485137d20ef0dd9c9b819c0da0904451df578dcaedcfef2dfd386903577,5,0.32,2,1538912863252,Sports,0.2048,0.65
Eh5JtN2ZfZugJ7gKQ,b4486485137d20ef0dd9c9b819c0da0904451df578dcaedcfef2dfd386903577,6,0.66,2,1538912863252,Sports,0.8712000000000001,0.49
rsTjWbrDHBtEor5r4,b4486485137d20ef0dd9c9b819c0da0904451df578dcaedcfef2dfd386903577,7,0.98,2,1538912959957,Politics,1.9207999999999998,0.62
yHyauEf6JLsyZyXxE,b4486485137d20ef0dd9c9b819c0da0904451df578dcaedcfef2dfd386903577,8,0.21,2,1538912959959,Politics,1.2482000000000002,0.38
zZWjeT7SdtmGT7dwi,b4486485137d20ef0dd9c9b819c0da0904451df578dcaedcfef2dfd386903577,9,0.66,2,1538912959959,Politics,0.8712000000000001,0.555
3c8sx57j5TARfsRN6,b4486485137d20ef0dd9c9b819c0da0904451df578dcaedcfef2dfd386903577,10,0.31,2,1538912959959,Politics,0.1922,0.545
mbv84gHxqibPQokdm,b4486485137d20ef0dd9c9b819c0da0904451df578dcaedcfef2dfd386903577,11,0.16,2,1538912959961,Politics,0.0512,0.4
TfKFdSGwyAiQoGRep,b4486485137d20ef0dd9c9b819c0da0904451df578dcaedcfef2dfd386903577,12,0.19,2,1538912959962,Politics,0.0722,0.495
mxMLGDeqmNiGZA35S,b4486485137d20ef0dd9c9b819c0da0904451df578dcaedcfef2dfd386903577,13,0.75,2,1538913018021,Entertainment,1.125,0.55
DkoPwgf5rzM5Lsnhh,b4486485137d20ef0dd9c9b819c0da0904451df578dcaedcfef2dfd386903577,14,0.83,2,1538913018022,Entertainment,0.057800000000000025,0.605
qLDHParEg2tounSxY,b4486485137d20ef0dd9c9b819c0da0904451df578dcaedcfef2dfd386903577,15,0.85,2,1538913018022,Entertainment,1.4449999999999998,0.515
kQwJGu8mLdRxM5ogL,b4486485137d20ef0dd9c9b819c0da0904451df578dcaedcfef2dfd386903577,16,0.76,2,1538913018023,Entertainment,0.1152,0.485
tnp3bMdJBLhowQQ2K,b4486485137d20ef0dd9c9b819c0da0904451df578dcaedcfef2dfd386903577,17,0.88,2,1538913018024,Entertainment,1.5488,0.5
5NCNWWWyRuG9JCXon,b4486485137d20ef0dd9c9b819c0da0904451df578dcaedcfef2dfd386903577,18,0.77,2,1538913018024,Entertainment,1.1858,0.515
CXr6MTAFXEBcfL3H5,07fb13639472f29f41647d60c0f43bf55c3981ddde1c780102f538f3b3b49ee5,1,0,2,1538918453478,Sports,2,0.245
EuytAtWYoY8oumPH3,07fb13639472f29f41647d60c0f43bf55c3981ddde1c780102f538f3b3b49ee5,2,1,2,1538918453482,Sports,2,0.63
wgYDSsmRDfsYGT5hA,07fb13639472f29f41647d60c0f43bf55c3981ddde1c780102f538f3b3b49ee5,3,0,2,1538918453483,Sports,0,0.4
ajmFFMKmJWGWYCcoA,07fb13639472f29f41647d60c0f43bf55c3981ddde1c780102f538f3b3b49ee5,4,0.61,2,1538918453484,Sports,0.3042,0.655
jWSjFSnxZLLSFPvbw,07fb13639472f29f41647d60c0f43bf55c3981ddde1c780102f538f3b3b49ee5,5,0,2,1538918453485,Sports,0,0.275
yELnf3A5yjBiu4CJ3,07fb13639472f29f41647d60c0f43bf55c3981ddde1c780102f538f3b3b49ee5,6,0,2,1538918453486,Sports,0,0.3
sJuTr4wNeWd5LewTX,07fb13639472f29f41647d60c0f43bf55c3981ddde1c780102f538f3b3b49ee5,7,0.28,2,1538918500764,Politics,0.15680000000000002,0.38
GHfQhjdmgfnfDPBZz,07fb13639472f29f41647d60c0f43bf55c3981ddde1c780102f538f3b3b49ee5,8,0.61,2,1538918500767,Politics,0.3042,0.655
MyrcjKis8bPxaQjEP,07fb13639472f29f41647d60c0f43bf55c3981ddde1c780102f538f3b3b49ee5,9,0.31,2,1538918500768,Politics,0.1922,0.695
W58Ag3z5dFf9LRkW2,07fb13639472f29f41647d60c0f43bf55c3981ddde1c780102f538f3b3b49ee5,10,0,2,1538918500769,Politics,0,0.43
cy3wPKkZtihCmZtHd,07fb13639472f29f41647d60c0f43bf55c3981ddde1c780102f538f3b3b49ee5,11,0.3,2,1538918500770,Politics,0.18,0.61
xge78t94CHhMxoRP7,07fb13639472f29f41647d60c0f43bf55c3981ddde1c780102f538f3b3b49ee5,12,0.32,2,1538918500771,Politics,0.2048,0.59
586hqfW5Jo8KrfMJB,07fb13639472f29f41647d60c0f43bf55c3981ddde1c780102f538f3b3b49ee5,13,1,2,1538918535424,Entertainment,2,0.595
aNWqLtvA6PWhecfrA,07fb13639472f29f41647d60c0f43bf55c3981ddde1c780102f538f3b3b49ee5,14,0.76,2,1538918535426,Entertainment,0.1152,0.68
a54bZNa8zDJXBgAe4,07fb13639472f29f41647d60c0f43bf55c3981ddde1c780102f538f3b3b49ee5,15,0.26,2,1538918535428,Entertainment,0.13520000000000001,0.495
DkkewzyYCvkt5kiMM,07fb13639472f29f41647d60c0f43bf55c3981ddde1c780102f538f3b3b49ee5,16,0.69,2,1538918535429,Entertainment,0.19220000000000007,0.585
QvnxGJsuJXxCXhfeC,07fb13639472f29f41647d60c0f43bf55c3981ddde1c780102f538f3b3b49ee5,17,0.7,2,1538918535430,Entertainment,0.9799999999999999,0.57
sjd3XqGTBFgb7Nhtd,07fb13639472f29f41647d60c0f43bf55c3981ddde1c780102f538f3b3b49ee5,18,0.71,2,1538918535431,Entertainment,1.0082,0.505
tzPhnw2af7QRtYyke,4e22259eae9b9a18412ad127fc3ca422acd4230c630bdcf05eff60073b0244fa,1,0.25,2,1538919828555,Sports,1.125,0.435
EZ2cXksNTrBNicppK,4e22259eae9b9a18412ad127fc3ca422acd4230c630bdcf05eff60073b0244fa,2,0.25,2,1538919828559,Sports,0.125,0.45
hkA5CrJfCXSq7MuTq,4e22259eae9b9a18412ad127fc3ca422acd4230c630bdcf05eff60073b0244fa,3,0.5,2,1538919828563,Sports,0.5,0.57
Aybsmt5SbCB9NCp2C,4e22259eae9b9a18412ad127fc3ca422acd4230c630bdcf05eff60073b0244fa,4,0.83,2,1538919828566,Sports,0.057800000000000025,0.74
gzPx7vuAkNddFAdJZ,4e22259eae9b9a18412ad127fc3ca422acd4230c630bdcf05eff60073b0244fa,5,0.25,2,1538919828569,Sports,0.125,0.555
6DJ8EwbgNMroo3n3B,4e22259eae9b9a18412ad127fc3ca422acd4230c630bdcf05eff60073b0244fa,6,0.2,2,1538919828571,Sports,0.08000000000000002,0.45
XCP9gNi4zmKsRj2Q7,4e22259eae9b9a18412ad127fc3ca422acd4230c630bdcf05eff60073b0244fa,7,1,2,1538919839432,Politics,2,0.625
yAxFvpoaqy6bLY3p5,4e22259eae9b9a18412ad127fc3ca422acd4230c630bdcf05eff60073b0244fa,8,1,2,1538919839438,Politics,0,0.675
i5tvnryQ8cQG4Puzp,4e22259eae9b9a18412ad127fc3ca422acd4230c630bdcf05eff60073b0244fa,9,0,2,1538919839442,Politics,0,0.255
kiNLu64zaAEXgegdd,4e22259eae9b9a18412ad127fc3ca422acd4230c630bdcf05eff60073b0244fa,10,0.5,2,1538919839445,Politics,0.5,0.54
AyN9eWovRFmb9zREW,4e22259eae9b9a18412ad127fc3ca422acd4230c630bdcf05eff60073b0244fa,11,0,2,1538919839448,Politics,0,0.395
oYiCG7CNbd4C4Bb9z,4e22259eae9b9a18412ad127fc3ca422acd4230c630bdcf05eff60073b0244fa,12,0.5,2,1538919839451,Politics,0.5,0.475
oteuYiDQnLfRmYrEc,4e22259eae9b9a18412ad127fc3ca422acd4230c630bdcf05eff60073b0244fa,13,0,2,1538919848500,Entertainment,0,0.3
fTDYQwSYjmiPgS7Rt,4e22259eae9b9a18412ad127fc3ca422acd4230c630bdcf05eff60073b0244fa,14,1,2,1538919848502,Entertainment,0,0.665
8LtjNH3oPyvDRFt5u,4e22259eae9b9a18412ad127fc3ca422acd4230c630bdcf05eff60073b0244fa,15,0.5,2,1538919848505,Entertainment,0.5,0.665
25w7tqXkSgfDLgnBh,4e22259eae9b9a18412ad127fc3ca422acd4230c630bdcf05eff60073b0244fa,16,0,2,1538919848506,Entertainment,2,0.335
MXCkqSsH8DG722Ris,4e22259eae9b9a18412ad127fc3ca422acd4230c630bdcf05eff60073b0244fa,17,1,2,1538919848508,Entertainment,2,0.535
o53N2sfdmDjXCFX44,4e22259eae9b9a18412ad127fc3ca422acd4230c630bdcf05eff60073b0244fa,18,0,2,1538919848516,Entertainment,0,0.38
cYFgsjQsEmqk9Z29j,37edd684b7aeb1d4120e0ea24d2f5ecd383c05e2cdbecc8ca28893fe0b1f38ff,1,0.6,2,1538924170377,Sports,0.32000000000000006,0.52
LYrmaes6sNdryPLLm,37edd684b7aeb1d4120e0ea24d2f5ecd383c05e2cdbecc8ca28893fe0b1f38ff,2,0.05,2,1538924170377,Sports,0.005000000000000001,0.24
FQM2cZXt96jvQnCMe,37edd684b7aeb1d4120e0ea24d2f5ecd383c05e2cdbecc8ca28893fe0b1f38ff,3,0.5,2,1538924170377,Sports,0.5,0.55
4tFdeZzPS4ZDiBB2G,37edd684b7aeb1d4120e0ea24d2f5ecd383c05e2cdbecc8ca28893fe0b1f38ff,4,0.7,2,1538924170377,Sports,0.18000000000000005,0.69
6ErdtwYYiJxe9qKbr,37edd684b7aeb1d4120e0ea24d2f5ecd383c05e2cdbecc8ca28893fe0b1f38ff,5,0.3,2,1538924170377,Sports,0.18,0.625
QPWLfEJ4amcKTXh7T,37edd684b7aeb1d4120e0ea24d2f5ecd383c05e2cdbecc8ca28893fe0b1f38ff,6,0.1,2,1538924170377,Sports,0.020000000000000004,0.41
MsXKRR4gTaDuRwPEH,37edd684b7aeb1d4120e0ea24d2f5ecd383c05e2cdbecc8ca28893fe0b1f38ff,7,0.5,2,1538924173558,Politics,0.5,0.685
qnZgTfShtRauh3vko,37edd684b7aeb1d4120e0ea24d2f5ecd383c05e2cdbecc8ca28893fe0b1f38ff,8,0.75,2,1538924173558,Politics,0.125,0.61
44QNJq9PWgYn8uWqF,37edd684b7aeb1d4120e0ea24d2f5ecd383c05e2cdbecc8ca28893fe0b1f38ff,9,0.5,2,1538924173558,Politics,0.5,0.6
vLEtbQ6cfKjym5nM6,37edd684b7aeb1d4120e0ea24d2f5ecd383c05e2cdbecc8ca28893fe0b1f38ff,10,0.05,2,1538924173558,Politics,0.005000000000000001,0.41
4YJKpBnL9uzgmhHdt,37edd684b7aeb1d4120e0ea24d2f5ecd383c05e2cdbecc8ca28893fe0b1f38ff,11,0,2,1538924173558,Politics,0,0.37
aEzaKYBRsFnNJX4ZH,37edd684b7aeb1d4120e0ea24d2f5ecd383c05e2cdbecc8ca28893fe0b1f38ff,12,0.5,2,1538924173558,Politics,0.5,0.475
Z4sTo2AZtMzMfCSX9,37edd684b7aeb1d4120e0ea24d2f5ecd383c05e2cdbecc8ca28893fe0b1f38ff,13,0.75,2,1538924178927,Entertainment,1.125,0.595
8hceAKSao9ZGPEg89,37edd684b7aeb1d4120e0ea24d2f5ecd383c05e2cdbecc8ca28893fe0b1f38ff,14,0.5,2,1538924178927,Entertainment,0.5,0.63
caThuL9ai8okp6cc5,37edd684b7aeb1d4120e0ea24d2f5ecd383c05e2cdbecc8ca28893fe0b1f38ff,15,0.5,2,1538924178927,Entertainment,0.5,0.69
s7YteGmdLbDAdEDuq,37edd684b7aeb1d4120e0ea24d2f5ecd383c05e2cdbecc8ca28893fe0b1f38ff,16,0.5,2,1538924178927,Entertainment,0.5,0.645
wBYQRES2ucDaAXJzF,37edd684b7aeb1d4120e0ea24d2f5ecd383c05e2cdbecc8ca28893fe0b1f38ff,17,0.01,2,1538924178927,Entertainment,2e-4,0.31
SS5dyp4zW5esZMPwP,37edd684b7aeb1d4120e0ea24d2f5ecd383c05e2cdbecc8ca28893fe0b1f38ff,18,0.25,2,1538924178927,Entertainment,0.125,0.515
WfQxEpTKBGintEP3Z,71f01cedd8e4459474940dcc3afd619dd6be782ec606f568925681220bf97567,1,0.3,2,1538926169483,Sports,0.9799999999999999,0.61
Zs4LKZBEKc3acfHxA,71f01cedd8e4459474940dcc3afd619dd6be782ec606f568925681220bf97567,2,0.35,2,1538926169483,Sports,0.24499999999999997,0.71
YafPqoZ7sRLfr3H25,71f01cedd8e4459474940dcc3afd619dd6be782ec606f568925681220bf97567,3,0.27,2,1538926169484,Sports,0.1458,0.485
LHg2iww7qww72uGwK,71f01cedd8e4459474940dcc3afd619dd6be782ec606f568925681220bf97567,4,0.65,2,1538926169484,Sports,0.24499999999999997,0.645
ZXMoDKpjcEbL2hotu,71f01cedd8e4459474940dcc3afd619dd6be782ec606f568925681220bf97567,5,0.71,2,1538926169485,Sports,1.0082,0.505
rMd9KjJLfxhq2y7zE,71f01cedd8e4459474940dcc3afd619dd6be782ec606f568925681220bf97567,6,0.01,2,1538926169485,Sports,2e-4,0.255
sBrcizX3RpyQcQ5ZR,71f01cedd8e4459474940dcc3afd619dd6be782ec606f568925681220bf97567,7,0.75,2,1538926268395,Politics,1.125,0.61
XNPe5fPkLDjW9pMEF,71f01cedd8e4459474940dcc3afd619dd6be782ec606f568925681220bf97567,8,0.33,2,1538926268395,Politics,0.8977999999999998,0.695
PsvTMptvqJhStHEph,71f01cedd8e4459474940dcc3afd619dd6be782ec606f568925681220bf97567,9,0.3,2,1538926268395,Politics,0.18,0.65
gvSnH626Y9DzH5oTs,71f01cedd8e4459474940dcc3afd619dd6be782ec606f568925681220bf97567,10,0.03,2,1538926268396,Politics,0.0018,0.365
vmkGPHXArFkpXhTva,71f01cedd8e4459474940dcc3afd619dd6be782ec606f568925681220bf97567,11,0.1,2,1538926268396,Politics,0.020000000000000004,0.54
XcLhaqf6HqjoQDqZW,71f01cedd8e4459474940dcc3afd619dd6be782ec606f568925681220bf97567,12,0.01,2,1538926268396,Politics,2e-4,0.37
oPAMWagCdSBpsEvKz,71f01cedd8e4459474940dcc3afd619dd6be782ec606f568925681220bf97567,13,0.94,2,1538926379835,Entertainment,1.7671999999999999,0.555
Hn7QHiy6mxiMzx7jW,71f01cedd8e4459474940dcc3afd619dd6be782ec606f568925681220bf97567,14,0.75,2,1538926379835,Entertainment,0.125,0.66
KcMM3hCp8su7oGHy5,71f01cedd8e4459474940dcc3afd619dd6be782ec606f568925681220bf97567,15,0.35,2,1538926379835,Entertainment,0.24499999999999997,0.64
H6ytvJTxoxZEyCmcj,71f01cedd8e4459474940dcc3afd619dd6be782ec606f568925681220bf97567,16,0.35,2,1538926379836,Entertainment,0.8450000000000001,0.66
4zEtnFcRF9YvnevYq,71f01cedd8e4459474940dcc3afd619dd6be782ec606f568925681220bf97567,17,0.25,2,1538926379836,Entertainment,0.125,0.41
vZ4mEcr7RFGPt7Qsn,71f01cedd8e4459474940dcc3afd619dd6be782ec606f568925681220bf97567,18,0.71,2,1538926379836,Entertainment,1.0082,0.49
roCx6xGpo7pQ4j8re,4907b197c9d28c22952e18786cf6db826d700f6ad17386995b392664266e4135,1,0.6,2,1538927441277,Sports,0.32000000000000006,0.52
k67WBAzKTupAxFhpK,4907b197c9d28c22952e18786cf6db826d700f6ad17386995b392664266e4135,2,0.65,2,1538927441279,Sports,0.8450000000000001,0.515
3uxCiu3GSSv5v6gM6,4907b197c9d28c22952e18786cf6db826d700f6ad17386995b392664266e4135,3,0.46,2,1538927441279,Sports,0.4232,0.445
d7EY6gjNSxQPqwkB7,4907b197c9d28c22952e18786cf6db826d700f6ad17386995b392664266e4135,4,0.5,2,1538927441281,Sports,0.5,0.57
HyTwwvGvGzPWLiyia,4907b197c9d28c22952e18786cf6db826d700f6ad17386995b392664266e4135,5,0.44,2,1538927441282,Sports,0.3872,0.525
9wPWL5KEAnwv76ikE,4907b197c9d28c22952e18786cf6db826d700f6ad17386995b392664266e4135,6,0.38,2,1538927441283,Sports,0.2888,0.525
p739msmAciEHhyQua,4907b197c9d28c22952e18786cf6db826d700f6ad17386995b392664266e4135,7,0.5,2,1538927509065,Politics,0.5,0.605
5HGBRPqut4xwavM2K,4907b197c9d28c22952e18786cf6db826d700f6ad17386995b392664266e4135,8,0.41,2,1538927509065,Politics,0.6962000000000002,0.53
sQN6oDvo8JrNTQ8St,4907b197c9d28c22952e18786cf6db826d700f6ad17386995b392664266e4135,9,0.51,2,1538927509066,Politics,0.5202,0.52
pZdf4xzvLjspaJh5g,4907b197c9d28c22952e18786cf6db826d700f6ad17386995b392664266e4135,10,0.64,2,1538927509067,Politics,0.8192,0.345
CwLwj88xXgarqqP5Q,4907b197c9d28c22952e18786cf6db826d700f6ad17386995b392664266e4135,11,0.54,2,1538927509068,Politics,0.5832,0.44
N5spJGotCYZ6vkRYL,4907b197c9d28c22952e18786cf6db826d700f6ad17386995b392664266e4135,12,0.72,2,1538927509069,Politics,1.0368,0.325
rK9qQYmitDmS3JiZk,4907b197c9d28c22952e18786cf6db826d700f6ad17386995b392664266e4135,13,0.57,2,1538927577458,Entertainment,0.6497999999999999,0.505
YRCyTnGK43TfSeQzE,4907b197c9d28c22952e18786cf6db826d700f6ad17386995b392664266e4135,14,0.71,2,1538927577460,Entertainment,0.16820000000000004,0.54
xjB2hgmDi4iJtyb3a,4907b197c9d28c22952e18786cf6db826d700f6ad17386995b392664266e4135,15,0.44,2,1538927577460,Entertainment,0.3872,0.495
8qqmDWcnZkxNCa4gG,4907b197c9d28c22952e18786cf6db826d700f6ad17386995b392664266e4135,16,0.67,2,1538927577461,Entertainment,0.21779999999999994,0.45
QEbN38N8E5mr6FbQL,4907b197c9d28c22952e18786cf6db826d700f6ad17386995b392664266e4135,17,0.59,2,1538927577461,Entertainment,0.6961999999999999,0.49
QJAqLpwJPLRLZ9nGJ,4907b197c9d28c22952e18786cf6db826d700f6ad17386995b392664266e4135,18,0.55,2,1538927577461,Entertainment,0.6050000000000001,0.485
jBRPfSjfHMu6R4cPi,0af5fa514305a5a4cd4359fa4b74880eac4b3ce9874e9a33d6c5555b2205744d,1,0.81,2,1538932589796,Sports,0.07219999999999996,0.555
nN6cbHsr4tCkYcbeC,0af5fa514305a5a4cd4359fa4b74880eac4b3ce9874e9a33d6c5555b2205744d,2,0.25,2,1538932589801,Sports,0.125,0.37
sdcDybfEvb36TJ9Q5,0af5fa514305a5a4cd4359fa4b74880eac4b3ce9874e9a33d6c5555b2205744d,3,0.51,2,1538932589809,Sports,0.5202,0.52
rXFPqzzvnKWwjqzJp,0af5fa514305a5a4cd4359fa4b74880eac4b3ce9874e9a33d6c5555b2205744d,4,0.8,2,1538932589817,Sports,0.07999999999999996,0.655
cKK8dZ8NTEnJCcuRL,0af5fa514305a5a4cd4359fa4b74880eac4b3ce9874e9a33d6c5555b2205744d,5,0.49,2,1538932589827,Sports,0.48019999999999996,0.63
EkjGuzKWHtShfEEkk,0af5fa514305a5a4cd4359fa4b74880eac4b3ce9874e9a33d6c5555b2205744d,6,0.24,2,1538932589830,Sports,0.1152,0.4
tjqHgHo6YhpXfnBos,0af5fa514305a5a4cd4359fa4b74880eac4b3ce9874e9a33d6c5555b2205744d,7,0.89,2,1538932594805,Politics,1.5842,0.59
M5SN93scvD6x59c3g,0af5fa514305a5a4cd4359fa4b74880eac4b3ce9874e9a33d6c5555b2205744d,8,0.27,2,1538932594809,Politics,1.0657999999999999,0.445
b43ccd47z4ruYFAh7,0af5fa514305a5a4cd4359fa4b74880eac4b3ce9874e9a33d6c5555b2205744d,9,0.64,2,1538932594814,Politics,0.8192,0.52
WtKvhoWnPyQ7JsdAS,0af5fa514305a5a4cd4359fa4b74880eac4b3ce9874e9a33d6c5555b2205744d,10,0.17,2,1538932594819,Politics,0.05780000000000001,0.53
MnXcXCTNjQApv8G2E,0af5fa514305a5a4cd4359fa4b74880eac4b3ce9874e9a33d6c5555b2205744d,11,0.2,2,1538932594843,Politics,0.08000000000000002,0.525
wRxxS9uDLtBoDhrD4,0af5fa514305a5a4cd4359fa4b74880eac4b3ce9874e9a33d6c5555b2205744d,12,0.15,2,1538932594845,Politics,0.045,0.545
rLXp8FHmbi4q5mozD,0af5fa514305a5a4cd4359fa4b74880eac4b3ce9874e9a33d6c5555b2205744d,13,0.7,2,1538932598353,Entertainment,0.9799999999999999,0.595
uFSXj5YA3JMB9zHrz,0af5fa514305a5a4cd4359fa4b74880eac4b3ce9874e9a33d6c5555b2205744d,14,0.93,2,1538932598355,Entertainment,0.009799999999999986,0.62
DAZcmxB5EQHH5XRt5,0af5fa514305a5a4cd4359fa4b74880eac4b3ce9874e9a33d6c5555b2205744d,15,0.35,2,1538932598356,Entertainment,0.24499999999999997,0.635
sPLGtcrjpAL6ocSen,0af5fa514305a5a4cd4359fa4b74880eac4b3ce9874e9a33d6c5555b2205744d,16,0.75,2,1538932598359,Entertainment,0.125,0.575
GDjfaYPGnieqE4DeX,0af5fa514305a5a4cd4359fa4b74880eac4b3ce9874e9a33d6c5555b2205744d,17,0.14,2,1538932598359,Entertainment,0.039200000000000006,0.41
9jXGnzz9mbruLpiWH,0af5fa514305a5a4cd4359fa4b74880eac4b3ce9874e9a33d6c5555b2205744d,18,0.47,2,1538932598361,Entertainment,0.44179999999999997,0.565
iGBFhdHMXCE7YqYGS,bfc2be9b7dc6a3d484dffbff12705d3ce9e52366ee378a045e67535fc59d69b1,1,0.45,2,1538932807399,Sports,0.6050000000000001,0.56
frKrAvbQNapNpwCiy,bfc2be9b7dc6a3d484dffbff12705d3ce9e52366ee378a045e67535fc59d69b1,2,0.55,2,1538932807400,Sports,0.6050000000000001,0.56
5EJGxCu5DZpBAZixr,bfc2be9b7dc6a3d484dffbff12705d3ce9e52366ee378a045e67535fc59d69b1,3,0.49,2,1538932807400,Sports,0.48019999999999996,0.415
R6p2nJMWPcC7yJJjd,bfc2be9b7dc6a3d484dffbff12705d3ce9e52366ee378a045e67535fc59d69b1,4,0.56,2,1538932807401,Sports,0.38719999999999993,0.56
C6atscxYmMwhkgASL,bfc2be9b7dc6a3d484dffbff12705d3ce9e52366ee378a045e67535fc59d69b1,5,0.51,2,1538932807402,Sports,0.5202,0.51
ZZM2uhbHhNBSpa3HA,bfc2be9b7dc6a3d484dffbff12705d3ce9e52366ee378a045e67535fc59d69b1,6,0.54,2,1538932807402,Sports,0.5832,0.55
nuiNkMe82cXK9xehd,bfc2be9b7dc6a3d484dffbff12705d3ce9e52366ee378a045e67535fc59d69b1,7,0.65,2,1538932830501,Politics,0.8450000000000001,0.56
3RrLnNSnME3Q5JToH,bfc2be9b7dc6a3d484dffbff12705d3ce9e52366ee378a045e67535fc59d69b1,8,0.48,2,1538932830503,Politics,0.5408000000000001,0.615
iqQ5NmmDpgHee63Hm,bfc2be9b7dc6a3d484dffbff12705d3ce9e52366ee378a045e67535fc59d69b1,9,0.61,2,1538932830503,Politics,0.7442,0.47
xJM6gDRE28Fm3g8H5,bfc2be9b7dc6a3d484dffbff12705d3ce9e52366ee378a045e67535fc59d69b1,10,0.52,2,1538932830504,Politics,0.5408000000000001,0.445
5NxWZMthPwahNhpcc,bfc2be9b7dc6a3d484dffbff12705d3ce9e52366ee378a045e67535fc59d69b1,11,0.47,2,1538932830505,Politics,0.44179999999999997,0.465
pQHG9rHpekcPqRQWK,bfc2be9b7dc6a3d484dffbff12705d3ce9e52366ee378a045e67535fc59d69b1,12,0.44,2,1538932830505,Politics,0.3872,0.38
XSJaSrLZWL5k5uxMw,bfc2be9b7dc6a3d484dffbff12705d3ce9e52366ee378a045e67535fc59d69b1,13,0.5,2,1538932849157,Entertainment,0.5,0.52
uM7WT6H5fmJ6cNXWd,bfc2be9b7dc6a3d484dffbff12705d3ce9e52366ee378a045e67535fc59d69b1,14,1,2,1538932849158,Entertainment,0,0.555
fEshFBKcuChS5NHHN,bfc2be9b7dc6a3d484dffbff12705d3ce9e52366ee378a045e67535fc59d69b1,15,0.56,2,1538932849159,Entertainment,0.6272000000000001,0.545
H24TcsxpKxc69s2w8,bfc2be9b7dc6a3d484dffbff12705d3ce9e52366ee378a045e67535fc59d69b1,16,0.61,2,1538932849159,Entertainment,0.3042,0.515
ZchbSE7qqDYSwPzn5,bfc2be9b7dc6a3d484dffbff12705d3ce9e52366ee378a045e67535fc59d69b1,17,0.53,2,1538932849160,Entertainment,0.5618000000000001,0.53
SXdfaQbDcoGnYGZ7e,bfc2be9b7dc6a3d484dffbff12705d3ce9e52366ee378a045e67535fc59d69b1,18,0.52,2,1538932849161,Entertainment,0.5408000000000001,0.515
avupQ6fokhZ5cWKc7,3e7914ebdd7efd8b356bfd2d68074490322d971fc1cf701859b753c9706e16fa,1,0.85,2,1538934344710,Sports,0.04500000000000001,0.66
sZEE6bFAYu8RQZ5FA,3e7914ebdd7efd8b356bfd2d68074490322d971fc1cf701859b753c9706e16fa,2,0.88,2,1538934344713,Sports,1.5488,0.69
KRwrEava2i5zT4EGT,3e7914ebdd7efd8b356bfd2d68074490322d971fc1cf701859b753c9706e16fa,3,0.26,2,1538934344715,Sports,0.13520000000000001,0.58
MNhRYBwgFZhvJQGCM,3e7914ebdd7efd8b356bfd2d68074490322d971fc1cf701859b753c9706e16fa,4,0.95,2,1538934344717,Sports,0.005000000000000009,0.73
PYpTcJLqx8Q7LNWFM,3e7914ebdd7efd8b356bfd2d68074490322d971fc1cf701859b753c9706e16fa,5,0.62,2,1538934344719,Sports,0.7688,0.57
r4MprzufWqCP2hrHY,3e7914ebdd7efd8b356bfd2d68074490322d971fc1cf701859b753c9706e16fa,6,0.11,2,1538934344720,Sports,0.0242,0.47
9baD6fiQjjWzbWMDS,3e7914ebdd7efd8b356bfd2d68074490322d971fc1cf701859b753c9706e16fa,7,1,2,1538934356119,Politics,2,0.725
52cZMsYjhT5biNPcf,3e7914ebdd7efd8b356bfd2d68074490322d971fc1cf701859b753c9706e16fa,8,0,2,1538934356121,Politics,2,0.32
79jzJ4dmDiWN9Nr6W,3e7914ebdd7efd8b356bfd2d68074490322d971fc1cf701859b753c9706e16fa,9,1,2,1538934356122,Politics,2,0.645
GGatFdoBx6Fi8vj9G,3e7914ebdd7efd8b356bfd2d68074490322d971fc1cf701859b753c9706e16fa,10,0,2,1538934356123,Politics,0,0.52
pX3tT6aLFYgJifdJu,3e7914ebdd7efd8b356bfd2d68074490322d971fc1cf701859b753c9706e16fa,11,0,2,1538934356124,Politics,0,0.51
s4Stwghz9KReznBny,3e7914ebdd7efd8b356bfd2d68074490322d971fc1cf701859b753c9706e16fa,12,0,2,1538934356130,Politics,0,0.46
kXkKT54FSvRZKknH8,3e7914ebdd7efd8b356bfd2d68074490322d971fc1cf701859b753c9706e16fa,13,0,2,1538934524039,Entertainment,0,0.42
nzMfyJJyyeGcvGTeb,3e7914ebdd7efd8b356bfd2d68074490322d971fc1cf701859b753c9706e16fa,14,1,2,1538934524042,Entertainment,0,0.665
2EpjZ37HiRuFpQY5C,3e7914ebdd7efd8b356bfd2d68074490322d971fc1cf701859b753c9706e16fa,15,1,2,1538934524044,Entertainment,2,0.655
nbnSyaRBpzd6Fykdo,3e7914ebdd7efd8b356bfd2d68074490322d971fc1cf701859b753c9706e16fa,16,0,2,1538934524045,Entertainment,2,0.385
5xXbdpGCJ7Tq55cq6,3e7914ebdd7efd8b356bfd2d68074490322d971fc1cf701859b753c9706e16fa,17,0,2,1538934524049,Entertainment,0,0.365
SEcMXFZ8JJfxE3jbQ,3e7914ebdd7efd8b356bfd2d68074490322d971fc1cf701859b753c9706e16fa,18,0,2,1538934524051,Entertainment,0,0.405
pRiy7zRYCK8qcghow,3724a377b3e921f3ad661c6bf9586a5c62bde77c98715f6d42d2f4553961e09a,1,1,2,1538936484215,Sports,0,0.675
T7D87DrN4eqLsDyXp,3724a377b3e921f3ad661c6bf9586a5c62bde77c98715f6d42d2f4553961e09a,2,0,2,1538936484215,Sports,0,0.32
DCJeKqvfmbqgwkBQH,3724a377b3e921f3ad661c6bf9586a5c62bde77c98715f6d42d2f4553961e09a,3,0,2,1538936484215,Sports,0,0.425
aMCC3SSGtggyAnhsT,3724a377b3e921f3ad661c6bf9586a5c62bde77c98715f6d42d2f4553961e09a,4,1,2,1538936484215,Sports,0,0.685
AMTB8mjtuDefm9oqw,3724a377b3e921f3ad661c6bf9586a5c62bde77c98715f6d42d2f4553961e09a,5,0,2,1538936484215,Sports,0,0.385
KhSg5segtniy2tPTR,3724a377b3e921f3ad661c6bf9586a5c62bde77c98715f6d42d2f4553961e09a,6,0,2,1538936484215,Sports,0,0.39
gsAitstavtAqNFRTo,3724a377b3e921f3ad661c6bf9586a5c62bde77c98715f6d42d2f4553961e09a,7,1,2,1538936486462,Politics,2,0.695
skfTLbQLwqSacf4gu,3724a377b3e921f3ad661c6bf9586a5c62bde77c98715f6d42d2f4553961e09a,8,0,2,1538936486462,Politics,2,0.305
B2FEwBkqkYqS4XDA8,3724a377b3e921f3ad661c6bf9586a5c62bde77c98715f6d42d2f4553961e09a,9,0,2,1538936486462,Politics,0,0.38
wo8P6gFaY87ewnZCF,3724a377b3e921f3ad661c6bf9586a5c62bde77c98715f6d42d2f4553961e09a,10,0,2,1538936486462,Politics,0,0.49
XuzEe6qEwYhZ8Enem,3724a377b3e921f3ad661c6bf9586a5c62bde77c98715f6d42d2f4553961e09a,11,1,2,1538936486462,Politics,2,0.445
sdfJWzNmkD3kGb8CX,3724a377b3e921f3ad661c6bf9586a5c62bde77c98715f6d42d2f4553961e09a,12,1,2,1538936486462,Politics,2,0.465
Tw5DZvSj3yZnQCLni,3724a377b3e921f3ad661c6bf9586a5c62bde77c98715f6d42d2f4553961e09a,13,1,2,1538936490158,Entertainment,2,0.665
Bc35g3Y3uNc2Kpzpz,3724a377b3e921f3ad661c6bf9586a5c62bde77c98715f6d42d2f4553961e09a,14,1,2,1538936490158,Entertainment,0,0.655
NGpXWwagf8EjhMT5j,3724a377b3e921f3ad661c6bf9586a5c62bde77c98715f6d42d2f4553961e09a,15,1,2,1538936490158,Entertainment,2,0.675
PaYngp3tjKjXmrZuz,3724a377b3e921f3ad661c6bf9586a5c62bde77c98715f6d42d2f4553961e09a,16,0,2,1538936490158,Entertainment,2,0.365
YNm8h29NaTEhPHHYB,3724a377b3e921f3ad661c6bf9586a5c62bde77c98715f6d42d2f4553961e09a,17,0,2,1538936490158,Entertainment,0,0.405
Chqou2HtmffkdaAvt,3724a377b3e921f3ad661c6bf9586a5c62bde77c98715f6d42d2f4553961e09a,18,1,2,1538936490158,Entertainment,2,0.63
9cRcmetC36HjxqwnZ,4a9a8a92e291e719055e979196db67c1fa9f050f233b45b3aa7776bd0970c27f,1,0.1,2,1538938695625,Sports,1.62,0.365
RB4JShS6z69aHvzJ8,4a9a8a92e291e719055e979196db67c1fa9f050f233b45b3aa7776bd0970c27f,2,0.79,2,1538938695626,Sports,1.2482000000000002,0.66
95poS5x33yAzsuY3T,4a9a8a92e291e719055e979196db67c1fa9f050f233b45b3aa7776bd0970c27f,3,0.12,2,1538938695626,Sports,0.0288,0.52
nQS6dpdPZGpaAoWbm,4a9a8a92e291e719055e979196db67c1fa9f050f233b45b3aa7776bd0970c27f,4,0.78,2,1538938695626,Sports,0.09679999999999998,0.67
vuQu3PkLXamuhHPG5,4a9a8a92e291e719055e979196db67c1fa9f050f233b45b3aa7776bd0970c27f,5,0.21,2,1538938695626,Sports,0.08819999999999999,0.515
ib8WidCsCWWrCLbQF,4a9a8a92e291e719055e979196db67c1fa9f050f233b45b3aa7776bd0970c27f,6,0.19,2,1538938695627,Sports,0.0722,0.375
yFE6KXoK9Kh3Z5Snw,4a9a8a92e291e719055e979196db67c1fa9f050f233b45b3aa7776bd0970c27f,7,0.97,2,1538938708623,Politics,1.8818,0.645
PyrwzjJki4g4twiZe,4a9a8a92e291e719055e979196db67c1fa9f050f233b45b3aa7776bd0970c27f,8,0.27,2,1538938708624,Politics,1.0657999999999999,0.43
Tc2gnxvrLqs3ve9px,4a9a8a92e291e719055e979196db67c1fa9f050f233b45b3aa7776bd0970c27f,9,0.78,2,1538938708624,Politics,1.2168,0.58
tpcAFceWLK8Re3K6d,4a9a8a92e291e719055e979196db67c1fa9f050f233b45b3aa7776bd0970c27f,10,0.19,2,1538938708625,Politics,0.0722,0.6
95ZrJuyfnGSsgHqp4,4a9a8a92e291e719055e979196db67c1fa9f050f233b45b3aa7776bd0970c27f,11,0.21,2,1538938708626,Politics,0.08819999999999999,0.47
BwhcahteekuPBtEex,4a9a8a92e291e719055e979196db67c1fa9f050f233b45b3aa7776bd0970c27f,12,0.72,2,1538938708626,Politics,1.0368,0.46
MNfEmMnnEb7SSuRWJ,4a9a8a92e291e719055e979196db67c1fa9f050f233b45b3aa7776bd0970c27f,13,0.61,2,1538938714679,Entertainment,0.7442,0.54
XnspyZy4bDHYLwaNL,4a9a8a92e291e719055e979196db67c1fa9f050f233b45b3aa7776bd0970c27f,14,0.27,2,1538938714679,Entertainment,1.0657999999999999,0.335
EcR3bD5LS29AMstro,4a9a8a92e291e719055e979196db67c1fa9f050f233b45b3aa7776bd0970c27f,15,0.17,2,1538938714679,Entertainment,0.05780000000000001,0.47
b7ynmScndYHtDT9aH,4a9a8a92e291e719055e979196db67c1fa9f050f233b45b3aa7776bd0970c27f,16,0.8,2,1538938714679,Entertainment,0.07999999999999996,0.6
T2mLjHt5tKY5QwqCS,4a9a8a92e291e719055e979196db67c1fa9f050f233b45b3aa7776bd0970c27f,17,0.16,2,1538938714679,Entertainment,0.0512,0.475
KDqBJvSm8DLszgC5e,4a9a8a92e291e719055e979196db67c1fa9f050f233b45b3aa7776bd0970c27f,18,0.8,2,1538938714680,Entertainment,1.2800000000000002,0.585
LjNjCfySproHrtgpT,ef9d5f2f5c842e25355c64d02b962f14d104f0bc6d09b294b9523ba29677923d,1,0.6,2,1538938962715,Sports,0.32000000000000006,0.55
TENvXSFTEmJrMHQh8,ef9d5f2f5c842e25355c64d02b962f14d104f0bc6d09b294b9523ba29677923d,2,0.72,2,1538938962717,Sports,1.0368,0.495
7TWGtY9FeEkn2kMWL,ef9d5f2f5c842e25355c64d02b962f14d104f0bc6d09b294b9523ba29677923d,3,0.54,2,1538938962718,Sports,0.5832,0.49
WbRQCqiX3CKkoJXXx,ef9d5f2f5c842e25355c64d02b962f14d104f0bc6d09b294b9523ba29677923d,4,0.5,2,1538938962719,Sports,0.5,0.585
g2oy72eCFMLiBtCsr,ef9d5f2f5c842e25355c64d02b962f14d104f0bc6d09b294b9523ba29677923d,5,0.54,2,1538938962720,Sports,0.5832,0.52
o9EJuDBon5q9hybza,ef9d5f2f5c842e25355c64d02b962f14d104f0bc6d09b294b9523ba29677923d,6,0.34,2,1538938962721,Sports,0.23120000000000004,0.555
pC53gzeWrRk3zrfL3,ef9d5f2f5c842e25355c64d02b962f14d104f0bc6d09b294b9523ba29677923d,7,0.24,2,1538939058540,Politics,0.1152,0.2
JdQPBQQnuzYfMiBbj,ef9d5f2f5c842e25355c64d02b962f14d104f0bc6d09b294b9523ba29677923d,8,0.5,2,1538939058541,Politics,0.5,0.615
DbQd77LFjLoZMwm7c,ef9d5f2f5c842e25355c64d02b962f14d104f0bc6d09b294b9523ba29677923d,9,0.6,2,1538939058542,Politics,0.72,0.425
wcuXh8cbpEQ3d6DyR,ef9d5f2f5c842e25355c64d02b962f14d104f0bc6d09b294b9523ba29677923d,10,0.54,2,1538939058544,Politics,0.5832,0.38
TMCPhwmQZ4pjNuxST,ef9d5f2f5c842e25355c64d02b962f14d104f0bc6d09b294b9523ba29677923d,11,0.47,2,1538939058544,Politics,0.44179999999999997,0.44
HS9khSFHLq4BZafaM,ef9d5f2f5c842e25355c64d02b962f14d104f0bc6d09b294b9523ba29677923d,12,0.4,2,1538939058545,Politics,0.32000000000000006,0.355
qiyqwrzMFJMMgnvek,ef9d5f2f5c842e25355c64d02b962f14d104f0bc6d09b294b9523ba29677923d,13,0.56,2,1538939132845,Entertainment,0.6272000000000001,0.54
su8beDsF76J42FJve,ef9d5f2f5c842e25355c64d02b962f14d104f0bc6d09b294b9523ba29677923d,14,0.41,2,1538939132845,Entertainment,0.6962000000000002,0.575
GsJDJG95c7e9ZXZh3,ef9d5f2f5c842e25355c64d02b962f14d104f0bc6d09b294b9523ba29677923d,15,0.59,2,1538939132846,Entertainment,0.6961999999999999,0.515
dCZiRaSGAW6Rtq28d,ef9d5f2f5c842e25355c64d02b962f14d104f0bc6d09b294b9523ba29677923d,16,0.52,2,1538939132847,Entertainment,0.4608,0.56
pi38bcy4vCiAtRayt,ef9d5f2f5c842e25355c64d02b962f14d104f0bc6d09b294b9523ba29677923d,17,0.65,2,1538939132848,Entertainment,0.8450000000000001,0.435
ymootEfH8NH4K2f5c,ef9d5f2f5c842e25355c64d02b962f14d104f0bc6d09b294b9523ba29677923d,18,0.52,2,1538939132849,Entertainment,0.5408000000000001,0.475
FzFDYcNudzRgzL5nX,436b6f14cc1921a038e0996e6ce23c453ce58a405ff29119865c56a64c38aa07,1,0.71,2,1538943504265,Sports,0.16820000000000004,0.57
3eExYertESgAMZFSr,436b6f14cc1921a038e0996e6ce23c453ce58a405ff29119865c56a64c38aa07,2,0.35,2,1538943504266,Sports,0.24499999999999997,0.69
arZpzWAdGzAJuvYXm,436b6f14cc1921a038e0996e6ce23c453ce58a405ff29119865c56a64c38aa07,3,0.17,2,1538943504266,Sports,0.05780000000000001,0.485
cNZ26riE9rgL5vBWs,436b6f14cc1921a038e0996e6ce23c453ce58a405ff29119865c56a64c38aa07,4,0.68,2,1538943504266,Sports,0.20479999999999993,0.655
Dp9XzDoQcGP8R8wP8,436b6f14cc1921a038e0996e6ce23c453ce58a405ff29119865c56a64c38aa07,5,0.7,2,1538943504266,Sports,0.9799999999999999,0.57
eiaNbM2GCA3hc2Acn,436b6f14cc1921a038e0996e6ce23c453ce58a405ff29119865c56a64c38aa07,6,0.26,2,1538943504266,Sports,0.13520000000000001,0.46
wYY7n3cWTbMdFzxne,436b6f14cc1921a038e0996e6ce23c453ce58a405ff29119865c56a64c38aa07,7,0.82,2,1538943561593,Politics,1.3447999999999998,0.63
HEcHH9aMhpttZ7fxf,436b6f14cc1921a038e0996e6ce23c453ce58a405ff29119865c56a64c38aa07,8,0.33,2,1538943561593,Politics,0.8977999999999998,0.69
v5vEBtrXu2eG4pYyf,436b6f14cc1921a038e0996e6ce23c453ce58a405ff29119865c56a64c38aa07,9,0.79,2,1538943561594,Politics,1.2482000000000002,0.565
mf9rTGnYmiXrq6XJD,436b6f14cc1921a038e0996e6ce23c453ce58a405ff29119865c56a64c38aa07,10,0.06,2,1538943561594,Politics,0.0072,0.365
YWLmPNZgBfjKtHqtH,436b6f14cc1921a038e0996e6ce23c453ce58a405ff29119865c56a64c38aa07,11,0,2,1538943561594,Politics,0,0.405
7PW2Qctjja7jkLMsm,436b6f14cc1921a038e0996e6ce23c453ce58a405ff29119865c56a64c38aa07,12,0.12,2,1538943561594,Politics,0.0288,0.53
pd6QsHKptkHKSEPH4,436b6f14cc1921a038e0996e6ce23c453ce58a405ff29119865c56a64c38aa07,13,0.83,2,1538943617066,Entertainment,1.3778,0.61
cDgrcjyQ4ztmZ7owY,436b6f14cc1921a038e0996e6ce23c453ce58a405ff29119865c56a64c38aa07,14,0.94,2,1538943617066,Entertainment,0.007200000000000013,0.57
zhxmfK8K3ifCMygzG,436b6f14cc1921a038e0996e6ce23c453ce58a405ff29119865c56a64c38aa07,15,0.24,2,1538943617068,Entertainment,0.1152,0.475
JteCsgHoH8igxQgX4,436b6f14cc1921a038e0996e6ce23c453ce58a405ff29119865c56a64c38aa07,16,0.3,2,1538943617068,Entertainment,0.9799999999999999,0.63
9tDN4ZuWYQDpyyXHq,436b6f14cc1921a038e0996e6ce23c453ce58a405ff29119865c56a64c38aa07,17,0.91,2,1538943617068,Entertainment,1.6562000000000001,0.55
AL2KF8E2Dm8QkbprT,436b6f14cc1921a038e0996e6ce23c453ce58a405ff29119865c56a64c38aa07,18,0.23,2,1538943617068,Entertainment,0.1058,0.585
mvvBJEHpGeWjEkkmm,c797980ca75b61843f6fed65a823113b5279d41c5f67b7110b4a7b0e13cbfd3d,1,0.67,2,1538946209127,Sports,0.21779999999999994,0.585
5J2JMvnDxXCAQYmTx,c797980ca75b61843f6fed65a823113b5279d41c5f67b7110b4a7b0e13cbfd3d,2,0.4,2,1538946209132,Sports,0.32000000000000006,0.635
qYDcHNGvkwX84zQBg,c797980ca75b61843f6fed65a823113b5279d41c5f67b7110b4a7b0e13cbfd3d,3,0.72,2,1538946209133,Sports,1.0368,0.4
FJJCMLpHj7FMgbLTR,c797980ca75b61843f6fed65a823113b5279d41c5f67b7110b4a7b0e13cbfd3d,4,0.36,2,1538946209134,Sports,0.8192,0.655
qmECf5MrcDTKG3rvT,c797980ca75b61843f6fed65a823113b5279d41c5f67b7110b4a7b0e13cbfd3d,5,0.26,2,1538946209136,Sports,0.13520000000000001,0.42
G9DagSKqRgRe7WaEd,c797980ca75b61843f6fed65a823113b5279d41c5f67b7110b4a7b0e13cbfd3d,6,0.64,2,1538946209136,Sports,0.8192,0.545
5Mrh4AztEvLWPxgJg,c797980ca75b61843f6fed65a823113b5279d41c5f67b7110b4a7b0e13cbfd3d,7,0.56,2,1538946446673,Politics,0.6272000000000001,0.595
TqueJ4K5uzB6WiEm2,c797980ca75b61843f6fed65a823113b5279d41c5f67b7110b4a7b0e13cbfd3d,8,0.61,2,1538946446674,Politics,0.3042,0.545
RQWhjiNeu7MsPaeBw,c797980ca75b61843f6fed65a823113b5279d41c5f67b7110b4a7b0e13cbfd3d,9,0.33,2,1538946446678,Politics,0.21780000000000002,0.635
GFBXbNvo3ZMGXjJW4,c797980ca75b61843f6fed65a823113b5279d41c5f67b7110b4a7b0e13cbfd3d,10,0.15,2,1538946446680,Politics,0.045,0.505
WsyhGeZmmPxp67AJs,c797980ca75b61843f6fed65a823113b5279d41c5f67b7110b4a7b0e13cbfd3d,11,0.09,2,1538946446683,Politics,0.0162,0.305
4z9fuE8TNozy99nez,c797980ca75b61843f6fed65a823113b5279d41c5f67b7110b4a7b0e13cbfd3d,12,0.35,2,1538946446684,Politics,0.24499999999999997,0.575
JcCL7fMbKfjwgk2Jp,c797980ca75b61843f6fed65a823113b5279d41c5f67b7110b4a7b0e13cbfd3d,13,0.33,2,1538946519608,Entertainment,0.21780000000000002,0.655
58TiHGi75BYwBGifF,c797980ca75b61843f6fed65a823113b5279d41c5f67b7110b4a7b0e13cbfd3d,14,0.43,2,1538946519610,Entertainment,0.6498000000000002,0.63
EASwBgEPtPDJeQNi4,c797980ca75b61843f6fed65a823113b5279d41c5f67b7110b4a7b0e13cbfd3d,15,0.7,2,1538946519614,Entertainment,0.9799999999999999,0.515
rQmk2cyMpYbevZNKE,c797980ca75b61843f6fed65a823113b5279d41c5f67b7110b4a7b0e13cbfd3d,16,0.28,2,1538946519616,Entertainment,1.0368,0.37
j6EavomrDRoF8tiaM,c797980ca75b61843f6fed65a823113b5279d41c5f67b7110b4a7b0e13cbfd3d,17,0.35,2,1538946519617,Entertainment,0.24499999999999997,0.585
qpZFRFiSXn4cbJcgz,c797980ca75b61843f6fed65a823113b5279d41c5f67b7110b4a7b0e13cbfd3d,18,0.05,2,1538946519617,Entertainment,0.005000000000000001,0.255
oiGNtfRuPb7BEdCKd,83598d1b1ca6d2019d2131a102b205d185abd82af0e739f0e0cfabe2418a1b47,1,0.76,2,1538947842212,Sports,0.1152,0.5
7u3TqhoMq8WDawvbH,83598d1b1ca6d2019d2131a102b205d185abd82af0e739f0e0cfabe2418a1b47,2,0.86,2,1538947842215,Sports,1.4791999999999998,0.565
gyG7JZBEBKsjcPADt,83598d1b1ca6d2019d2131a102b205d185abd82af0e739f0e0cfabe2418a1b47,3,0.15,2,1538947842218,Sports,0.045,0.43
eKy4pbzd49GeQgHFk,83598d1b1ca6d2019d2131a102b205d185abd82af0e739f0e0cfabe2418a1b47,4,0.7,2,1538947842220,Sports,0.18000000000000005,0.63
2qBKmXXoJ6mR3Eq9F,83598d1b1ca6d2019d2131a102b205d185abd82af0e739f0e0cfabe2418a1b47,5,0.1,2,1538947842222,Sports,0.020000000000000004,0.44
eXoEsWQmhDZe5B3tz,83598d1b1ca6d2019d2131a102b205d185abd82af0e739f0e0cfabe2418a1b47,6,0.44,2,1538947842225,Sports,0.3872,0.545
2mPmPbjkmiirzwpcq,83598d1b1ca6d2019d2131a102b205d185abd82af0e739f0e0cfabe2418a1b47,7,0.82,2,1538947859049,Politics,1.3447999999999998,0.615
9ogTRNF3SufdMbvBv,83598d1b1ca6d2019d2131a102b205d185abd82af0e739f0e0cfabe2418a1b47,8,0.67,2,1538947859052,Politics,0.21779999999999994,0.64
fFeK2SQqEwhQSzMrQ,83598d1b1ca6d2019d2131a102b205d185abd82af0e739f0e0cfabe2418a1b47,9,0.83,2,1538947859055,Politics,1.3778,0.52
Mnp7yDStL8b6RrYzM,83598d1b1ca6d2019d2131a102b205d185abd82af0e739f0e0cfabe2418a1b47,10,0.57,2,1538947859059,Politics,0.6497999999999999,0.44
W4bMpDpcbz5hfWaLg,83598d1b1ca6d2019d2131a102b205d185abd82af0e739f0e0cfabe2418a1b47,11,0.03,2,1538947859061,Politics,0.0018,0.4
RsqF4HGgXBPBRnJ3X,83598d1b1ca6d2019d2131a102b205d185abd82af0e739f0e0cfabe2418a1b47,12,0.2,2,1538947859063,Politics,0.08000000000000002,0.51
n6RCq2xa83KayhGsx,83598d1b1ca6d2019d2131a102b205d185abd82af0e739f0e0cfabe2418a1b47,13,0.87,2,1538947972454,Entertainment,1.5138,0.55
B5aoYMykocNQzf8E5,83598d1b1ca6d2019d2131a102b205d185abd82af0e739f0e0cfabe2418a1b47,14,0.97,2,1538947972462,Entertainment,0.0018000000000000032,0.615
i7pysJmrudifZaWqG,83598d1b1ca6d2019d2131a102b205d185abd82af0e739f0e0cfabe2418a1b47,15,0.87,2,1538947972521,Entertainment,1.5138,0.485
yuc3CBEow4xrDjhQ3,83598d1b1ca6d2019d2131a102b205d185abd82af0e739f0e0cfabe2418a1b47,16,0.34,2,1538947972523,Entertainment,0.8711999999999998,0.67
ECHPa9FgRmBqtibvz,83598d1b1ca6d2019d2131a102b205d185abd82af0e739f0e0cfabe2418a1b47,17,0.57,2,1538947972535,Entertainment,0.6497999999999999,0.595
QNzTEptThiawm5dnb,83598d1b1ca6d2019d2131a102b205d185abd82af0e739f0e0cfabe2418a1b47,18,0.61,2,1538947972538,Entertainment,0.7442,0.51
uZWvYG3QW4R3vj5Et,0e5f0693994b23c44e553e744dae9b22fb063af49c3de39cdfc7b33b516f4a87,1,0.73,2,1538951228485,Sports,0.1458,0.56
zxMmpM9skCoSFobCw,0e5f0693994b23c44e553e744dae9b22fb063af49c3de39cdfc7b33b516f4a87,2,0.88,2,1538951228488,Sports,1.5488,0.61
uACRusSstL67wCh5u,0e5f0693994b23c44e553e744dae9b22fb063af49c3de39cdfc7b33b516f4a87,3,0.31,2,1538951228490,Sports,0.1922,0.685
5J564qLyhfzQ8RLX6,0e5f0693994b23c44e553e744dae9b22fb063af49c3de39cdfc7b33b516f4a87,4,0.13,2,1538951228492,Sports,1.5138,0.355
Mf2g8t2N4FBboEB5W,0e5f0693994b23c44e553e744dae9b22fb063af49c3de39cdfc7b33b516f4a87,5,0.89,2,1538951228494,Sports,1.5842,0.56
ekBMpiGKFhLuyNWen,0e5f0693994b23c44e553e744dae9b22fb063af49c3de39cdfc7b33b516f4a87,6,1,2,1538951228496,Sports,2,0.54
t24pxbkimAQYLyW5L,0e5f0693994b23c44e553e744dae9b22fb063af49c3de39cdfc7b33b516f4a87,7,0.95,2,1538951677199,Politics,1.805,0.675
tRhGdYGmHixidjdTE,0e5f0693994b23c44e553e744dae9b22fb063af49c3de39cdfc7b33b516f4a87,8,0.86,2,1538951677202,Politics,0.039200000000000006,0.595
kkoQBdvrDKjD55XEa,0e5f0693994b23c44e553e744dae9b22fb063af49c3de39cdfc7b33b516f4a87,9,0.37,2,1538951677203,Politics,0.2738,0.67
3t7qHoXaQ95srsaCr,0e5f0693994b23c44e553e744dae9b22fb063af49c3de39cdfc7b33b516f4a87,10,0.09,2,1538951677204,Politics,0.0162,0.385
kuMThzPjztFNWGSQg,0e5f0693994b23c44e553e744dae9b22fb063af49c3de39cdfc7b33b516f4a87,11,0.32,2,1538951677206,Politics,0.2048,0.6
2mwtC2AzSsiWF6aCE,0e5f0693994b23c44e553e744dae9b22fb063af49c3de39cdfc7b33b516f4a87,12,0.13,2,1538951677207,Politics,0.033800000000000004,0.525
XFjoqdRmxDxhyQoxW,0e5f0693994b23c44e553e744dae9b22fb063af49c3de39cdfc7b33b516f4a87,13,0.08,2,1538952126929,Entertainment,0.0128,0.29
xR9HeCgK6FbHLeqTr,0e5f0693994b23c44e553e744dae9b22fb063af49c3de39cdfc7b33b516f4a87,14,1,2,1538952126931,Entertainment,0,0.65
EiziwjPWvLs2G2kYC,0e5f0693994b23c44e553e744dae9b22fb063af49c3de39cdfc7b33b516f4a87,15,0.89,2,1538952126931,Entertainment,1.5842,0.655
Fqz6LkRtnigtd6BX5,0e5f0693994b23c44e553e744dae9b22fb063af49c3de39cdfc7b33b516f4a87,16,0.16,2,1538952126936,Entertainment,1.4111999999999998,0.46
JXWAtebRukbfxdBaC,0e5f0693994b23c44e553e744dae9b22fb063af49c3de39cdfc7b33b516f4a87,17,0.09,2,1538952126937,Entertainment,0.0162,0.335
N7YEyCLp2BcKDkydA,0e5f0693994b23c44e553e744dae9b22fb063af49c3de39cdfc7b33b516f4a87,18,0.04,2,1538952126939,Entertainment,0.0032,0.365
H7nhPdiwFaTpCAbz6,d19f1f99b1d1852b722b676b3af4cb00014f0f4c882406c636d294360a99982b,1,0.84,2,1538958882241,Sports,0.05120000000000002,0.515
C8cY2Esuys8hmDMB9,d19f1f99b1d1852b722b676b3af4cb00014f0f4c882406c636d294360a99982b,2,0.93,2,1538958882246,Sports,1.7298000000000002,0.585
MdQiHJhw8jnnMPuiQ,d19f1f99b1d1852b722b676b3af4cb00014f0f4c882406c636d294360a99982b,3,0.24,2,1538958882248,Sports,0.1152,0.47
BoBkaQvvA9TQeMGPT,d19f1f99b1d1852b722b676b3af4cb00014f0f4c882406c636d294360a99982b,4,0.62,2,1538958882251,Sports,0.2888,0.62
sAQfa8LcsJbcRxpJQ,d19f1f99b1d1852b722b676b3af4cb00014f0f4c882406c636d294360a99982b,5,0.74,2,1538958882254,Sports,1.0952,0.48
LFfyeNz2MWB8ZdWDd,d19f1f99b1d1852b722b676b3af4cb00014f0f4c882406c636d294360a99982b,6,0.38,2,1538958882257,Sports,0.2888,0.575
awS7MAXBzDAXoBdxz,d19f1f99b1d1852b722b676b3af4cb00014f0f4c882406c636d294360a99982b,7,0.84,2,1538958891725,Politics,1.4111999999999998,0.65
dyixRX2HqjutX72ZX,d19f1f99b1d1852b722b676b3af4cb00014f0f4c882406c636d294360a99982b,8,0.84,2,1538958891727,Politics,0.05120000000000002,0.59
S8wq9Ttj5gcA6uMgD,d19f1f99b1d1852b722b676b3af4cb00014f0f4c882406c636d294360a99982b,9,0.21,2,1538958891730,Politics,0.08819999999999999,0.465
jDw8KkMY2BGcL4hKA,d19f1f99b1d1852b722b676b3af4cb00014f0f4c882406c636d294360a99982b,10,0.82,2,1538958891732,Politics,1.3447999999999998,0.39
YpLQYYmNzDgegRucw,d19f1f99b1d1852b722b676b3af4cb00014f0f4c882406c636d294360a99982b,11,0.27,2,1538958891734,Politics,0.1458,0.36
rEwCHd8PoALZMELTE,d19f1f99b1d1852b722b676b3af4cb00014f0f4c882406c636d294360a99982b,12,0.15,2,1538958891737,Politics,0.045,0.515
MCjD5JbFzigPJHr6t,d19f1f99b1d1852b722b676b3af4cb00014f0f4c882406c636d294360a99982b,13,0.3,2,1538958900170,Entertainment,0.18,0.63
4rAkDJdYmRyAsjET9,d19f1f99b1d1852b722b676b3af4cb00014f0f4c882406c636d294360a99982b,14,0.85,2,1538958900175,Entertainment,0.04500000000000001,0.57
gyhovaKteudNaJEzi,d19f1f99b1d1852b722b676b3af4cb00014f0f4c882406c636d294360a99982b,15,0.77,2,1538958900177,Entertainment,1.1858,0.555
T6iCohygFbnyMsPXh,d19f1f99b1d1852b722b676b3af4cb00014f0f4c882406c636d294360a99982b,16,0.69,2,1538958900180,Entertainment,0.19220000000000007,0.52
BiAZWbQH8gcBdsdP3,d19f1f99b1d1852b722b676b3af4cb00014f0f4c882406c636d294360a99982b,17,0.34,2,1538958900183,Entertainment,0.23120000000000004,0.555
HEht53DCzXosSHR6k,d19f1f99b1d1852b722b676b3af4cb00014f0f4c882406c636d294360a99982b,18,0.65,2,1538958900186,Entertainment,0.8450000000000001,0.485
u36HQzh3jBnjTtcbF,70c873efe77989d53c6416a6154d9d6bcf48c02291615e8e464ad372a97ee928,1,0.71,2,1538961618177,Sports,0.16820000000000004,0.575
nom2jQf7dk6dLWoxQ,70c873efe77989d53c6416a6154d9d6bcf48c02291615e8e464ad372a97ee928,2,0.82,2,1538961618178,Sports,1.3447999999999998,0.575
LzZmyLpDET3Eh8AP7,70c873efe77989d53c6416a6154d9d6bcf48c02291615e8e464ad372a97ee928,3,0.28,2,1538961618179,Sports,0.15680000000000002,0.43
XhjQytaZCz2ErHTKx,70c873efe77989d53c6416a6154d9d6bcf48c02291615e8e464ad372a97ee928,4,0.69,2,1538961618180,Sports,0.19220000000000007,0.615
7359GjdhbPiKK8jkL,70c873efe77989d53c6416a6154d9d6bcf48c02291615e8e464ad372a97ee928,5,0.57,2,1538961618181,Sports,0.6497999999999999,0.56
io2rAdxPLcvd7tsCH,70c873efe77989d53c6416a6154d9d6bcf48c02291615e8e464ad372a97ee928,6,0.24,2,1538961618182,Sports,0.1152,0.34
W5T8NGJwSjdzGaTAH,70c873efe77989d53c6416a6154d9d6bcf48c02291615e8e464ad372a97ee928,7,0.72,2,1538961662720,Politics,1.0368,0.535
eATZ5TjeaREikZfPL,70c873efe77989d53c6416a6154d9d6bcf48c02291615e8e464ad372a97ee928,8,0.39,2,1538961662721,Politics,0.7442,0.675
pSmGD4YaPcyMHyxWG,70c873efe77989d53c6416a6154d9d6bcf48c02291615e8e464ad372a97ee928,9,0.77,2,1538961662722,Politics,1.1858,0.55
iBJTctLWNhhuZiwnf,70c873efe77989d53c6416a6154d9d6bcf48c02291615e8e464ad372a97ee928,10,0.66,2,1538961662722,Politics,0.8712000000000001,0.36
YHeKc9JQZzSKnX4eu,70c873efe77989d53c6416a6154d9d6bcf48c02291615e8e464ad372a97ee928,11,0.32,2,1538961662722,Politics,0.2048,0.605
FZEq9GbeFoej7CWRn,70c873efe77989d53c6416a6154d9d6bcf48c02291615e8e464ad372a97ee928,12,0.39,2,1538961662723,Politics,0.3042,0.5
So35bpRhw3dBnqcbr,70c873efe77989d53c6416a6154d9d6bcf48c02291615e8e464ad372a97ee928,13,0.7,2,1538961688560,Entertainment,0.9799999999999999,0.535
qQuK9sNYKBbejZcTY,70c873efe77989d53c6416a6154d9d6bcf48c02291615e8e464ad372a97ee928,14,0.86,2,1538961688561,Entertainment,0.039200000000000006,0.585
gP95jAjc45xEowagb,70c873efe77989d53c6416a6154d9d6bcf48c02291615e8e464ad372a97ee928,15,0.72,2,1538961688563,Entertainment,1.0368,0.49
azzB3quxqkb4qJFHh,70c873efe77989d53c6416a6154d9d6bcf48c02291615e8e464ad372a97ee928,16,0.36,2,1538961688564,Entertainment,0.8192,0.575
735xkTAWmr5PbgkqE,70c873efe77989d53c6416a6154d9d6bcf48c02291615e8e464ad372a97ee928,17,0.43,2,1538961688566,Entertainment,0.36979999999999996,0.545
gyTWrRsMnj9XoweA9,70c873efe77989d53c6416a6154d9d6bcf48c02291615e8e464ad372a97ee928,18,0.22,2,1538961688568,Entertainment,0.0968,0.395
XsAnEALmBuBAQ2jxE,47d19f9b148434c0d56507e479518e5c7c05e975349988d6c697c248e34fb449,1,0.33,2,1538962238492,Sports,0.8977999999999998,0.7
z9qJ4gavE4t9bNNfc,47d19f9b148434c0d56507e479518e5c7c05e975349988d6c697c248e34fb449,2,0.25,2,1538962238494,Sports,0.125,0.45
jGrnDR2DeJMYTSFHj,47d19f9b148434c0d56507e479518e5c7c05e975349988d6c697c248e34fb449,3,0.2,2,1538962238495,Sports,0.08000000000000002,0.455
23rkWNNG5vh2j3ujE,47d19f9b148434c0d56507e479518e5c7c05e975349988d6c697c248e34fb449,4,0.6,2,1538962238496,Sports,0.32000000000000006,0.615
s79x8qSxTAf2KYAZn,47d19f9b148434c0d56507e479518e5c7c05e975349988d6c697c248e34fb449,5,0.65,2,1538962238497,Sports,0.8450000000000001,0.495
mxkJxdtP4zKge8eZy,47d19f9b148434c0d56507e479518e5c7c05e975349988d6c697c248e34fb449,6,0.62,2,1538962238498,Sports,0.7688,0.64
i9oczK2PyCqrX9NWY,47d19f9b148434c0d56507e479518e5c7c05e975349988d6c697c248e34fb449,7,0.85,2,1538962247695,Politics,1.4449999999999998,0.655
9PjWfsmTogg5wnHXz,47d19f9b148434c0d56507e479518e5c7c05e975349988d6c697c248e34fb449,8,0.75,2,1538962247696,Politics,0.125,0.625
LypC4q6x2mKrDoGiL,47d19f9b148434c0d56507e479518e5c7c05e975349988d6c697c248e34fb449,9,0.55,2,1538962247697,Politics,0.6050000000000001,0.675
4G3bs4Py6bxAfFLcT,47d19f9b148434c0d56507e479518e5c7c05e975349988d6c697c248e34fb449,10,0.25,2,1538962247697,Politics,0.125,0.48
gjpQgcrMaZqZ5xLne,47d19f9b148434c0d56507e479518e5c7c05e975349988d6c697c248e34fb449,11,0.25,2,1538962247698,Politics,0.125,0.56
aJs28ZamvrP6rZnQR,47d19f9b148434c0d56507e479518e5c7c05e975349988d6c697c248e34fb449,12,0.15,2,1538962247699,Politics,0.045,0.51
jEYfgn3XAmfCSqzMg,47d19f9b148434c0d56507e479518e5c7c05e975349988d6c697c248e34fb449,13,0.05,2,1538962253367,Entertainment,0.005000000000000001,0.27
BBA5hYNuv2AS7RowC,47d19f9b148434c0d56507e479518e5c7c05e975349988d6c697c248e34fb449,14,0.99,2,1538962253367,Entertainment,2.0000000000000036e-4,0.635
MCKLCY3szh3GSujjd,47d19f9b148434c0d56507e479518e5c7c05e975349988d6c697c248e34fb449,15,0.15,2,1538962253368,Entertainment,0.045,0.425
w6rexqRKKkTeZM28b,47d19f9b148434c0d56507e479518e5c7c05e975349988d6c697c248e34fb449,16,0.45,2,1538962253370,Entertainment,0.6050000000000001,0.685
y8FCxcJmQSZPfYGKv,47d19f9b148434c0d56507e479518e5c7c05e975349988d6c697c248e34fb449,17,0.1,2,1538962253370,Entertainment,0.020000000000000004,0.465
AcRiqQitwJtu2aWNg,47d19f9b148434c0d56507e479518e5c7c05e975349988d6c697c248e34fb449,18,0.15,2,1538962253371,Entertainment,0.045,0.52
DZN7dq53Wgou2weco,b1997f152840bfcfcdc73925c88dd28655de59ac7b1c3a69a82f12ae01021361,1,0.86,2,1538962977348,Sports,0.039200000000000006,0.63
LTXNJ4ekappyWBrgs,b1997f152840bfcfcdc73925c88dd28655de59ac7b1c3a69a82f12ae01021361,2,1,2,1538962977357,Sports,2,0.605
xAiTM8xJFwRA57y86,b1997f152840bfcfcdc73925c88dd28655de59ac7b1c3a69a82f12ae01021361,3,0.99,2,1538962977361,Sports,1.9602,0.41
LSA5PJAK5ZuCj8r44,b1997f152840bfcfcdc73925c88dd28655de59ac7b1c3a69a82f12ae01021361,4,0.67,2,1538962977365,Sports,0.21779999999999994,0.61
uNrWYZhTd6PsHTjxz,b1997f152840bfcfcdc73925c88dd28655de59ac7b1c3a69a82f12ae01021361,5,0.19,2,1538962977369,Sports,0.0722,0.38
H2Zi9kK3bHgnXyPJk,b1997f152840bfcfcdc73925c88dd28655de59ac7b1c3a69a82f12ae01021361,6,0.57,2,1538962977373,Sports,0.6497999999999999,0.59
tNJihNMHoNp7Xjnok,b1997f152840bfcfcdc73925c88dd28655de59ac7b1c3a69a82f12ae01021361,7,0.69,2,1538963021944,Politics,0.9521999999999998,0.6
qhvqjBLCnbJ9M7uYF,b1997f152840bfcfcdc73925c88dd28655de59ac7b1c3a69a82f12ae01021361,8,0.25,2,1538963021951,Politics,1.125,0.435
wFi4Q7Tz34ENKn669,b1997f152840bfcfcdc73925c88dd28655de59ac7b1c3a69a82f12ae01021361,9,0.11,2,1538963021959,Politics,0.0242,0.395
KsLwtMZNR74RAik5w,b1997f152840bfcfcdc73925c88dd28655de59ac7b1c3a69a82f12ae01021361,10,0.92,2,1538963021963,Politics,1.6928,0.385
drE5jobxNAMMBw5os,b1997f152840bfcfcdc73925c88dd28655de59ac7b1c3a69a82f12ae01021361,11,0.35,2,1538963021970,Politics,0.24499999999999997,0.58
K4niRMh7R9FQAjbAN,b1997f152840bfcfcdc73925c88dd28655de59ac7b1c3a69a82f12ae01021361,12,1,2,1538963021974,Politics,2,0.325
ya4S9mRLLKayib4Xv,b1997f152840bfcfcdc73925c88dd28655de59ac7b1c3a69a82f12ae01021361,13,0.94,2,1538963054624,Entertainment,1.7671999999999999,0.59
ChfRfHz67Z78zYeyn,b1997f152840bfcfcdc73925c88dd28655de59ac7b1c3a69a82f12ae01021361,14,1,2,1538963054631,Entertainment,0,0.62
kJRY63Jny9nWsK4jc,b1997f152840bfcfcdc73925c88dd28655de59ac7b1c3a69a82f12ae01021361,15,1,2,1538963054650,Entertainment,2,0.495
bGkpkNFhcpnEXtmnv,b1997f152840bfcfcdc73925c88dd28655de59ac7b1c3a69a82f12ae01021361,16,0.95,2,1538963054664,Entertainment,0.005000000000000009,0.515
LS3XNhbuZdt9EifnC,b1997f152840bfcfcdc73925c88dd28655de59ac7b1c3a69a82f12ae01021361,17,0.86,2,1538963054672,Entertainment,1.4791999999999998,0.505
6JrMkDcySdvZ7A6EA,b1997f152840bfcfcdc73925c88dd28655de59ac7b1c3a69a82f12ae01021361,18,0.47,2,1538963054675,Entertainment,0.44179999999999997,0.525
uhszBJeHtwPD5Wk6X,dc6bdc4456c4363c5bf896def89982d1fd2e04919624012058c9bc7c714e6edf,1,0.06,2,1538963087497,Sports,1.7671999999999999,0.42
eF4dAfYG5z6wCZNA7,dc6bdc4456c4363c5bf896def89982d1fd2e04919624012058c9bc7c714e6edf,2,1,2,1538963087499,Sports,2,0.705
LgnmRZ3gHFHiHWHxb,dc6bdc4456c4363c5bf896def89982d1fd2e04919624012058c9bc7c714e6edf,3,1,2,1538963087500,Sports,2,0.65
snnBusRJ5uQK5fBmb,dc6bdc4456c4363c5bf896def89982d1fd2e04919624012058c9bc7c714e6edf,4,1,2,1538963087501,Sports,0,0.745
KvuPC9bKSH5JHQD3G,dc6bdc4456c4363c5bf896def89982d1fd2e04919624012058c9bc7c714e6edf,5,0.05,2,1538963087501,Sports,0.005000000000000001,0.385
MdZe7wDrX8RJwYbnq,dc6bdc4456c4363c5bf896def89982d1fd2e04919624012058c9bc7c714e6edf,6,0.06,2,1538963087502,Sports,0.0072,0.41
TndKRaBiQjZb4yieS,dc6bdc4456c4363c5bf896def89982d1fd2e04919624012058c9bc7c714e6edf,7,1,2,1538963154196,Politics,2,0.74
e37GfxWLWAxJDDJXz,dc6bdc4456c4363c5bf896def89982d1fd2e04919624012058c9bc7c714e6edf,8,0.05,2,1538963154197,Politics,1.805,0.36
GTxHmwXMFAzNeotDB,dc6bdc4456c4363c5bf896def89982d1fd2e04919624012058c9bc7c714e6edf,9,0.07,2,1538963154198,Politics,0.009800000000000001,0.37
Rs54xzQm7CRLBt3dS,dc6bdc4456c4363c5bf896def89982d1fd2e04919624012058c9bc7c714e6edf,10,0,2,1538963154199,Politics,0,0.49
FWYsQWcCzTked96cH,dc6bdc4456c4363c5bf896def89982d1fd2e04919624012058c9bc7c714e6edf,11,0,2,1538963154200,Politics,0,0.485
KozyEZkQojorgM6p9,dc6bdc4456c4363c5bf896def89982d1fd2e04919624012058c9bc7c714e6edf,12,0,2,1538963154200,Politics,0,0.535
eNH6De93YLZ2YwxcB,dc6bdc4456c4363c5bf896def89982d1fd2e04919624012058c9bc7c714e6edf,13,0,2,1538963293515,Entertainment,0,0.44
AZgN535ZYoE2hjSmu,dc6bdc4456c4363c5bf896def89982d1fd2e04919624012058c9bc7c714e6edf,14,1,2,1538963293517,Entertainment,0,0.765
xLZ4HfcDF6vDAWaGh,dc6bdc4456c4363c5bf896def89982d1fd2e04919624012058c9bc7c714e6edf,15,0,2,1538963293517,Entertainment,0,0.35
WbLzTP3TJEdmeTZcE,dc6bdc4456c4363c5bf896def89982d1fd2e04919624012058c9bc7c714e6edf,16,1,2,1538963293518,Entertainment,0,0.66
RMX6BzxXPH94MdmKN,dc6bdc4456c4363c5bf896def89982d1fd2e04919624012058c9bc7c714e6edf,17,0,2,1538963293519,Entertainment,0,0.385
of63fhyhTPbMewMrY,dc6bdc4456c4363c5bf896def89982d1fd2e04919624012058c9bc7c714e6edf,18,0,2,1538963293519,Entertainment,0,0.37
Ay3fx9TsF3LvHnXfZ,c6709dd4c2224e2c88f3f8373169bbd2aaf2685b389a4cf84cb2b3b08db78e27,1,0.38,2,1538964872918,Sports,0.7688,0.575
fuW4cP7Gz6WABEFNx,c6709dd4c2224e2c88f3f8373169bbd2aaf2685b389a4cf84cb2b3b08db78e27,2,0.56,2,1538964872918,Sports,0.6272000000000001,0.595
Ek5KrdTFciRNzQhxB,c6709dd4c2224e2c88f3f8373169bbd2aaf2685b389a4cf84cb2b3b08db78e27,3,0.53,2,1538964872920,Sports,0.5618000000000001,0.47
iJD3Z6efBJmndoBKt,c6709dd4c2224e2c88f3f8373169bbd2aaf2685b389a4cf84cb2b3b08db78e27,4,0.62,2,1538964872920,Sports,0.2888,0.54
6xerbSoGq2dfLY6iB,c6709dd4c2224e2c88f3f8373169bbd2aaf2685b389a4cf84cb2b3b08db78e27,5,0.53,2,1538964872920,Sports,0.5618000000000001,0.545
RdPBtqHxvj2zxzbZJ,c6709dd4c2224e2c88f3f8373169bbd2aaf2685b389a4cf84cb2b3b08db78e27,6,0.47,2,1538964872920,Sports,0.44179999999999997,0.47
dzGMeukZSGwqWeoe3,c6709dd4c2224e2c88f3f8373169bbd2aaf2685b389a4cf84cb2b3b08db78e27,7,0.67,2,1538964945493,Politics,0.8978000000000002,0.6
vJWCBErARspihuwhQ,c6709dd4c2224e2c88f3f8373169bbd2aaf2685b389a4cf84cb2b3b08db78e27,8,0.44,2,1538964945494,Politics,0.6272000000000001,0.535
8MLLu6mmnHbG6bD7w,c6709dd4c2224e2c88f3f8373169bbd2aaf2685b389a4cf84cb2b3b08db78e27,9,0.4,2,1538964945494,Politics,0.32000000000000006,0.57
qF7sQz9N8pRuRZnfm,c6709dd4c2224e2c88f3f8373169bbd2aaf2685b389a4cf84cb2b3b08db78e27,10,0.31,2,1538964945494,Politics,0.1922,0.465
njbQcZCT2rscgKjQn,c6709dd4c2224e2c88f3f8373169bbd2aaf2685b389a4cf84cb2b3b08db78e27,11,0.23,2,1538964945495,Politics,0.1058,0.435
dm5jqd8sDBPt6csCK,c6709dd4c2224e2c88f3f8373169bbd2aaf2685b389a4cf84cb2b3b08db78e27,12,0.3,2,1538964945495,Politics,0.18,0.515
Z2wXt6fK4h9tzpdXT,c6709dd4c2224e2c88f3f8373169bbd2aaf2685b389a4cf84cb2b3b08db78e27,13,0.29,2,1538965012615,Entertainment,0.1682,0.25
aMYiwgr4WZ85AK4kX,c6709dd4c2224e2c88f3f8373169bbd2aaf2685b389a4cf84cb2b3b08db78e27,14,0.42,2,1538965012616,Entertainment,0.6728000000000002,0.585
SGZ4DiekiGEopjf7z,c6709dd4c2224e2c88f3f8373169bbd2aaf2685b389a4cf84cb2b3b08db78e27,15,0.49,2,1538965012616,Entertainment,0.48019999999999996,0.555
4cPKQkcG7PNz2Ruhn,c6709dd4c2224e2c88f3f8373169bbd2aaf2685b389a4cf84cb2b3b08db78e27,16,0.42,2,1538965012616,Entertainment,0.6728000000000002,0.54
rj5TuPPq7EMYTnPtc,c6709dd4c2224e2c88f3f8373169bbd2aaf2685b389a4cf84cb2b3b08db78e27,17,0.21,2,1538965012618,Entertainment,0.08819999999999999,0.375
7Z9KB6MXwz2ErHm6j,c6709dd4c2224e2c88f3f8373169bbd2aaf2685b389a4cf84cb2b3b08db78e27,18,0.59,2,1538965012618,Entertainment,0.6961999999999999,0.54
jv3y6SFTirK2AKbyJ,29b7d04197e58631db5e174fffc95a46a943097b3e0215132ebeb12bcfe478a8,1,0.67,2,1538966812951,Sports,0.21779999999999994,0.59
9PpzxNAayNpWo48mC,29b7d04197e58631db5e174fffc95a46a943097b3e0215132ebeb12bcfe478a8,2,0.92,2,1538966812953,Sports,1.6928,0.595
nj9CG8wC5jnJf5oDX,29b7d04197e58631db5e174fffc95a46a943097b3e0215132ebeb12bcfe478a8,3,0.19,2,1538966812954,Sports,0.0722,0.46
WMgs4jyMmNvjSWPDZ,29b7d04197e58631db5e174fffc95a46a943097b3e0215132ebeb12bcfe478a8,4,0.71,2,1538966812954,Sports,0.16820000000000004,0.565
PBpSt8mNFWsHCy8So,29b7d04197e58631db5e174fffc95a46a943097b3e0215132ebeb12bcfe478a8,5,0.81,2,1538966812954,Sports,1.3122000000000003,0.455
5JbBXMESgEB7i9MAf,29b7d04197e58631db5e174fffc95a46a943097b3e0215132ebeb12bcfe478a8,6,0.18,2,1538966812954,Sports,0.0648,0.375
ATgXJe2wNccb2GaKd,29b7d04197e58631db5e174fffc95a46a943097b3e0215132ebeb12bcfe478a8,7,0.09,2,1538966842949,Politics,0.0162,0.205
km9H7T2uQAEoLhYuq,29b7d04197e58631db5e174fffc95a46a943097b3e0215132ebeb12bcfe478a8,8,0.78,2,1538966842949,Politics,0.09679999999999998,0.545
78jt4SQmFj6MuAWxd,29b7d04197e58631db5e174fffc95a46a943097b3e0215132ebeb12bcfe478a8,9,0.14,2,1538966842950,Politics,0.039200000000000006,0.415
9bNSMvnmLPjn8338Q,29b7d04197e58631db5e174fffc95a46a943097b3e0215132ebeb12bcfe478a8,10,0.25,2,1538966842950,Politics,0.125,0.41
aEzgYcr3kJWtbMPKj,29b7d04197e58631db5e174fffc95a46a943097b3e0215132ebeb12bcfe478a8,11,0.17,2,1538966842952,Politics,0.05780000000000001,0.525
k5KEz2TDWZbfzTozn,29b7d04197e58631db5e174fffc95a46a943097b3e0215132ebeb12bcfe478a8,12,0.41,2,1538966842952,Politics,0.33619999999999994,0.46
WwMsBuLrN4sA9nJE6,29b7d04197e58631db5e174fffc95a46a943097b3e0215132ebeb12bcfe478a8,13,0.51,2,1538966861837,Entertainment,0.5202,0.605
aTNrNz2A7AfFtbwEK,29b7d04197e58631db5e174fffc95a46a943097b3e0215132ebeb12bcfe478a8,14,0.39,2,1538966861838,Entertainment,0.7442,0.615
EaiXqvvv8K2gLxTAX,29b7d04197e58631db5e174fffc95a46a943097b3e0215132ebeb12bcfe478a8,15,0.64,2,1538966861838,Entertainment,0.8192,0.46
FKRXzcswmjc9JSp6e,29b7d04197e58631db5e174fffc95a46a943097b3e0215132ebeb12bcfe478a8,16,0.34,2,1538966861838,Entertainment,0.8711999999999998,0.63
yKCe7hp5PdDXudfkn,29b7d04197e58631db5e174fffc95a46a943097b3e0215132ebeb12bcfe478a8,17,0.44,2,1538966861838,Entertainment,0.3872,0.57
7R9hXGEWkR45mQtGn,29b7d04197e58631db5e174fffc95a46a943097b3e0215132ebeb12bcfe478a8,18,0.3,2,1538966861839,Entertainment,0.18,0.61
AappfqGwymaSY2Afc,cdc9764e084ef6908c567b0578c87d71b2d4250c9d59399b2d9981688ce098a9,1,0.21,2,1538967339457,Sports,1.2482000000000002,0.275
PvziyZj7GJJQzXR5E,cdc9764e084ef6908c567b0578c87d71b2d4250c9d59399b2d9981688ce098a9,2,1,2,1538967339458,Sports,2,0.575
hGhsAvKojmwCfet5M,cdc9764e084ef6908c567b0578c87d71b2d4250c9d59399b2d9981688ce098a9,3,0.82,2,1538967339458,Sports,1.3447999999999998,0.39
z6EbEtJbFwEjbvgp9,cdc9764e084ef6908c567b0578c87d71b2d4250c9d59399b2d9981688ce098a9,4,0.83,2,1538967339458,Sports,0.057800000000000025,0.565
gJ6zWM4sdGKHbrtB7,cdc9764e084ef6908c567b0578c87d71b2d4250c9d59399b2d9981688ce098a9,5,0.71,2,1538967339459,Sports,1.0082,0.515
sn2tf9ABiWBDodDs7,cdc9764e084ef6908c567b0578c87d71b2d4250c9d59399b2d9981688ce098a9,6,0.89,2,1538967339459,Sports,1.5842,0.51
yZ2mZY9XzyHnvXGSA,cdc9764e084ef6908c567b0578c87d71b2d4250c9d59399b2d9981688ce098a9,7,0.36,2,1538967390063,Politics,0.2592,0.66
FLFoJZBMqAkKPPPuu,cdc9764e084ef6908c567b0578c87d71b2d4250c9d59399b2d9981688ce098a9,8,1,2,1538967390063,Politics,0,0.545
RwRpwqHGdQn2Fj7Lo,cdc9764e084ef6908c567b0578c87d71b2d4250c9d59399b2d9981688ce098a9,9,1,2,1538967390066,Politics,2,0.455
KMbD7oXu34CtZyow9,cdc9764e084ef6908c567b0578c87d71b2d4250c9d59399b2d9981688ce098a9,10,0.5,2,1538967390066,Politics,0.5,0.45
5paRDs5t3BiwmRJ3Q,cdc9764e084ef6908c567b0578c87d71b2d4250c9d59399b2d9981688ce098a9,11,0.78,2,1538967390066,Politics,1.2168,0.375
xAHKvcpMM7pMB2gyc,cdc9764e084ef6908c567b0578c87d71b2d4250c9d59399b2d9981688ce098a9,12,0.39,2,1538967390066,Politics,0.3042,0.51
CEZuo9rxJ38mazhrd,cdc9764e084ef6908c567b0578c87d71b2d4250c9d59399b2d9981688ce098a9,13,0.83,2,1538967422486,Entertainment,1.3778,0.585
qi3nSoGJTwEYnze9C,cdc9764e084ef6908c567b0578c87d71b2d4250c9d59399b2d9981688ce098a9,14,0.89,2,1538967422486,Entertainment,0.024199999999999996,0.55
hkE6pYWHcbw2XacKH,cdc9764e084ef6908c567b0578c87d71b2d4250c9d59399b2d9981688ce098a9,15,0.54,2,1538967422488,Entertainment,0.5832,0.585
MNWvgfYaieb6BvK2x,cdc9764e084ef6908c567b0578c87d71b2d4250c9d59399b2d9981688ce098a9,16,0.78,2,1538967422488,Entertainment,0.09679999999999998,0.5
hwj9rgcjdF6BRGGEo,cdc9764e084ef6908c567b0578c87d71b2d4250c9d59399b2d9981688ce098a9,17,0.34,2,1538967422488,Entertainment,0.23120000000000004,0.55
C7arrGa9EtrGrANBN,cdc9764e084ef6908c567b0578c87d71b2d4250c9d59399b2d9981688ce098a9,18,0.5,2,1538967422489,Entertainment,0.5,0.46
gjSLmCYKaq8bwtWYc,bcb8b5dc73dfe5730fd972f4aeaf89ad90a8a70f73ec27c80e47891bb889f16f,1,0.5,2,1538968862255,Sports,0.5,0.71
sJy2m3xJooGT8Pv7c,bcb8b5dc73dfe5730fd972f4aeaf89ad90a8a70f73ec27c80e47891bb889f16f,2,0.25,2,1538968862256,Sports,0.125,0.44
i63MBB6KRrKeW5fAS,bcb8b5dc73dfe5730fd972f4aeaf89ad90a8a70f73ec27c80e47891bb889f16f,3,0.7,2,1538968862256,Sports,0.9799999999999999,0.5
Tdf2pB6HncXHpYuig,bcb8b5dc73dfe5730fd972f4aeaf89ad90a8a70f73ec27c80e47891bb889f16f,4,0.5,2,1538968862256,Sports,0.5,0.665
kQQiY2dAEod3cGfMA,bcb8b5dc73dfe5730fd972f4aeaf89ad90a8a70f73ec27c80e47891bb889f16f,5,0.25,2,1538968862256,Sports,0.125,0.535
YXvKeNHBKJzJXB354,bcb8b5dc73dfe5730fd972f4aeaf89ad90a8a70f73ec27c80e47891bb889f16f,6,0,2,1538968862256,Sports,0,0.295
fZuGgx8ZMsA94kkRy,bcb8b5dc73dfe5730fd972f4aeaf89ad90a8a70f73ec27c80e47891bb889f16f,7,0.75,2,1538968975694,Politics,1.125,0.66
z8bXeebiaCrDjXPyN,bcb8b5dc73dfe5730fd972f4aeaf89ad90a8a70f73ec27c80e47891bb889f16f,8,0.6,2,1538968975695,Politics,0.32000000000000006,0.6
DLE9Sf568LqgP84Eh,bcb8b5dc73dfe5730fd972f4aeaf89ad90a8a70f73ec27c80e47891bb889f16f,9,0.22,2,1538968975695,Politics,0.0968,0.495
Q8cDf9626ix6dnzBT,bcb8b5dc73dfe5730fd972f4aeaf89ad90a8a70f73ec27c80e47891bb889f16f,10,0.22,2,1538968975696,Politics,0.0968,0.445
JnuXQoCr5C7uFPe2t,bcb8b5dc73dfe5730fd972f4aeaf89ad90a8a70f73ec27c80e47891bb889f16f,11,0.11,2,1538968975696,Politics,0.0242,0.52
u4nS64DK57MeRspQ2,bcb8b5dc73dfe5730fd972f4aeaf89ad90a8a70f73ec27c80e47891bb889f16f,12,0.15,2,1538968975696,Politics,0.045,0.6
f6TNwp9r9FuYXWZiD,bcb8b5dc73dfe5730fd972f4aeaf89ad90a8a70f73ec27c80e47891bb889f16f,13,0.72,2,1538969367015,Entertainment,1.0368,0.62
EQxD8iNRP8i2pQts9,bcb8b5dc73dfe5730fd972f4aeaf89ad90a8a70f73ec27c80e47891bb889f16f,14,0.73,2,1538969367016,Entertainment,0.1458,0.64
daay3EYbreG68K8Pt,bcb8b5dc73dfe5730fd972f4aeaf89ad90a8a70f73ec27c80e47891bb889f16f,15,0.8,2,1538969367016,Entertainment,1.2800000000000002,0.56
6Z6Ly4psMeFiJQ6J8,bcb8b5dc73dfe5730fd972f4aeaf89ad90a8a70f73ec27c80e47891bb889f16f,16,0.2,2,1538969367016,Entertainment,1.2800000000000002,0.435
LuyfSB8ZrsQk89wFx,bcb8b5dc73dfe5730fd972f4aeaf89ad90a8a70f73ec27c80e47891bb889f16f,17,0.38,2,1538969367016,Entertainment,0.2888,0.6
q2ahW3iQHPweGEZvp,bcb8b5dc73dfe5730fd972f4aeaf89ad90a8a70f73ec27c80e47891bb889f16f,18,0.22,2,1538969367016,Entertainment,0.0968,0.445
3XdnTthqt2Rpn4LMN,b9bfd551ed6893de287046aaa8071a5432881bda72d6ae6185f3c816a09c73a7,1,0.5,2,1538969526354,Sports,0.5,0.605
hhtMiHfzkn2Wjqtq2,b9bfd551ed6893de287046aaa8071a5432881bda72d6ae6185f3c816a09c73a7,2,0.5,2,1538969526355,Sports,0.5,0.595
WwuvDBxpQcwQuJPcJ,b9bfd551ed6893de287046aaa8071a5432881bda72d6ae6185f3c816a09c73a7,3,0.5,2,1538969526356,Sports,0.5,0.54
YuRvFjpp82GstYKiq,b9bfd551ed6893de287046aaa8071a5432881bda72d6ae6185f3c816a09c73a7,4,0.5,2,1538969526357,Sports,0.5,0.65
FasCAZ3LmDbh5964B,b9bfd551ed6893de287046aaa8071a5432881bda72d6ae6185f3c816a09c73a7,5,0.8,2,1538969526358,Sports,1.2800000000000002,0.5
a6qko95wSLQR7LALq,b9bfd551ed6893de287046aaa8071a5432881bda72d6ae6185f3c816a09c73a7,6,0.5,2,1538969526359,Sports,0.5,0.58
vtoYftRq8yFRazJBz,b9bfd551ed6893de287046aaa8071a5432881bda72d6ae6185f3c816a09c73a7,7,1,2,1538969568138,Politics,2,0.625
ZWLZDqWXrRCP87t3K,b9bfd551ed6893de287046aaa8071a5432881bda72d6ae6185f3c816a09c73a7,8,1,2,1538969568139,Politics,0,0.59
CQ6j9KYnvAWoQBJfq,b9bfd551ed6893de287046aaa8071a5432881bda72d6ae6185f3c816a09c73a7,9,1,2,1538969568139,Politics,2,0.525
6YBvAHje4CvEREapv,b9bfd551ed6893de287046aaa8071a5432881bda72d6ae6185f3c816a09c73a7,10,0.1,2,1538969568140,Politics,0.020000000000000004,0.45
6LJLjSAaKHDQLRPbA,b9bfd551ed6893de287046aaa8071a5432881bda72d6ae6185f3c816a09c73a7,11,0.62,2,1538969568141,Politics,0.7688,0.385
c4NyNEBdFSWHLXBHQ,b9bfd551ed6893de287046aaa8071a5432881bda72d6ae6185f3c816a09c73a7,12,0.22,2,1538969568141,Politics,0.0968,0.405
NvDKSxekrdM4CfKfq,b9bfd551ed6893de287046aaa8071a5432881bda72d6ae6185f3c816a09c73a7,13,0.76,2,1538969591537,Entertainment,1.1552,0.565
vNwmgXN6ZAwpweitd,b9bfd551ed6893de287046aaa8071a5432881bda72d6ae6185f3c816a09c73a7,14,0.81,2,1538969591537,Entertainment,0.07219999999999996,0.54
FcrnFeD4gP8JegF9b,b9bfd551ed6893de287046aaa8071a5432881bda72d6ae6185f3c816a09c73a7,15,0.34,2,1538969591539,Entertainment,0.23120000000000004,0.62
fT7kDZmqegK7qdJKf,b9bfd551ed6893de287046aaa8071a5432881bda72d6ae6185f3c816a09c73a7,16,0.34,2,1538969591540,Entertainment,0.8711999999999998,0.625
9Eo6N9ThSMcRudhxg,b9bfd551ed6893de287046aaa8071a5432881bda72d6ae6185f3c816a09c73a7,17,0.65,2,1538969591540,Entertainment,0.8450000000000001,0.465
Y26dNAfc36iiv53sT,b9bfd551ed6893de287046aaa8071a5432881bda72d6ae6185f3c816a09c73a7,18,0.16,2,1538969591541,Entertainment,0.0512,0.38
WdBXF9BDPhC5DBFJQ,1b031989624c642dc477af6e42aef121a677df366f64da823156e435e75e2486,1,0.51,2,1538970512283,Sports,0.48019999999999996,0.645
pyijRDKjKLy64Weku,1b031989624c642dc477af6e42aef121a677df366f64da823156e435e75e2486,2,0.73,2,1538970512285,Sports,1.0657999999999999,0.6
JoyioJXRnox2CXYBp,1b031989624c642dc477af6e42aef121a677df366f64da823156e435e75e2486,3,0.19,2,1538970512287,Sports,0.0722,0.46
7LAcWdsEM6iXNvoTN,1b031989624c642dc477af6e42aef121a677df366f64da823156e435e75e2486,4,0.88,2,1538970512288,Sports,0.0288,0.63
jixHq8WBWH6QwRtxG,1b031989624c642dc477af6e42aef121a677df366f64da823156e435e75e2486,5,0.5,2,1538970512289,Sports,0.5,0.58
FRKgeRrG5Xy7Abc4T,1b031989624c642dc477af6e42aef121a677df366f64da823156e435e75e2486,6,0.47,2,1538970512290,Sports,0.44179999999999997,0.57
F7dJ84aCf4uvXhYjg,1b031989624c642dc477af6e42aef121a677df366f64da823156e435e75e2486,7,0.28,2,1538970583971,Politics,0.15680000000000002,0.425
uTHwYNmGNbJxaEvJe,1b031989624c642dc477af6e42aef121a677df366f64da823156e435e75e2486,8,0.21,2,1538970583971,Politics,1.2482000000000002,0.455
vDbMNwtk7A3JoEjcp,1b031989624c642dc477af6e42aef121a677df366f64da823156e435e75e2486,9,0.31,2,1538970583972,Politics,0.1922,0.665
tWRQeyRiMq6oAQ67a,1b031989624c642dc477af6e42aef121a677df366f64da823156e435e75e2486,10,0.83,2,1538970583973,Politics,1.3778,0.39
EMFzjE2SAz9kmtrfn,1b031989624c642dc477af6e42aef121a677df366f64da823156e435e75e2486,11,0.75,2,1538970583974,Politics,1.125,0.385
CX7mvCsGh4qQ3YgPx,1b031989624c642dc477af6e42aef121a677df366f64da823156e435e75e2486,12,0.87,2,1538970583976,Politics,1.5138,0.315
qkrDctQXEgToSydKS,1b031989624c642dc477af6e42aef121a677df366f64da823156e435e75e2486,13,0.08,2,1538970672130,Entertainment,0.0128,0.22
MujvR2uG7iCYz6fbq,1b031989624c642dc477af6e42aef121a677df366f64da823156e435e75e2486,14,0.69,2,1538970672131,Entertainment,0.19220000000000007,0.61
psY9qJgNcPefWdQok,1b031989624c642dc477af6e42aef121a677df366f64da823156e435e75e2486,15,0.72,2,1538970672131,Entertainment,1.0368,0.51
fZydQR5jMuLyqaw2f,1b031989624c642dc477af6e42aef121a677df366f64da823156e435e75e2486,16,0.76,2,1538970672132,Entertainment,0.1152,0.535
pBsQLsEis7X6FAAhb,1b031989624c642dc477af6e42aef121a677df366f64da823156e435e75e2486,17,0.23,2,1538970672132,Entertainment,0.1058,0.4
e2iZSAaRiMQ3sGxAL,1b031989624c642dc477af6e42aef121a677df366f64da823156e435e75e2486,18,0.25,2,1538970672132,Entertainment,0.125,0.49
7863nMNMbZWBpxnQL,206099abd44d621fc1cbc42ce381e61e8e2f5b6148abe538814a668d17cbcd99,13,1,2,1538970935147,Entertainment,2,0.6
rp3Tw74Hz9Sjcq34L,206099abd44d621fc1cbc42ce381e61e8e2f5b6148abe538814a668d17cbcd99,14,1,2,1538970935147,Entertainment,0,0.645
k6gRjCRtMwRQ26D9g,206099abd44d621fc1cbc42ce381e61e8e2f5b6148abe538814a668d17cbcd99,15,0.14,2,1538970935148,Entertainment,0.039200000000000006,0.335
yC7mCXChoXEJZeDHM,206099abd44d621fc1cbc42ce381e61e8e2f5b6148abe538814a668d17cbcd99,16,1,2,1538970935148,Entertainment,0,0.53
bJy5SDAaQWit7iTxu,206099abd44d621fc1cbc42ce381e61e8e2f5b6148abe538814a668d17cbcd99,17,1,2,1538970935148,Entertainment,2,0.5
JndsGXGifPwr3FB5R,206099abd44d621fc1cbc42ce381e61e8e2f5b6148abe538814a668d17cbcd99,18,1,2,1538970935149,Entertainment,2,0.555
2kAz3ER5iZaCDrtSP,6b2813b43a6bf8e969b3b72c9c239dbe67bc6c94176f736698c6de9fe2bdf5a6,1,0.61,2,1538971537417,Sports,0.3042,0.55
Lt8H7qJZXdBnc24GD,6b2813b43a6bf8e969b3b72c9c239dbe67bc6c94176f736698c6de9fe2bdf5a6,2,0.46,2,1538971537417,Sports,0.4232,0.64
MSwzvTJW8SKHH6fKJ,6b2813b43a6bf8e969b3b72c9c239dbe67bc6c94176f736698c6de9fe2bdf5a6,3,0.53,2,1538971537418,Sports,0.5618000000000001,0.455
xYJCePSPKyZFsXam4,6b2813b43a6bf8e969b3b72c9c239dbe67bc6c94176f736698c6de9fe2bdf5a6,4,0.41,2,1538971537418,Sports,0.6962000000000002,0.65
EXXsz8qykvdq574NG,6b2813b43a6bf8e969b3b72c9c239dbe67bc6c94176f736698c6de9fe2bdf5a6,5,0.43,2,1538971537418,Sports,0.36979999999999996,0.565
cARTWFbQNZr5rAJxY,6b2813b43a6bf8e969b3b72c9c239dbe67bc6c94176f736698c6de9fe2bdf5a6,6,0.65,2,1538971537419,Sports,0.8450000000000001,0.515
v2zzik6sWeXDYZ3t9,6b2813b43a6bf8e969b3b72c9c239dbe67bc6c94176f736698c6de9fe2bdf5a6,7,0.28,2,1538971555200,Politics,0.15680000000000002,0.305
zFpNN9neHCNQWCGu8,6b2813b43a6bf8e969b3b72c9c239dbe67bc6c94176f736698c6de9fe2bdf5a6,8,0.69,2,1538971555201,Politics,0.19220000000000007,0.53
v23KWTbwLjyDRHrAb,6b2813b43a6bf8e969b3b72c9c239dbe67bc6c94176f736698c6de9fe2bdf5a6,9,0.36,2,1538971555201,Politics,0.2592,0.62
HJSaE4YmWA9zqehYN,6b2813b43a6bf8e969b3b72c9c239dbe67bc6c94176f736698c6de9fe2bdf5a6,10,0.28,2,1538971555202,Politics,0.15680000000000002,0.385
gHuCbbaJswiEf9QZf,6b2813b43a6bf8e969b3b72c9c239dbe67bc6c94176f736698c6de9fe2bdf5a6,11,0.5,2,1538971555204,Politics,0.5,0.425
EmQBPkPNezXvT8Gj6,6b2813b43a6bf8e969b3b72c9c239dbe67bc6c94176f736698c6de9fe2bdf5a6,12,0.5,2,1538971555205,Politics,0.5,0.42
6jXWGabbqab8QcSCk,6b2813b43a6bf8e969b3b72c9c239dbe67bc6c94176f736698c6de9fe2bdf5a6,13,0.7,2,1538971574604,Entertainment,0.9799999999999999,0.52
GbAfdTcNgFs4M9zXq,6b2813b43a6bf8e969b3b72c9c239dbe67bc6c94176f736698c6de9fe2bdf5a6,14,0.65,2,1538971574606,Entertainment,0.24499999999999997,0.545
aYH5XKLGQyugbAsXt,6b2813b43a6bf8e969b3b72c9c239dbe67bc6c94176f736698c6de9fe2bdf5a6,15,0.5,2,1538971574608,Entertainment,0.5,0.55
o6ApixXoDR62NKbJo,6b2813b43a6bf8e969b3b72c9c239dbe67bc6c94176f736698c6de9fe2bdf5a6,16,0.5,2,1538971574610,Entertainment,0.5,0.53
3WB7JxYwngD6L9qY4,6b2813b43a6bf8e969b3b72c9c239dbe67bc6c94176f736698c6de9fe2bdf5a6,17,0.6,2,1538971574612,Entertainment,0.72,0.425
GQ9hkrsfsaJunSoGg,6b2813b43a6bf8e969b3b72c9c239dbe67bc6c94176f736698c6de9fe2bdf5a6,18,0.5,2,1538971574614,Entertainment,0.5,0.5
xNyd5baJkBzrdwEm3,493d3b61943dca70779d6c58b4c13b3e60d4bd047c0d10590e79702146eede8b,1,0.6,2,1538972428049,Sports,0.32000000000000006,0.56
YMqHLCXknSYyX32hn,493d3b61943dca70779d6c58b4c13b3e60d4bd047c0d10590e79702146eede8b,2,0.6,2,1538972428052,Sports,0.72,0.53
9E4Mq3YBSD4HX2LdW,493d3b61943dca70779d6c58b4c13b3e60d4bd047c0d10590e79702146eede8b,3,0.4,2,1538972428055,Sports,0.32000000000000006,0.46
TJXX6r4N77KdvfQmn,493d3b61943dca70779d6c58b4c13b3e60d4bd047c0d10590e79702146eede8b,4,0.3,2,1538972428056,Sports,0.9799999999999999,0.64
78EA6cgMNg37ssXYb,493d3b61943dca70779d6c58b4c13b3e60d4bd047c0d10590e79702146eede8b,5,0.5,2,1538972428058,Sports,0.5,0.57
DHdRHcNBaRh7z5jio,493d3b61943dca70779d6c58b4c13b3e60d4bd047c0d10590e79702146eede8b,6,0.6,2,1538972428063,Sports,0.72,0.555
r5FYZ5KnL2JAACbsh,493d3b61943dca70779d6c58b4c13b3e60d4bd047c0d10590e79702146eede8b,7,0.4,2,1538972442294,Politics,0.32000000000000006,0.59
TLGWdfGuMEYfxdMCe,493d3b61943dca70779d6c58b4c13b3e60d4bd047c0d10590e79702146eede8b,8,0.6,2,1538972442298,Politics,0.32000000000000006,0.58
vun6cNJajhsxe4B5u,493d3b61943dca70779d6c58b4c13b3e60d4bd047c0d10590e79702146eede8b,9,0.4,2,1538972442300,Politics,0.32000000000000006,0.605
wuTFFign2Bbkib7gL,493d3b61943dca70779d6c58b4c13b3e60d4bd047c0d10590e79702146eede8b,10,0.3,2,1538972442313,Politics,0.18,0.55
h5q5CrAMpywMekaJb,493d3b61943dca70779d6c58b4c13b3e60d4bd047c0d10590e79702146eede8b,11,0.2,2,1538972442315,Politics,0.08000000000000002,0.475
qm2xSTviH5tWgXHcr,493d3b61943dca70779d6c58b4c13b3e60d4bd047c0d10590e79702146eede8b,12,0.11,2,1538972442316,Politics,0.0242,0.465
2xeYzmtsnMFFrovft,493d3b61943dca70779d6c58b4c13b3e60d4bd047c0d10590e79702146eede8b,13,0.1,2,1538972471078,Entertainment,0.020000000000000004,0.325
Mk6v5YWtgFvoWij2A,493d3b61943dca70779d6c58b4c13b3e60d4bd047c0d10590e79702146eede8b,14,0.2,2,1538972471084,Entertainment,1.2800000000000002,0.295
poG6DsQTaTgAmXY9a,493d3b61943dca70779d6c58b4c13b3e60d4bd047c0d10590e79702146eede8b,15,0.55,2,1538972471088,Entertainment,0.6050000000000001,0.535
DQ57eCWiFRmiHfoeR,493d3b61943dca70779d6c58b4c13b3e60d4bd047c0d10590e79702146eede8b,16,0.36,2,1538972471091,Entertainment,0.8192,0.615
qoDuAyMhXeLE8QoYZ,493d3b61943dca70779d6c58b4c13b3e60d4bd047c0d10590e79702146eede8b,17,0.598,2,1538972471094,Entertainment,0.715208,0.55
sTSqpMdt7yALSsu4f,493d3b61943dca70779d6c58b4c13b3e60d4bd047c0d10590e79702146eede8b,18,0.6,2,1538972471096,Entertainment,0.72,0.445
5PNtrMwsYZaWX2Ec5,d0b09204f6e74a3f839d2587d02ef652d0bd2995e4981347f7429d77e8313818,7,0.5,2,1538974523294,Politics,0.5,0.615
aLdG4ie68dTcjhCWA,d0b09204f6e74a3f839d2587d02ef652d0bd2995e4981347f7429d77e8313818,8,0.5,2,1538974523294,Politics,0.5,0.6
xjyNzkGadJ6TX6QkA,d0b09204f6e74a3f839d2587d02ef652d0bd2995e4981347f7429d77e8313818,9,0.5,2,1538974523294,Politics,0.5,0.585
wRm8C43DZAv2H4Bco,d0b09204f6e74a3f839d2587d02ef652d0bd2995e4981347f7429d77e8313818,10,0.38,2,1538974523294,Politics,0.2888,0.52
Yi7K7hA8oc78QDZeD,d0b09204f6e74a3f839d2587d02ef652d0bd2995e4981347f7429d77e8313818,11,0.16,2,1538974523294,Politics,0.0512,0.39
WhkB36q2hb9zLyPRn,d0b09204f6e74a3f839d2587d02ef652d0bd2995e4981347f7429d77e8313818,12,0.28,2,1538974523294,Politics,0.15680000000000002,0.38
ZAqqwpioWsaQESvgL,d0b09204f6e74a3f839d2587d02ef652d0bd2995e4981347f7429d77e8313818,13,0.44,2,1538974739016,Entertainment,0.3872,0.565
yNdx5hkZqX4tznWo4,d0b09204f6e74a3f839d2587d02ef652d0bd2995e4981347f7429d77e8313818,14,0.61,2,1538974739016,Entertainment,0.3042,0.58
uA6fZ4JSYA3eCv2HD,d0b09204f6e74a3f839d2587d02ef652d0bd2995e4981347f7429d77e8313818,15,0.34,2,1538974739017,Entertainment,0.23120000000000004,0.57
RMjn5q6ZGveFQNsFT,d0b09204f6e74a3f839d2587d02ef652d0bd2995e4981347f7429d77e8313818,16,0.5,2,1538974739017,Entertainment,0.5,0.515
R8kegdGf9kZaCtatN,d0b09204f6e74a3f839d2587d02ef652d0bd2995e4981347f7429d77e8313818,17,0.56,2,1538974739018,Entertainment,0.6272000000000001,0.465
tNtaWr8H8mPppQxRg,d0b09204f6e74a3f839d2587d02ef652d0bd2995e4981347f7429d77e8313818,18,0.72,2,1538974739018,Entertainment,1.0368,0.445
BqDj7QvRQLdRkfX56,8c5f52fe38ffbcfbf433078938c1666d501514eee6817e661193cd72013cf280,1,0.47,2,1538975498746,Sports,0.5618000000000001,0.625
49cvfjg3Mv2GsAqpi,8c5f52fe38ffbcfbf433078938c1666d501514eee6817e661193cd72013cf280,2,0.77,2,1538975498746,Sports,1.1858,0.575
6ygsuomznmkMn3fht,8c5f52fe38ffbcfbf433078938c1666d501514eee6817e661193cd72013cf280,3,0.56,2,1538975498747,Sports,0.6272000000000001,0.475
7EE7KzLkBT42XLu2B,8c5f52fe38ffbcfbf433078938c1666d501514eee6817e661193cd72013cf280,4,0.41,2,1538975498748,Sports,0.6962000000000002,0.655
e9Cgr7yw5YJRvxh6C,8c5f52fe38ffbcfbf433078938c1666d501514eee6817e661193cd72013cf280,5,0.7,2,1538975498748,Sports,0.9799999999999999,0.435
kNS8dMtWonX2RStwZ,8c5f52fe38ffbcfbf433078938c1666d501514eee6817e661193cd72013cf280,6,0.66,2,1538975498749,Sports,0.8712000000000001,0.48
wqB9nzMFfNMndZv4A,8c5f52fe38ffbcfbf433078938c1666d501514eee6817e661193cd72013cf280,7,0.55,2,1538975509186,Politics,0.6050000000000001,0.615
QMKaSsMNA9h36FBZp,8c5f52fe38ffbcfbf433078938c1666d501514eee6817e661193cd72013cf280,8,0.5,2,1538975509186,Politics,0.5,0.55
HdLYaxF5kDock7EAa,8c5f52fe38ffbcfbf433078938c1666d501514eee6817e661193cd72013cf280,9,0.5,2,1538975509187,Politics,0.5,0.555
n4PdKdmT92zAk5gJC,8c5f52fe38ffbcfbf433078938c1666d501514eee6817e661193cd72013cf280,10,0.53,2,1538975509187,Politics,0.5618000000000001,0.44
wKccbNTnw7gYRJZey,8c5f52fe38ffbcfbf433078938c1666d501514eee6817e661193cd72013cf280,11,0.55,2,1538975509187,Politics,0.6050000000000001,0.455
Xb5P4m7MQsxFYT9Ci,8c5f52fe38ffbcfbf433078938c1666d501514eee6817e661193cd72013cf280,12,0.51,2,1538975509188,Politics,0.5202,0.415
CF9WRCRP6z6MFrrjw,8c5f52fe38ffbcfbf433078938c1666d501514eee6817e661193cd72013cf280,13,0.58,2,1538975517872,Entertainment,0.6728,0.505
JmaMcXzyweugJ2yis,8c5f52fe38ffbcfbf433078938c1666d501514eee6817e661193cd72013cf280,14,0.64,2,1538975517872,Entertainment,0.2592,0.575
qYxcukpMWnJi9Ky7P,8c5f52fe38ffbcfbf433078938c1666d501514eee6817e661193cd72013cf280,15,0.28,2,1538975517873,Entertainment,0.15680000000000002,0.35
ZBoQqJSF3bxWoLL3W,8c5f52fe38ffbcfbf433078938c1666d501514eee6817e661193cd72013cf280,16,0.78,2,1538975517874,Entertainment,0.09679999999999998,0.48
rweXnnbL4zpMajoWv,8c5f52fe38ffbcfbf433078938c1666d501514eee6817e661193cd72013cf280,17,0.54,2,1538975517875,Entertainment,0.5832,0.49
WhL2qHRbR5d5ZseZA,8c5f52fe38ffbcfbf433078938c1666d501514eee6817e661193cd72013cf280,18,0.61,2,1538975517875,Entertainment,0.7442,0.485
2qtafrYforQmzQTdq,7a119254294c5faeeb3f4cb95f996124604b9dbac0e836aeb669ee721bcaca96,1,0.78,2,1538975621866,Sports,0.09679999999999998,0.53
AE7xfp4kse4TLTrAv,7a119254294c5faeeb3f4cb95f996124604b9dbac0e836aeb669ee721bcaca96,2,0.6,2,1538975621869,Sports,0.72,0.49
NS5Ysh6atyj6tE2Gg,7a119254294c5faeeb3f4cb95f996124604b9dbac0e836aeb669ee721bcaca96,3,0.31,2,1538975621871,Sports,0.1922,0.575
btQaBYQG8Q8G4BSGp,7a119254294c5faeeb3f4cb95f996124604b9dbac0e836aeb669ee721bcaca96,4,0.3,2,1538975621872,Sports,0.9799999999999999,0.635
LLHwBG89YenZCe8RF,7a119254294c5faeeb3f4cb95f996124604b9dbac0e836aeb669ee721bcaca96,5,0.55,2,1538975621875,Sports,0.6050000000000001,0.485
SRGaN3mZNXeFtyMFh,7a119254294c5faeeb3f4cb95f996124604b9dbac0e836aeb669ee721bcaca96,6,0.5,2,1538975621881,Sports,0.5,0.5
PXjEMuZygoWX6q9do,7a119254294c5faeeb3f4cb95f996124604b9dbac0e836aeb669ee721bcaca96,7,0.65,2,1538975647120,Politics,0.8450000000000001,0.6
6DQkhd4RAAQ3qgCXN,7a119254294c5faeeb3f4cb95f996124604b9dbac0e836aeb669ee721bcaca96,8,0.48,2,1538975647124,Politics,0.5408000000000001,0.61
s3NWjTza9JixKEX9Z,7a119254294c5faeeb3f4cb95f996124604b9dbac0e836aeb669ee721bcaca96,9,0.41,2,1538975647127,Politics,0.33619999999999994,0.585
x2QuRS988JigRWHQN,7a119254294c5faeeb3f4cb95f996124604b9dbac0e836aeb669ee721bcaca96,10,0.49,2,1538975647138,Politics,0.48019999999999996,0.4
mvcs2jXKreTno2ZHg,7a119254294c5faeeb3f4cb95f996124604b9dbac0e836aeb669ee721bcaca96,11,0.22,2,1538975647140,Politics,0.0968,0.4
fmazYo2Xr2bHD2jfh,7a119254294c5faeeb3f4cb95f996124604b9dbac0e836aeb669ee721bcaca96,12,0.19,2,1538975647142,Politics,0.0722,0.46
ziLbcYpDPoxbqyFNf,7a119254294c5faeeb3f4cb95f996124604b9dbac0e836aeb669ee721bcaca96,13,0.6,2,1538975666798,Entertainment,0.72,0.525
525PCdmPiC3Ezdhcz,7a119254294c5faeeb3f4cb95f996124604b9dbac0e836aeb669ee721bcaca96,14,0.4,2,1538975666814,Entertainment,0.72,0.57
P9NvASfagMpLoEFG7,7a119254294c5faeeb3f4cb95f996124604b9dbac0e836aeb669ee721bcaca96,15,0.5,2,1538975666820,Entertainment,0.5,0.54
AzMZhPKgfb33MmFZ9,7a119254294c5faeeb3f4cb95f996124604b9dbac0e836aeb669ee721bcaca96,16,0.5,2,1538975666825,Entertainment,0.5,0.535
gvLjZtohccjqhTPbt,7a119254294c5faeeb3f4cb95f996124604b9dbac0e836aeb669ee721bcaca96,17,0.5,2,1538975666830,Entertainment,0.5,0.54
uiYoEMayhmBsSqeCs,7a119254294c5faeeb3f4cb95f996124604b9dbac0e836aeb669ee721bcaca96,18,0.3,2,1538975666833,Entertainment,0.18,0.565
NJKHyHYgFsXL38NbN,f311b497cef93faa4a85d0312a543a7a6d5a8dede1ee4478e241bd212ca3028d,1,0.11,2,1538976896670,Sports,1.5842,0.345
i4vJoHJENMfCKQuKM,f311b497cef93faa4a85d0312a543a7a6d5a8dede1ee4478e241bd212ca3028d,2,0.6,2,1538976896674,Sports,0.72,0.575
wmu8HHG96B86ywWta,f311b497cef93faa4a85d0312a543a7a6d5a8dede1ee4478e241bd212ca3028d,3,0.05,2,1538976896675,Sports,0.005000000000000001,0.31
FXMuovjdQcoiLXTsg,f311b497cef93faa4a85d0312a543a7a6d5a8dede1ee4478e241bd212ca3028d,4,0.86,2,1538976896676,Sports,0.039200000000000006,0.62
S6rkmvmRzEJhb26Qj,f311b497cef93faa4a85d0312a543a7a6d5a8dede1ee4478e241bd212ca3028d,5,0.2,2,1538976896676,Sports,0.08000000000000002,0.475
9kJmeQc3ee8JcAAya,f311b497cef93faa4a85d0312a543a7a6d5a8dede1ee4478e241bd212ca3028d,6,0.56,2,1538976896677,Sports,0.6272000000000001,0.59
Mhj8u7v7qLbcBzj6G,f311b497cef93faa4a85d0312a543a7a6d5a8dede1ee4478e241bd212ca3028d,7,1,2,1538977046505,Politics,2,0.605
ckr3Dxf9JD53ZDB54,f311b497cef93faa4a85d0312a543a7a6d5a8dede1ee4478e241bd212ca3028d,8,0.7,2,1538977046505,Politics,0.18000000000000005,0.6
7danRHp3YwoBGatkz,f311b497cef93faa4a85d0312a543a7a6d5a8dede1ee4478e241bd212ca3028d,9,0.39,2,1538977046506,Politics,0.3042,0.655
hxFoaP9WzN9fLgabS,f311b497cef93faa4a85d0312a543a7a6d5a8dede1ee4478e241bd212ca3028d,10,0.37,2,1538977046507,Politics,0.2738,0.615
Ztqma4sCsT4gXtGX7,f311b497cef93faa4a85d0312a543a7a6d5a8dede1ee4478e241bd212ca3028d,11,0.16,2,1538977046507,Politics,0.0512,0.575
DHD5rgFhgeR8haosW,f311b497cef93faa4a85d0312a543a7a6d5a8dede1ee4478e241bd212ca3028d,12,0.27,2,1538977046507,Politics,0.1458,0.53
mXDMqKBDSYK7Xnxz2,f311b497cef93faa4a85d0312a543a7a6d5a8dede1ee4478e241bd212ca3028d,13,0.11,2,1538977198666,Entertainment,0.0242,0.34
wPRo363RyapToJFLj,f311b497cef93faa4a85d0312a543a7a6d5a8dede1ee4478e241bd212ca3028d,14,1,2,1538977198667,Entertainment,0,0.655
t9WsfNRsCANqeitFx,f311b497cef93faa4a85d0312a543a7a6d5a8dede1ee4478e241bd212ca3028d,15,0.61,2,1538977198668,Entertainment,0.7442,0.555
4mBg6gwa9MzCWSHZx,f311b497cef93faa4a85d0312a543a7a6d5a8dede1ee4478e241bd212ca3028d,16,0.71,2,1538977198668,Entertainment,0.16820000000000004,0.57
ZJoQNa4x4iAANCK4m,f311b497cef93faa4a85d0312a543a7a6d5a8dede1ee4478e241bd212ca3028d,17,0.16,2,1538977198669,Entertainment,0.0512,0.425
24rtRkj38aEYWATkZ,f311b497cef93faa4a85d0312a543a7a6d5a8dede1ee4478e241bd212ca3028d,18,0.6,2,1538977198670,Entertainment,0.72,0.555
fPJxiKsZC2gd4sjFk,ebc47cb3d90a8897470c6143a3222605d3478433423ae796f7a3f874da2876fb,1,0,2,1538986292081,Sports,2,0.32
Lu439oows4TXxkSKx,ebc47cb3d90a8897470c6143a3222605d3478433423ae796f7a3f874da2876fb,2,0,2,1538986292086,Sports,0,0.28
dMjYAtKNHrzF7fwXw,ebc47cb3d90a8897470c6143a3222605d3478433423ae796f7a3f874da2876fb,3,0.26,2,1538986292090,Sports,0.13520000000000001,0.565
qTMS4f8vz4yFAmJBE,ebc47cb3d90a8897470c6143a3222605d3478433423ae796f7a3f874da2876fb,4,1,2,1538986292093,Sports,0,0.685
uejsfBX59GrffFepa,ebc47cb3d90a8897470c6143a3222605d3478433423ae796f7a3f874da2876fb,5,0.74,2,1538986292096,Sports,1.0952,0.565
PDxqXyP4tAGiosyRK,ebc47cb3d90a8897470c6143a3222605d3478433423ae796f7a3f874da2876fb,6,0,2,1538986292098,Sports,0,0.345
8xveQiRZ6CudwKEyB,ebc47cb3d90a8897470c6143a3222605d3478433423ae796f7a3f874da2876fb,7,0,2,1538986433057,Politics,0,0.305
SkGyHdJXj5zyhXgfy,ebc47cb3d90a8897470c6143a3222605d3478433423ae796f7a3f874da2876fb,8,0,2,1538986433064,Politics,2,0.355
An3YXRHXpJMFayYim,ebc47cb3d90a8897470c6143a3222605d3478433423ae796f7a3f874da2876fb,9,0.85,2,1538986433070,Politics,1.4449999999999998,0.62
TB4TzSp7v6MoiWhRk,ebc47cb3d90a8897470c6143a3222605d3478433423ae796f7a3f874da2876fb,10,0,2,1538986433073,Politics,0,0.455
6pXzaSxidu8zH5Kxy,ebc47cb3d90a8897470c6143a3222605d3478433423ae796f7a3f874da2876fb,11,0.63,2,1538986433076,Politics,0.7938000000000001,0.495
WGNfiqM4MwYDi9cQt,ebc47cb3d90a8897470c6143a3222605d3478433423ae796f7a3f874da2876fb,12,1,2,1538986433078,Politics,2,0.455
yvaNJqLQf2wTRZAHx,ebc47cb3d90a8897470c6143a3222605d3478433423ae796f7a3f874da2876fb,13,0.19,2,1538986530042,Entertainment,0.0722,0.4
LT9TNNkaESjM9oJAf,ebc47cb3d90a8897470c6143a3222605d3478433423ae796f7a3f874da2876fb,14,0,2,1538986530044,Entertainment,2,0.335
TPx5zTNuem8L3ijfQ,ebc47cb3d90a8897470c6143a3222605d3478433423ae796f7a3f874da2876fb,15,0.71,2,1538986530047,Entertainment,1.0082,0.655
jCANZWmDX39hfM86S,ebc47cb3d90a8897470c6143a3222605d3478433423ae796f7a3f874da2876fb,16,0.48,2,1538986530049,Entertainment,0.5408000000000001,0.685
HoYNtyRjAm4ANEEiF,ebc47cb3d90a8897470c6143a3222605d3478433423ae796f7a3f874da2876fb,17,0,2,1538986530050,Entertainment,0,0.42
6oHoKHWgZvFpnZEQ8,ebc47cb3d90a8897470c6143a3222605d3478433423ae796f7a3f874da2876fb,18,0.46,2,1538986530056,Entertainment,0.4232,0.63
Qu8jgibCSxq5uCuy6,e57c1fdb92bdc799016bdf208f2768f72c91f109ce5ff6cc45aaed7ea47ebd4a,7,0.75,2,1538991619289,Politics,1.125,0.65
jB6xAA287wqNEMS3B,e57c1fdb92bdc799016bdf208f2768f72c91f109ce5ff6cc45aaed7ea47ebd4a,8,0.3,2,1538991619291,Politics,0.9799999999999999,0.67
YATFvigcdkkd52WTq,e57c1fdb92bdc799016bdf208f2768f72c91f109ce5ff6cc45aaed7ea47ebd4a,9,0.76,2,1538991619293,Politics,1.1552,0.595
64qxB8KQSuDYDg3rb,e57c1fdb92bdc799016bdf208f2768f72c91f109ce5ff6cc45aaed7ea47ebd4a,10,0.66,2,1538991619295,Politics,0.8712000000000001,0.4
PcZAeBW3egkztjgH5,e57c1fdb92bdc799016bdf208f2768f72c91f109ce5ff6cc45aaed7ea47ebd4a,11,0.2,2,1538991619297,Politics,0.08000000000000002,0.455
Ka7W8Sp9dez5DsTYT,e57c1fdb92bdc799016bdf208f2768f72c91f109ce5ff6cc45aaed7ea47ebd4a,12,0.63,2,1538991619302,Politics,0.7938000000000001,0.395
WfyeBgDzexrC8kzck,e57c1fdb92bdc799016bdf208f2768f72c91f109ce5ff6cc45aaed7ea47ebd4a,13,0.79,2,1538991662359,Entertainment,1.2482000000000002,0.59
sEdRLQF7obyxykLqH,e57c1fdb92bdc799016bdf208f2768f72c91f109ce5ff6cc45aaed7ea47ebd4a,14,0.62,2,1538991662360,Entertainment,0.2888,0.61
qYoqAxy9HQF7R7JQi,e57c1fdb92bdc799016bdf208f2768f72c91f109ce5ff6cc45aaed7ea47ebd4a,15,0.19,2,1538991662362,Entertainment,0.0722,0.43
yTbDNe6xyGAoZr3BF,e57c1fdb92bdc799016bdf208f2768f72c91f109ce5ff6cc45aaed7ea47ebd4a,16,0.71,2,1538991662364,Entertainment,0.16820000000000004,0.535
DPortPYzredyArCFX,e57c1fdb92bdc799016bdf208f2768f72c91f109ce5ff6cc45aaed7ea47ebd4a,17,0.63,2,1538991662365,Entertainment,0.7938000000000001,0.47
R8qXnn8fExm7uNMz9,e57c1fdb92bdc799016bdf208f2768f72c91f109ce5ff6cc45aaed7ea47ebd4a,18,0.39,2,1538991662366,Entertainment,0.3042,0.66
BScR7SJtWyq2uBt2L,016dd4ad47b230cfe3f0b9f53def1a2b1278eee17614c65f69bb1cb6bb712f2b,1,0.48,2,1538998355895,Sports,0.5408000000000001,0.62
dyxWRXRkuHrAAq2q2,016dd4ad47b230cfe3f0b9f53def1a2b1278eee17614c65f69bb1cb6bb712f2b,2,0.76,2,1538998355896,Sports,1.1552,0.55
Cw7CuYucvirnYMtKK,016dd4ad47b230cfe3f0b9f53def1a2b1278eee17614c65f69bb1cb6bb712f2b,3,0.34,2,1538998355896,Sports,0.23120000000000004,0.57
vePpMSgbFXWXaDHky,016dd4ad47b230cfe3f0b9f53def1a2b1278eee17614c65f69bb1cb6bb712f2b,4,0.34,2,1538998355897,Sports,0.8711999999999998,0.63
aPWbrDPuskcpndb3W,016dd4ad47b230cfe3f0b9f53def1a2b1278eee17614c65f69bb1cb6bb712f2b,5,0.62,2,1538998355898,Sports,0.7688,0.5
87J4KZKG3XqvZ7xqY,016dd4ad47b230cfe3f0b9f53def1a2b1278eee17614c65f69bb1cb6bb712f2b,6,0.66,2,1538998355898,Sports,0.8712000000000001,0.485
ENAciM2ZmJH4LnJEu,016dd4ad47b230cfe3f0b9f53def1a2b1278eee17614c65f69bb1cb6bb712f2b,7,0.72,2,1538998475895,Politics,1.0368,0.55
vkg9H4EAq6JspeoMw,016dd4ad47b230cfe3f0b9f53def1a2b1278eee17614c65f69bb1cb6bb712f2b,8,0.64,2,1538998475895,Politics,0.2592,0.52
HPqZTuazeSkT8eibD,016dd4ad47b230cfe3f0b9f53def1a2b1278eee17614c65f69bb1cb6bb712f2b,9,0.49,2,1538998475896,Politics,0.48019999999999996,0.53
eSLDicMaBjxuzRxTm,016dd4ad47b230cfe3f0b9f53def1a2b1278eee17614c65f69bb1cb6bb712f2b,10,0.19,2,1538998475896,Politics,0.0722,0.505
cyaNGyiurN9H8AQds,016dd4ad47b230cfe3f0b9f53def1a2b1278eee17614c65f69bb1cb6bb712f2b,11,0.4,2,1538998475897,Politics,0.32000000000000006,0.48
LTT2xrN23HnCdJFjh,016dd4ad47b230cfe3f0b9f53def1a2b1278eee17614c65f69bb1cb6bb712f2b,12,0.1,2,1538998475898,Politics,0.020000000000000004,0.535
XoRpCccr6MwL38MHw,bf1f04b9818a41ebaf128f78001a3e4306cc6adbf4618f6d21937fa0552877d3,1,0.34,2,1538998570128,Sports,0.8711999999999998,0.61
oJzucqtjw6dSmQ4SY,bf1f04b9818a41ebaf128f78001a3e4306cc6adbf4618f6d21937fa0552877d3,2,0.65,2,1538998570132,Sports,0.8450000000000001,0.555
nzCzbfbdsEjZg9gdP,bf1f04b9818a41ebaf128f78001a3e4306cc6adbf4618f6d21937fa0552877d3,3,0.39,2,1538998570134,Sports,0.3042,0.515
Sg9GPSqJB3X2kS2X3,bf1f04b9818a41ebaf128f78001a3e4306cc6adbf4618f6d21937fa0552877d3,4,0.71,2,1538998570136,Sports,0.16820000000000004,0.58
ttkQ7zyKoxiMzGp4x,bf1f04b9818a41ebaf128f78001a3e4306cc6adbf4618f6d21937fa0552877d3,5,0.2,2,1538998570138,Sports,0.08000000000000002,0.425
ng4CBmEkLk28Z3ueH,bf1f04b9818a41ebaf128f78001a3e4306cc6adbf4618f6d21937fa0552877d3,6,0.17,2,1538998570138,Sports,0.05780000000000001,0.305
4TJBSZNav4gGe7Aa9,bf1f04b9818a41ebaf128f78001a3e4306cc6adbf4618f6d21937fa0552877d3,7,0.4,2,1538998600118,Politics,0.32000000000000006,0.63
sDvagBvpWekfKrco2,bf1f04b9818a41ebaf128f78001a3e4306cc6adbf4618f6d21937fa0552877d3,8,0.56,2,1538998600120,Politics,0.38719999999999993,0.57
nkTmT5gkHmM9DF2Cj,bf1f04b9818a41ebaf128f78001a3e4306cc6adbf4618f6d21937fa0552877d3,9,0.69,2,1538998600122,Politics,0.9521999999999998,0.58
swvyojHAfDGFLjQSh,bf1f04b9818a41ebaf128f78001a3e4306cc6adbf4618f6d21937fa0552877d3,10,0.22,2,1538998600123,Politics,0.0968,0.36
QZSn4GfKGxfsrtNdh,bf1f04b9818a41ebaf128f78001a3e4306cc6adbf4618f6d21937fa0552877d3,11,0.33,2,1538998600125,Politics,0.21780000000000002,0.53
odRQQLZe4YN9QwS2G,bf1f04b9818a41ebaf128f78001a3e4306cc6adbf4618f6d21937fa0552877d3,12,0.11,2,1538998600126,Politics,0.0242,0.52
GjptGivhJusRFcf2S,bf1f04b9818a41ebaf128f78001a3e4306cc6adbf4618f6d21937fa0552877d3,13,0.38,2,1538998682585,Entertainment,0.2888,0.6
EFYbwsqAgxeB2Ka4G,bf1f04b9818a41ebaf128f78001a3e4306cc6adbf4618f6d21937fa0552877d3,14,0.88,2,1538998682588,Entertainment,0.0288,0.6
2YGr2RJ9vWmZhFAPq,bf1f04b9818a41ebaf128f78001a3e4306cc6adbf4618f6d21937fa0552877d3,15,0.66,2,1538998682590,Entertainment,0.8712000000000001,0.51
coEYu5ZNPXnStD9TB,bf1f04b9818a41ebaf128f78001a3e4306cc6adbf4618f6d21937fa0552877d3,16,0.36,2,1538998682592,Entertainment,0.8192,0.595
dNsBisbHM4PXc4SbR,bf1f04b9818a41ebaf128f78001a3e4306cc6adbf4618f6d21937fa0552877d3,17,0.15,2,1538998682593,Entertainment,0.045,0.365
tZsX8E3m22sfBHbWe,bf1f04b9818a41ebaf128f78001a3e4306cc6adbf4618f6d21937fa0552877d3,18,0.31,2,1538998682594,Entertainment,0.1922,0.595
TYxtFTNvSoisKfZAX,016dd4ad47b230cfe3f0b9f53def1a2b1278eee17614c65f69bb1cb6bb712f2b,13,0.46,2,1538998726095,Entertainment,0.4232,0.545
J4CDhxSLzDZaRncht,016dd4ad47b230cfe3f0b9f53def1a2b1278eee17614c65f69bb1cb6bb712f2b,14,0.75,2,1538998726095,Entertainment,0.125,0.565
wyanSf8mh7xHwzz8T,016dd4ad47b230cfe3f0b9f53def1a2b1278eee17614c65f69bb1cb6bb712f2b,15,0.4,2,1538998726095,Entertainment,0.32000000000000006,0.52
HM5yBbMhvPjGk6nhM,016dd4ad47b230cfe3f0b9f53def1a2b1278eee17614c65f69bb1cb6bb712f2b,16,0.53,2,1538998726097,Entertainment,0.44179999999999997,0.61
PpjYDHEpsLskQ8Qxo,016dd4ad47b230cfe3f0b9f53def1a2b1278eee17614c65f69bb1cb6bb712f2b,17,0.35,2,1538998726097,Entertainment,0.24499999999999997,0.62
NeSkXwsmSsja7pwAK,016dd4ad47b230cfe3f0b9f53def1a2b1278eee17614c65f69bb1cb6bb712f2b,18,0.07,2,1538998726097,Entertainment,0.009800000000000001,0.25
G5yBjBhEFFtMosQrM,3f51e2c9674f2404a25e969cf193d4c10ec9cb141cb47aa7dd723d7a31b91e6e,1,0.7,2,1538999079481,Sports,0.18000000000000005,0.55
ZnXfn35odnCxmmiii,3f51e2c9674f2404a25e969cf193d4c10ec9cb141cb47aa7dd723d7a31b91e6e,2,0.58,2,1538999079486,Sports,0.6728,0.555
bHzZwPm9eRX9zaMiY,3f51e2c9674f2404a25e969cf193d4c10ec9cb141cb47aa7dd723d7a31b91e6e,3,0.49,2,1538999079494,Sports,0.48019999999999996,0.5
7udEmyiRNhqJYoeLF,3f51e2c9674f2404a25e969cf193d4c10ec9cb141cb47aa7dd723d7a31b91e6e,4,0.64,2,1538999079498,Sports,0.2592,0.565
CSzrrxPfswxtR6MKf,3f51e2c9674f2404a25e969cf193d4c10ec9cb141cb47aa7dd723d7a31b91e6e,5,0.76,2,1538999079502,Sports,1.1552,0.495
HxLTw6QzZZAFgJEof,3f51e2c9674f2404a25e969cf193d4c10ec9cb141cb47aa7dd723d7a31b91e6e,6,0.71,2,1538999079505,Sports,1.0082,0.52
zrz3nCeJZnQLWQeYk,3f51e2c9674f2404a25e969cf193d4c10ec9cb141cb47aa7dd723d7a31b91e6e,7,0.63,2,1538999093036,Politics,0.7938000000000001,0.555
prjSEtsyLkXTm2cXz,3f51e2c9674f2404a25e969cf193d4c10ec9cb141cb47aa7dd723d7a31b91e6e,8,0.63,2,1538999093039,Politics,0.2738,0.565
vGGtg5ePEFQXsxjXJ,3f51e2c9674f2404a25e969cf193d4c10ec9cb141cb47aa7dd723d7a31b91e6e,9,0.59,2,1538999093044,Politics,0.6961999999999999,0.6
FsyPzGHYD9Ntk6XCj,3f51e2c9674f2404a25e969cf193d4c10ec9cb141cb47aa7dd723d7a31b91e6e,10,0.74,2,1538999093048,Politics,1.0952,0.32
T9WxHHvZbJ7zrGiaT,3f51e2c9674f2404a25e969cf193d4c10ec9cb141cb47aa7dd723d7a31b91e6e,11,0.57,2,1538999093052,Politics,0.6497999999999999,0.45
mvHWyfzQdrc5oDvPn,3f51e2c9674f2404a25e969cf193d4c10ec9cb141cb47aa7dd723d7a31b91e6e,12,0.55,2,1538999093054,Politics,0.6050000000000001,0.39
KaAkiFdGKoCapCH6m,3f51e2c9674f2404a25e969cf193d4c10ec9cb141cb47aa7dd723d7a31b91e6e,13,0.59,2,1538999174464,Entertainment,0.6961999999999999,0.555
Pw7ZK6udN54ZDrMet,3f51e2c9674f2404a25e969cf193d4c10ec9cb141cb47aa7dd723d7a31b91e6e,14,0.7,2,1538999174471,Entertainment,0.18000000000000005,0.575
hAnpmWaB72moFDWtN,3f51e2c9674f2404a25e969cf193d4c10ec9cb141cb47aa7dd723d7a31b91e6e,15,0.45,2,1538999174475,Entertainment,0.405,0.47
jLb2twrKwb3jPgoYD,3f51e2c9674f2404a25e969cf193d4c10ec9cb141cb47aa7dd723d7a31b91e6e,16,0.71,2,1538999174478,Entertainment,0.16820000000000004,0.535
J5Gbg45SpcEB6BHHH,3f51e2c9674f2404a25e969cf193d4c10ec9cb141cb47aa7dd723d7a31b91e6e,17,0.66,2,1538999174483,Entertainment,0.8712000000000001,0.45
L986sYTh4WrY7Xt87,3f51e2c9674f2404a25e969cf193d4c10ec9cb141cb47aa7dd723d7a31b91e6e,18,0.65,2,1538999174486,Entertainment,0.8450000000000001,0.46
G9knM2KSfKkKBg34Y,0d069c35ac03a6da46f39f6d0f3b3fd21be39e462f5180c5d50f00bf7f4c4d88,1,0.72,2,1539003272911,Sports,0.15680000000000002,0.51
GuuQSERHkFcNrAxNn,0d069c35ac03a6da46f39f6d0f3b3fd21be39e462f5180c5d50f00bf7f4c4d88,2,0.77,2,1539003272911,Sports,1.1858,0.535
bEckN5zzcARadHwsK,0d069c35ac03a6da46f39f6d0f3b3fd21be39e462f5180c5d50f00bf7f4c4d88,3,0.61,2,1539003272913,Sports,0.7442,0.38
33BFFkvamJxcm5bFy,0d069c35ac03a6da46f39f6d0f3b3fd21be39e462f5180c5d50f00bf7f4c4d88,4,0.84,2,1539003272913,Sports,0.05120000000000002,0.585
Wokuf2trpd8vxHaCB,0d069c35ac03a6da46f39f6d0f3b3fd21be39e462f5180c5d50f00bf7f4c4d88,5,0.75,2,1539003272913,Sports,1.125,0.465
MvTwAeM8A772CNX8N,0d069c35ac03a6da46f39f6d0f3b3fd21be39e462f5180c5d50f00bf7f4c4d88,6,0.62,2,1539003272913,Sports,0.7688,0.57
rfMs78j9s3uL6f8Dg,0d069c35ac03a6da46f39f6d0f3b3fd21be39e462f5180c5d50f00bf7f4c4d88,7,0.85,2,1539003285446,Politics,1.4449999999999998,0.54
jdHg9MXei5ZhhzxdD,0d069c35ac03a6da46f39f6d0f3b3fd21be39e462f5180c5d50f00bf7f4c4d88,8,0.58,2,1539003285446,Politics,0.35280000000000006,0.59
GzHzY8KvokjremYzW,0d069c35ac03a6da46f39f6d0f3b3fd21be39e462f5180c5d50f00bf7f4c4d88,9,0.84,2,1539003285446,Politics,1.4111999999999998,0.46
sa8QtCZNFs3kWCAs8,0d069c35ac03a6da46f39f6d0f3b3fd21be39e462f5180c5d50f00bf7f4c4d88,10,0.71,2,1539003285447,Politics,1.0082,0.355
Nmfg9FCKFDTvZbmqL,0d069c35ac03a6da46f39f6d0f3b3fd21be39e462f5180c5d50f00bf7f4c4d88,11,0.84,2,1539003285447,Politics,1.4111999999999998,0.365
sHkig8E7bthu7gXih,0d069c35ac03a6da46f39f6d0f3b3fd21be39e462f5180c5d50f00bf7f4c4d88,12,0.83,2,1539003285447,Politics,1.3778,0.36
BknbvxKPSKFBFTsGs,0d069c35ac03a6da46f39f6d0f3b3fd21be39e462f5180c5d50f00bf7f4c4d88,13,0.7,2,1539003295606,Entertainment,0.9799999999999999,0.53
KXZjMDpWgyoSoohDM,0d069c35ac03a6da46f39f6d0f3b3fd21be39e462f5180c5d50f00bf7f4c4d88,14,0.35,2,1539003295606,Entertainment,0.8450000000000001,0.66
96cAFn3Jast39Znzj,0d069c35ac03a6da46f39f6d0f3b3fd21be39e462f5180c5d50f00bf7f4c4d88,15,0.74,2,1539003295606,Entertainment,1.0952,0.535
oSPpau5k2y6erSCdX,0d069c35ac03a6da46f39f6d0f3b3fd21be39e462f5180c5d50f00bf7f4c4d88,16,0.39,2,1539003295607,Entertainment,0.7442,0.61
hoLga3e4gu27ywkzc,0d069c35ac03a6da46f39f6d0f3b3fd21be39e462f5180c5d50f00bf7f4c4d88,17,0.79,2,1539003295607,Entertainment,1.2482000000000002,0.515
GAdpBsDZx3W3arRNd,0d069c35ac03a6da46f39f6d0f3b3fd21be39e462f5180c5d50f00bf7f4c4d88,18,0.84,2,1539003295607,Entertainment,1.4111999999999998,0.495
JmgfFaj7AxszDcDjL,955fb3427dd573f96b5cbd030548ccf704faf0c1ffdb9cddce22f2bcc80e9720,1,0.79,2,1539003541261,Sports,0.08819999999999997,0.565
4FvwWGEwsPhsgnxYB,955fb3427dd573f96b5cbd030548ccf704faf0c1ffdb9cddce22f2bcc80e9720,2,0.85,2,1539003541262,Sports,1.4449999999999998,0.56
KvTdGNa7tkrqF6ZPh,955fb3427dd573f96b5cbd030548ccf704faf0c1ffdb9cddce22f2bcc80e9720,3,0.45,2,1539003541263,Sports,0.405,0.55
sFTGpr8gZPLhikp4F,955fb3427dd573f96b5cbd030548ccf704faf0c1ffdb9cddce22f2bcc80e9720,4,0.78,2,1539003541264,Sports,0.09679999999999998,0.595
FL8oNk3K7bvadCRo8,955fb3427dd573f96b5cbd030548ccf704faf0c1ffdb9cddce22f2bcc80e9720,5,0.51,2,1539003541264,Sports,0.5202,0.57
AZjw8DzFSC3gLYiKa,955fb3427dd573f96b5cbd030548ccf704faf0c1ffdb9cddce22f2bcc80e9720,6,0.41,2,1539003541265,Sports,0.33619999999999994,0.595
SCabwgojyJhiMxEnL,955fb3427dd573f96b5cbd030548ccf704faf0c1ffdb9cddce22f2bcc80e9720,7,0.71,2,1539003566798,Politics,1.0082,0.57
RoimzombEvDiWurXE,955fb3427dd573f96b5cbd030548ccf704faf0c1ffdb9cddce22f2bcc80e9720,8,0.35,2,1539003566800,Politics,0.8450000000000001,0.62
yFhE5knvS6hAxqfrw,955fb3427dd573f96b5cbd030548ccf704faf0c1ffdb9cddce22f2bcc80e9720,9,0.24,2,1539003566800,Politics,0.1152,0.445
qLpAWvgdR99nbD3Xr,955fb3427dd573f96b5cbd030548ccf704faf0c1ffdb9cddce22f2bcc80e9720,10,0.25,2,1539003566800,Politics,0.125,0.42
iamWJnoYosZyayiHQ,955fb3427dd573f96b5cbd030548ccf704faf0c1ffdb9cddce22f2bcc80e9720,11,0.22,2,1539003566800,Politics,0.0968,0.46
JE2tiatb6u7NmgwWx,955fb3427dd573f96b5cbd030548ccf704faf0c1ffdb9cddce22f2bcc80e9720,12,0.22,2,1539003566800,Politics,0.0968,0.39
nWxup2NJkzjTSGvJa,955fb3427dd573f96b5cbd030548ccf704faf0c1ffdb9cddce22f2bcc80e9720,13,0.2,2,1539003590572,Entertainment,0.08000000000000002,0.305
hNpj5j8pfdsZFAHGP,955fb3427dd573f96b5cbd030548ccf704faf0c1ffdb9cddce22f2bcc80e9720,14,1,2,1539003590572,Entertainment,0,0.595
dWNqrxBgKKpLePQnt,955fb3427dd573f96b5cbd030548ccf704faf0c1ffdb9cddce22f2bcc80e9720,15,0.83,2,1539003590573,Entertainment,1.3778,0.5
rXbgWuEGXAetNZKer,955fb3427dd573f96b5cbd030548ccf704faf0c1ffdb9cddce22f2bcc80e9720,16,0.33,2,1539003590573,Entertainment,0.8977999999999998,0.61
L4FGjXdQNMzTXgqnS,955fb3427dd573f96b5cbd030548ccf704faf0c1ffdb9cddce22f2bcc80e9720,17,0.19,2,1539003590573,Entertainment,0.0722,0.42
MYumgQYcjhCdpdmvo,955fb3427dd573f96b5cbd030548ccf704faf0c1ffdb9cddce22f2bcc80e9720,18,0.39,2,1539003590574,Entertainment,0.3042,0.625
kDHE4K2J3qFBRNB52,d9cb986555b6be403560798a4e71e9cb8dfd4d2985b0d94b983ff0dc0a9d4ecd,1,0,2,1539003879792,Sports,2,0.36
YGQQPrAHnx6jbBKii,d9cb986555b6be403560798a4e71e9cb8dfd4d2985b0d94b983ff0dc0a9d4ecd,2,1,2,1539003879793,Sports,2,0.76
tFwhGSonBRaQq2pPK,d9cb986555b6be403560798a4e71e9cb8dfd4d2985b0d94b983ff0dc0a9d4ecd,3,0,2,1539003879794,Sports,0,0.525
WJfPJfaRxx4Nnipxo,d9cb986555b6be403560798a4e71e9cb8dfd4d2985b0d94b983ff0dc0a9d4ecd,4,1,2,1539003879794,Sports,0,0.7
26BojPXqKd4gBwQT7,d9cb986555b6be403560798a4e71e9cb8dfd4d2985b0d94b983ff0dc0a9d4ecd,5,0,2,1539003879794,Sports,0,0.43
t3ehGgBYHGkrjR3d7,d9cb986555b6be403560798a4e71e9cb8dfd4d2985b0d94b983ff0dc0a9d4ecd,6,0,2,1539003879795,Sports,0,0.465
khbvMefpBjbBnATqR,d2d793ad784f77a694ae24ac3cd80dcbfb8e0f3390cef4e78aab6c75668b3afa,1,0.48,2,1539004526331,Sports,0.5408000000000001,0.64
C7jovTTQzoXFKwAxa,d2d793ad784f77a694ae24ac3cd80dcbfb8e0f3390cef4e78aab6c75668b3afa,2,0.72,2,1539004526333,Sports,1.0368,0.615
fYvisFtQhRW4NQB2H,d2d793ad784f77a694ae24ac3cd80dcbfb8e0f3390cef4e78aab6c75668b3afa,3,0.14,2,1539004526334,Sports,0.039200000000000006,0.5
aRxri5HkRkTr7RASY,d2d793ad784f77a694ae24ac3cd80dcbfb8e0f3390cef4e78aab6c75668b3afa,4,0.52,2,1539004526335,Sports,0.4608,0.665
wRdur9ytbT4mjWgor,d2d793ad784f77a694ae24ac3cd80dcbfb8e0f3390cef4e78aab6c75668b3afa,5,0.54,2,1539004526336,Sports,0.5832,0.57
zJ3bug5cjZLYeEa4c,d2d793ad784f77a694ae24ac3cd80dcbfb8e0f3390cef4e78aab6c75668b3afa,6,0.5,2,1539004526338,Sports,0.5,0.62
dbueSDWF6PdRNXj4K,d2d793ad784f77a694ae24ac3cd80dcbfb8e0f3390cef4e78aab6c75668b3afa,7,0.33,2,1539004550893,Politics,0.21780000000000002,0.685
nqt9akLytBiZEr7BB,d2d793ad784f77a694ae24ac3cd80dcbfb8e0f3390cef4e78aab6c75668b3afa,8,0.49,2,1539004550895,Politics,0.5202,0.675
JguYfHisC84vmBfKa,d2d793ad784f77a694ae24ac3cd80dcbfb8e0f3390cef4e78aab6c75668b3afa,9,0.35,2,1539004550895,Politics,0.24499999999999997,0.675
waS2wP4GdTahRnK3F,d2d793ad784f77a694ae24ac3cd80dcbfb8e0f3390cef4e78aab6c75668b3afa,10,0.15,2,1539004550896,Politics,0.045,0.5
JvrwfGKAn4NCAKdDq,d2d793ad784f77a694ae24ac3cd80dcbfb8e0f3390cef4e78aab6c75668b3afa,11,0.12,2,1539004550897,Politics,0.0288,0.565
kbBvNmNmdRBEFeMrc,d2d793ad784f77a694ae24ac3cd80dcbfb8e0f3390cef4e78aab6c75668b3afa,12,0.09,2,1539004550898,Politics,0.0162,0.38
bNwRv9NQanWdWJRCN,d2d793ad784f77a694ae24ac3cd80dcbfb8e0f3390cef4e78aab6c75668b3afa,13,0.78,2,1539004581084,Entertainment,1.2168,0.61
RvufMKAzgGE2bjqtT,d2d793ad784f77a694ae24ac3cd80dcbfb8e0f3390cef4e78aab6c75668b3afa,14,0.21,2,1539004581086,Entertainment,1.2482000000000002,0.34
SJCKRsvkCJ5PfRBvd,d2d793ad784f77a694ae24ac3cd80dcbfb8e0f3390cef4e78aab6c75668b3afa,15,0.4,2,1539004581087,Entertainment,0.32000000000000006,0.65
QX9BvBEe7P8jeHNpg,d2d793ad784f77a694ae24ac3cd80dcbfb8e0f3390cef4e78aab6c75668b3afa,16,0.15,2,1539004581088,Entertainment,1.4449999999999998,0.39
S7N2sGLjwwKXjCpb8,d2d793ad784f77a694ae24ac3cd80dcbfb8e0f3390cef4e78aab6c75668b3afa,17,0.86,2,1539004581089,Entertainment,1.4791999999999998,0.545
nSmG7M7bTSvZCA2MY,d2d793ad784f77a694ae24ac3cd80dcbfb8e0f3390cef4e78aab6c75668b3afa,18,0.07,2,1539004581090,Entertainment,0.009800000000000001,0.345
g8Kc7n5GDSmdA4mzk,09f46787072442e24d74345ccf260db38bceea60dde5e892232b263755707dec,1,0.7,2,1539004600993,Sports,0.18000000000000005,0.515
pFpv2meqiqxZfvA64,09f46787072442e24d74345ccf260db38bceea60dde5e892232b263755707dec,2,0.5,2,1539004600994,Sports,0.5,0.555
NtRgrcghTrynaZHs4,09f46787072442e24d74345ccf260db38bceea60dde5e892232b263755707dec,3,0.5,2,1539004600994,Sports,0.5,0.54
nShRGzjwrd8PEejs7,09f46787072442e24d74345ccf260db38bceea60dde5e892232b263755707dec,4,0.2,2,1539004600994,Sports,1.2800000000000002,0.3
nxLMXidb593roJsNn,09f46787072442e24d74345ccf260db38bceea60dde5e892232b263755707dec,5,0.6,2,1539004600994,Sports,0.72,0.55
YyQnoZB83z6L4yTpo,09f46787072442e24d74345ccf260db38bceea60dde5e892232b263755707dec,6,0.5,2,1539004600996,Sports,0.5,0.525
6bvCsLpFXaPeQ2mqp,09f46787072442e24d74345ccf260db38bceea60dde5e892232b263755707dec,7,0.6,2,1539004626602,Politics,0.72,0.55
5hXbL5GSTMi9qjcRu,09f46787072442e24d74345ccf260db38bceea60dde5e892232b263755707dec,8,0.5,2,1539004626603,Politics,0.5,0.62
ryhsTvSuiXnkFWpwz,09f46787072442e24d74345ccf260db38bceea60dde5e892232b263755707dec,9,0.5,2,1539004626604,Politics,0.5,0.55
MnvgjfGFuTghfK5Rv,09f46787072442e24d74345ccf260db38bceea60dde5e892232b263755707dec,10,0.3,2,1539004626605,Politics,0.18,0.505
9Nyxf4m5gudJh8adG,09f46787072442e24d74345ccf260db38bceea60dde5e892232b263755707dec,11,0.2,2,1539004626605,Politics,0.08000000000000002,0.385
tqPErxfjP5jLR7Lbf,09f46787072442e24d74345ccf260db38bceea60dde5e892232b263755707dec,12,0.1,2,1539004626606,Politics,0.020000000000000004,0.465
i8nGzKKZgw6FTWh5c,09f46787072442e24d74345ccf260db38bceea60dde5e892232b263755707dec,13,0.5,2,1539004636223,Entertainment,0.5,0.57
7cQ9HtZJHqTxbAQkj,09f46787072442e24d74345ccf260db38bceea60dde5e892232b263755707dec,14,0.5,2,1539004636224,Entertainment,0.5,0.6
GTnbDKFyB85QcHALd,09f46787072442e24d74345ccf260db38bceea60dde5e892232b263755707dec,15,0.4,2,1539004636225,Entertainment,0.32000000000000006,0.545
2iehuDDv9CTZQr9fb,09f46787072442e24d74345ccf260db38bceea60dde5e892232b263755707dec,16,0.3,2,1539004636226,Entertainment,0.9799999999999999,0.62
3WgJFSXP3E39ag9cR,09f46787072442e24d74345ccf260db38bceea60dde5e892232b263755707dec,17,0.5,2,1539004636229,Entertainment,0.5,0.51
Zvo69bz2mJutSTomo,09f46787072442e24d74345ccf260db38bceea60dde5e892232b263755707dec,18,0.6,2,1539004636229,Entertainment,0.72,0.45
kXWwRn9Lq98LmvQkD,655d29c8382790c9610bb3ebeec57dbe7f2b83547b27a5de3fa4eed737616bc5,1,0.5,2,1539004848278,Sports,0.5,0.53
LXHtBHmpo8GHoMxrP,655d29c8382790c9610bb3ebeec57dbe7f2b83547b27a5de3fa4eed737616bc5,2,0.41,2,1539004848279,Sports,0.33619999999999994,0.56
Yfc4aS7MHudkfcKFo,655d29c8382790c9610bb3ebeec57dbe7f2b83547b27a5de3fa4eed737616bc5,3,0.5,2,1539004848279,Sports,0.5,0.48
xsFfTrGAwcPPZ4kP2,655d29c8382790c9610bb3ebeec57dbe7f2b83547b27a5de3fa4eed737616bc5,4,0.64,2,1539004848279,Sports,0.2592,0.555
hRtvnjEWijgWcPMrY,655d29c8382790c9610bb3ebeec57dbe7f2b83547b27a5de3fa4eed737616bc5,5,0.45,2,1539004848280,Sports,0.405,0.545
r2e6onSzWz7t92RW9,655d29c8382790c9610bb3ebeec57dbe7f2b83547b27a5de3fa4eed737616bc5,6,0.7,2,1539004848280,Sports,0.9799999999999999,0.515
rfjbb6qLuHbWrx58t,d9cb986555b6be403560798a4e71e9cb8dfd4d2985b0d94b983ff0dc0a9d4ecd,7,1,2,1539004937988,Politics,2,0.81
K9yf7w6WZ3imG57Tx,d9cb986555b6be403560798a4e71e9cb8dfd4d2985b0d94b983ff0dc0a9d4ecd,8,1,2,1539004937989,Politics,0,0.74
TK6tKFt6CesrPZuGz,d9cb986555b6be403560798a4e71e9cb8dfd4d2985b0d94b983ff0dc0a9d4ecd,9,0,2,1539004937989,Politics,0,0.435
z4Y8HWRaYurGRZNgP,d9cb986555b6be403560798a4e71e9cb8dfd4d2985b0d94b983ff0dc0a9d4ecd,10,0,2,1539004937989,Politics,0,0.485
kJp5XsrAFAQKrAZGW,d9cb986555b6be403560798a4e71e9cb8dfd4d2985b0d94b983ff0dc0a9d4ecd,11,0,2,1539004937991,Politics,0,0.51
vX7AwLozXu4FE4igT,d9cb986555b6be403560798a4e71e9cb8dfd4d2985b0d94b983ff0dc0a9d4ecd,12,0,2,1539004937991,Politics,0,0.53
cYkeA7WfG8uzmfR5Q,655d29c8382790c9610bb3ebeec57dbe7f2b83547b27a5de3fa4eed737616bc5,7,0.5,2,1539005075892,Politics,0.5,0.57
NuM7qXZzaz4SMfYxw,655d29c8382790c9610bb3ebeec57dbe7f2b83547b27a5de3fa4eed737616bc5,8,0.71,2,1539005075893,Politics,0.16820000000000004,0.525
Ccu3WSvmDcu9fEeyT,655d29c8382790c9610bb3ebeec57dbe7f2b83547b27a5de3fa4eed737616bc5,9,0.4,2,1539005075893,Politics,0.32000000000000006,0.52
gyejmFjeqXiuTF4K6,655d29c8382790c9610bb3ebeec57dbe7f2b83547b27a5de3fa4eed737616bc5,10,0.37,2,1539005075893,Politics,0.2738,0.45
KHFLQu9gtmg8eZs2z,655d29c8382790c9610bb3ebeec57dbe7f2b83547b27a5de3fa4eed737616bc5,11,0.55,2,1539005075893,Politics,0.6050000000000001,0.4
WGN7px4oQhtcvQGNo,655d29c8382790c9610bb3ebeec57dbe7f2b83547b27a5de3fa4eed737616bc5,12,0.58,2,1539005075894,Politics,0.6728,0.39
vpph3JqwR6bp8aLRL,655d29c8382790c9610bb3ebeec57dbe7f2b83547b27a5de3fa4eed737616bc5,13,0.81,2,1539005259328,Entertainment,1.3122000000000003,0.52
zCJETsTsz8Nh2z9zq,655d29c8382790c9610bb3ebeec57dbe7f2b83547b27a5de3fa4eed737616bc5,14,0.65,2,1539005259328,Entertainment,0.24499999999999997,0.555
W6bCSZojKBTBfCcKT,655d29c8382790c9610bb3ebeec57dbe7f2b83547b27a5de3fa4eed737616bc5,15,0.5,2,1539005259328,Entertainment,0.5,0.505
r9XvAjERxxBJt7zPq,655d29c8382790c9610bb3ebeec57dbe7f2b83547b27a5de3fa4eed737616bc5,16,0.5,2,1539005259329,Entertainment,0.5,0.545
2mqQAYa7NhdujeamZ,655d29c8382790c9610bb3ebeec57dbe7f2b83547b27a5de3fa4eed737616bc5,17,0.5,2,1539005259329,Entertainment,0.5,0.485
oQvdrKsuYvBicwdZW,655d29c8382790c9610bb3ebeec57dbe7f2b83547b27a5de3fa4eed737616bc5,18,0.48,2,1539005259329,Entertainment,0.4608,0.51
zo6vNhrGFRDvtGZpS,487162dcab8dffbd0bb1e34ba8441dd685fbd2abb1ecc817bfcb6d26000d4132,1,0.6,2,1539005327092,Sports,0.32000000000000006,0.565
qB2vbkQTuTgZDFYFC,487162dcab8dffbd0bb1e34ba8441dd685fbd2abb1ecc817bfcb6d26000d4132,2,0.25,2,1539005327096,Sports,0.125,0.35
QCW85A3ZzQKrdizTL,487162dcab8dffbd0bb1e34ba8441dd685fbd2abb1ecc817bfcb6d26000d4132,3,0.05,2,1539005327100,Sports,0.005000000000000001,0.36
3HgFDJY4DGENPhqu3,487162dcab8dffbd0bb1e34ba8441dd685fbd2abb1ecc817bfcb6d26000d4132,4,0.6,2,1539005327102,Sports,0.32000000000000006,0.6
GLFqW3my6yqCemKvW,487162dcab8dffbd0bb1e34ba8441dd685fbd2abb1ecc817bfcb6d26000d4132,5,0.25,2,1539005327106,Sports,0.125,0.515
htow98jesjMQogmNs,487162dcab8dffbd0bb1e34ba8441dd685fbd2abb1ecc817bfcb6d26000d4132,6,0.7,2,1539005327109,Sports,0.9799999999999999,0.575
xPGvqzrNDBGmMJaCY,487162dcab8dffbd0bb1e34ba8441dd685fbd2abb1ecc817bfcb6d26000d4132,7,0.71,2,1539005399702,Politics,1.0082,0.585
ptPRyizKEK8pP9j5N,487162dcab8dffbd0bb1e34ba8441dd685fbd2abb1ecc817bfcb6d26000d4132,8,0.6,2,1539005399704,Politics,0.32000000000000006,0.565
sL6bqNkjd24PxReyz,487162dcab8dffbd0bb1e34ba8441dd685fbd2abb1ecc817bfcb6d26000d4132,9,0.6,2,1539005399706,Politics,0.72,0.53
yXY88ZTA78yjjrk2j,487162dcab8dffbd0bb1e34ba8441dd685fbd2abb1ecc817bfcb6d26000d4132,10,0.7,2,1539005399708,Politics,0.9799999999999999,0.315
fTkwcjrBjdvpHxA5M,487162dcab8dffbd0bb1e34ba8441dd685fbd2abb1ecc817bfcb6d26000d4132,11,0.6,2,1539005399710,Politics,0.72,0.38
QQBHaZ4kvgA2Kv6je,487162dcab8dffbd0bb1e34ba8441dd685fbd2abb1ecc817bfcb6d26000d4132,12,0.4,2,1539005399712,Politics,0.32000000000000006,0.505
Enn54NeAxxC8SjNBu,1c3ec56c7df2c35f1942411849480f6d6b1934634d34553cfc7cdce31be2d402,1,0.6,2,1539005414849,Sports,0.32000000000000006,0.585
Lo8BZxbZTE6i3GfNp,1c3ec56c7df2c35f1942411849480f6d6b1934634d34553cfc7cdce31be2d402,2,0.6,2,1539005414864,Sports,0.72,0.545
huzrt4kmPZ9b9D8T2,1c3ec56c7df2c35f1942411849480f6d6b1934634d34553cfc7cdce31be2d402,3,0.198,2,1539005414868,Sports,0.078408,0.41
d6Jbr5t47zJxhYqT8,1c3ec56c7df2c35f1942411849480f6d6b1934634d34553cfc7cdce31be2d402,4,0.6,2,1539005414870,Sports,0.32000000000000006,0.59
vhfJx5J5Ehij8uWtC,1c3ec56c7df2c35f1942411849480f6d6b1934634d34553cfc7cdce31be2d402,5,0.7,2,1539005414875,Sports,0.9799999999999999,0.425
269NZmYk3zwsXBQXQ,1c3ec56c7df2c35f1942411849480f6d6b1934634d34553cfc7cdce31be2d402,6,0.6,2,1539005414879,Sports,0.72,0.51
ftWbGuB6SkeQPewsh,487162dcab8dffbd0bb1e34ba8441dd685fbd2abb1ecc817bfcb6d26000d4132,13,0.6,2,1539005447850,Entertainment,0.72,0.53
K4GupoytRuLK5WZ7C,487162dcab8dffbd0bb1e34ba8441dd685fbd2abb1ecc817bfcb6d26000d4132,14,0.8,2,1539005447852,Entertainment,0.07999999999999996,0.555
7KgdRZPZfE3f7BWJQ,487162dcab8dffbd0bb1e34ba8441dd685fbd2abb1ecc817bfcb6d26000d4132,15,0.9,2,1539005447853,Entertainment,1.62,0.495
s2TxnsNtCZK24jksx,487162dcab8dffbd0bb1e34ba8441dd685fbd2abb1ecc817bfcb6d26000d4132,16,0.7,2,1539005447856,Entertainment,0.18000000000000005,0.545
YPjqn8WnXGdsLvik9,487162dcab8dffbd0bb1e34ba8441dd685fbd2abb1ecc817bfcb6d26000d4132,17,0.75,2,1539005447858,Entertainment,1.125,0.5
XYMxDnohEZzGhwBwr,487162dcab8dffbd0bb1e34ba8441dd685fbd2abb1ecc817bfcb6d26000d4132,18,0.3,2,1539005447860,Entertainment,0.18,0.63
RrrsEJNggDrkctHMS,1c3ec56c7df2c35f1942411849480f6d6b1934634d34553cfc7cdce31be2d402,7,0.7,2,1539005445078,Politics,0.9799999999999999,0.555
Q3wfvm6E266gysZeH,1c3ec56c7df2c35f1942411849480f6d6b1934634d34553cfc7cdce31be2d402,8,0.5,2,1539005445080,Politics,0.5,0.55
Y7EJsLvebsmAgCPbg,1c3ec56c7df2c35f1942411849480f6d6b1934634d34553cfc7cdce31be2d402,9,0.6,2,1539005445083,Politics,0.72,0.53
JFHpoLYjrhp2T7rD7,1c3ec56c7df2c35f1942411849480f6d6b1934634d34553cfc7cdce31be2d402,10,0.5,2,1539005445091,Politics,0.5,0.42
CtNrPL7JCfreijrr6,1c3ec56c7df2c35f1942411849480f6d6b1934634d34553cfc7cdce31be2d402,11,0.2,2,1539005445093,Politics,0.08000000000000002,0.455
o8YGf6ZDiXgWjSW8h,1c3ec56c7df2c35f1942411849480f6d6b1934634d34553cfc7cdce31be2d402,12,0.1,2,1539005445094,Politics,0.020000000000000004,0.49
WpfZFj24ooQKhkgjj,1c3ec56c7df2c35f1942411849480f6d6b1934634d34553cfc7cdce31be2d402,13,0.6,2,1539005454909,Entertainment,0.72,0.57
4SyCfMg2NsmgFSmar,1c3ec56c7df2c35f1942411849480f6d6b1934634d34553cfc7cdce31be2d402,14,0.5,2,1539005454911,Entertainment,0.5,0.555
7AaqAQGpxN76Qcc4b,1c3ec56c7df2c35f1942411849480f6d6b1934634d34553cfc7cdce31be2d402,15,0.5,2,1539005454916,Entertainment,0.5,0.545
a8hNDEvRrdMpxtgFW,1c3ec56c7df2c35f1942411849480f6d6b1934634d34553cfc7cdce31be2d402,16,0.4,2,1539005454918,Entertainment,0.72,0.605
dkRH5eciA2HTXrNYd,1c3ec56c7df2c35f1942411849480f6d6b1934634d34553cfc7cdce31be2d402,17,0.3,2,1539005454920,Entertainment,0.18,0.635
rRvbEJcE9Ag5wS2LL,1c3ec56c7df2c35f1942411849480f6d6b1934634d34553cfc7cdce31be2d402,18,0.4,2,1539005454921,Entertainment,0.32000000000000006,0.52
9QWGKzY2GvMu236CR,dfb51561bcd0bc17f7d244764b761f898de421d60ab8883019194f0397ed8909,1,0.5,2,1539005652563,Sports,0.5,0.565
8hJMxR6YsqvY9289r,dfb51561bcd0bc17f7d244764b761f898de421d60ab8883019194f0397ed8909,2,0.6,2,1539005652569,Sports,0.72,0.56
JakuzWMFDbieubjNu,dfb51561bcd0bc17f7d244764b761f898de421d60ab8883019194f0397ed8909,3,0.5,2,1539005652573,Sports,0.5,0.47
YdbK6uQE2QC93w5z2,dfb51561bcd0bc17f7d244764b761f898de421d60ab8883019194f0397ed8909,4,0.2,2,1539005652576,Sports,1.2800000000000002,0.325
h46ivnFjsWga8YiaY,dfb51561bcd0bc17f7d244764b761f898de421d60ab8883019194f0397ed8909,5,0.5,2,1539005652579,Sports,0.5,0.57
h5DcKcujEk4Ap5BzR,dfb51561bcd0bc17f7d244764b761f898de421d60ab8883019194f0397ed8909,6,0.5,2,1539005652582,Sports,0.5,0.53
dncyj8KrHc4oHem3D,dfb51561bcd0bc17f7d244764b761f898de421d60ab8883019194f0397ed8909,7,0.6,2,1539005669772,Politics,0.72,0.585
99FWop3vJRc7TZTYF,dfb51561bcd0bc17f7d244764b761f898de421d60ab8883019194f0397ed8909,8,0.5,2,1539005669776,Politics,0.5,0.58
KFpMupqDEZLvxTZBq,dfb51561bcd0bc17f7d244764b761f898de421d60ab8883019194f0397ed8909,9,0.2,2,1539005669780,Politics,0.08000000000000002,0.425
Ej2XDNcXryarfjSdK,dfb51561bcd0bc17f7d244764b761f898de421d60ab8883019194f0397ed8909,10,0.2,2,1539005669782,Politics,0.08000000000000002,0.4
FS8ifdSY7EhSHBCxC,dfb51561bcd0bc17f7d244764b761f898de421d60ab8883019194f0397ed8909,11,0.1,2,1539005669785,Politics,0.020000000000000004,0.49
kn3YrZ6uuGbDLDewQ,dfb51561bcd0bc17f7d244764b761f898de421d60ab8883019194f0397ed8909,12,0.1,2,1539005669792,Politics,0.020000000000000004,0.52
PYzpw9suNAbeYJ9sz,dfb51561bcd0bc17f7d244764b761f898de421d60ab8883019194f0397ed8909,13,0.5,2,1539005691e3,Entertainment,0.5,0.56
WNECSGym7pj7MtHr9,dfb51561bcd0bc17f7d244764b761f898de421d60ab8883019194f0397ed8909,14,0.4,2,1539005691001,Entertainment,0.72,0.62
GA7rmfuXnTmHYDzFg,dfb51561bcd0bc17f7d244764b761f898de421d60ab8883019194f0397ed8909,15,0.6,2,1539005691002,Entertainment,0.72,0.585
JFmtPNAkArar5HTFY,dfb51561bcd0bc17f7d244764b761f898de421d60ab8883019194f0397ed8909,16,0.5,2,1539005691003,Entertainment,0.5,0.595
NfktT9YTudEmf7QXx,dfb51561bcd0bc17f7d244764b761f898de421d60ab8883019194f0397ed8909,17,0.6,2,1539005691004,Entertainment,0.72,0.5
Gsad5ZuQ7rxhW266z,dfb51561bcd0bc17f7d244764b761f898de421d60ab8883019194f0397ed8909,18,0.5,2,1539005691007,Entertainment,0.5,0.545
p2ZhWqK4g2RdryCoR,0e91b88cb569f0b48c8f2f2cba4d7081ea751717f107dea63926b00cdb64c4c8,1,0.5,2,1539005906775,Sports,0.5,0.62
u4dSJtYJ3qCzXKrSG,0e91b88cb569f0b48c8f2f2cba4d7081ea751717f107dea63926b00cdb64c4c8,2,0.2,2,1539005906777,Sports,0.08000000000000002,0.39
oDdKGPPBmFWP6gKzM,0e91b88cb569f0b48c8f2f2cba4d7081ea751717f107dea63926b00cdb64c4c8,3,0.1,2,1539005906778,Sports,0.020000000000000004,0.47
DjGmpWYwNDtoW9y9E,0e91b88cb569f0b48c8f2f2cba4d7081ea751717f107dea63926b00cdb64c4c8,4,0.5,2,1539005906779,Sports,0.5,0.65
jbAFu5LTuQi8B8urx,0e91b88cb569f0b48c8f2f2cba4d7081ea751717f107dea63926b00cdb64c4c8,5,0.65,2,1539005906780,Sports,0.8450000000000001,0.51
P3ZLTGnTgrD42xEFc,0e91b88cb569f0b48c8f2f2cba4d7081ea751717f107dea63926b00cdb64c4c8,6,0.51,2,1539005906781,Sports,0.5202,0.52
5ZtKLzxjwnYCamxdT,0e91b88cb569f0b48c8f2f2cba4d7081ea751717f107dea63926b00cdb64c4c8,7,0.52,2,1539005945625,Politics,0.5408000000000001,0.65
w53Lz6fg9sZvEP8w3,0e91b88cb569f0b48c8f2f2cba4d7081ea751717f107dea63926b00cdb64c4c8,8,0.49,2,1539005945626,Politics,0.5202,0.625
tJoNXXZcSbNZLP6aZ,0e91b88cb569f0b48c8f2f2cba4d7081ea751717f107dea63926b00cdb64c4c8,9,0.51,2,1539005945627,Politics,0.5202,0.575
uxqq9aSL4C4ZoR7FR,0e91b88cb569f0b48c8f2f2cba4d7081ea751717f107dea63926b00cdb64c4c8,10,0.1,2,1539005945631,Politics,0.020000000000000004,0.485
tAjBu9MK5MZaTQBnJ,0e91b88cb569f0b48c8f2f2cba4d7081ea751717f107dea63926b00cdb64c4c8,11,0.1,2,1539005945632,Politics,0.020000000000000004,0.475
7BxiWnKEBvcHhEk5T,0e91b88cb569f0b48c8f2f2cba4d7081ea751717f107dea63926b00cdb64c4c8,12,0.02,2,1539005945632,Politics,8e-4,0.38
pigrT4DpRdMLNX2HJ,0e91b88cb569f0b48c8f2f2cba4d7081ea751717f107dea63926b00cdb64c4c8,13,0.51,2,1539005995766,Entertainment,0.5202,0.53
Tw6gscWYWN8Z8bz2R,0e91b88cb569f0b48c8f2f2cba4d7081ea751717f107dea63926b00cdb64c4c8,14,0.9,2,1539005995767,Entertainment,0.01999999999999999,0.635
vKCkfjtypuhTotjkQ,0e91b88cb569f0b48c8f2f2cba4d7081ea751717f107dea63926b00cdb64c4c8,15,0.87,2,1539005995768,Entertainment,1.5138,0.47
ypCQBf29SdkwsC8gt,0e91b88cb569f0b48c8f2f2cba4d7081ea751717f107dea63926b00cdb64c4c8,16,0.35,2,1539005995768,Entertainment,0.8450000000000001,0.64
ju3trhbFfes2vpTTB,0e91b88cb569f0b48c8f2f2cba4d7081ea751717f107dea63926b00cdb64c4c8,17,0.49,2,1539005995769,Entertainment,0.48019999999999996,0.6
t8qWAPAvm4uyeyzFu,0e91b88cb569f0b48c8f2f2cba4d7081ea751717f107dea63926b00cdb64c4c8,18,0.55,2,1539005995769,Entertainment,0.6050000000000001,0.535
hNnL2WscYTHYQCMtu,d9cb986555b6be403560798a4e71e9cb8dfd4d2985b0d94b983ff0dc0a9d4ecd,13,0,2,1539006671617,Entertainment,0,0.385
KKEDDtZG3Hfe4hhmD,d9cb986555b6be403560798a4e71e9cb8dfd4d2985b0d94b983ff0dc0a9d4ecd,14,1,2,1539006671617,Entertainment,0,0.765
qJonqH2WTiQmmHFvX,d9cb986555b6be403560798a4e71e9cb8dfd4d2985b0d94b983ff0dc0a9d4ecd,15,0,2,1539006671618,Entertainment,0,0.385
MJbS2xtzKYeEydDQD,d9cb986555b6be403560798a4e71e9cb8dfd4d2985b0d94b983ff0dc0a9d4ecd,16,0,2,1539006671619,Entertainment,2,0.435
rXZ4Qc5fuufZFTNf5,d9cb986555b6be403560798a4e71e9cb8dfd4d2985b0d94b983ff0dc0a9d4ecd,17,0,2,1539006671619,Entertainment,0,0.45
xy59xfbpKJrpaQAjR,d9cb986555b6be403560798a4e71e9cb8dfd4d2985b0d94b983ff0dc0a9d4ecd,18,0,2,1539006671619,Entertainment,0,0.49
nmrdf4NZEbJevSF87,d9d222066e9fd7e923f191e24571084b75331910c130c8deffa45b5afcd235a4,1,0.57,2,1539007118570,Sports,0.3698000000000001,0.6
hScmdMMA6kredhT5c,d9d222066e9fd7e923f191e24571084b75331910c130c8deffa45b5afcd235a4,2,0.4,2,1539007118571,Sports,0.32000000000000006,0.575
4TSNSQPfbdDvSxqx5,d9d222066e9fd7e923f191e24571084b75331910c130c8deffa45b5afcd235a4,3,0.56,2,1539007118571,Sports,0.6272000000000001,0.435
T9iDR5fd8FSsngrBF,d9d222066e9fd7e923f191e24571084b75331910c130c8deffa45b5afcd235a4,4,0.29,2,1539007118571,Sports,1.0082,0.305
cj79WGGqTczXbjzMy,d9d222066e9fd7e923f191e24571084b75331910c130c8deffa45b5afcd235a4,5,0.85,2,1539007118571,Sports,1.4449999999999998,0.435
PznE3RH3JnP7EsSYb,d9d222066e9fd7e923f191e24571084b75331910c130c8deffa45b5afcd235a4,6,0.71,2,1539007118572,Sports,1.0082,0.51
z2Lm2HMRnKXiK6ySQ,d9d222066e9fd7e923f191e24571084b75331910c130c8deffa45b5afcd235a4,7,0.64,2,1539007130262,Politics,0.8192,0.58
dfjeotxx5P2ZQKdAX,d9d222066e9fd7e923f191e24571084b75331910c130c8deffa45b5afcd235a4,8,0.61,2,1539007130262,Politics,0.3042,0.53
iJTyvGaCuav2dejv8,d9d222066e9fd7e923f191e24571084b75331910c130c8deffa45b5afcd235a4,9,0.33,2,1539007130263,Politics,0.21780000000000002,0.595
w39Tp7KrsWQnfNT4W,d9d222066e9fd7e923f191e24571084b75331910c130c8deffa45b5afcd235a4,10,0.63,2,1539007130263,Politics,0.7938000000000001,0.39
EYJspA2nFgAp9AECt,d9d222066e9fd7e923f191e24571084b75331910c130c8deffa45b5afcd235a4,11,0.31,2,1539007130263,Politics,0.1922,0.51
ouQmwGAnFJMAPrbbm,d9d222066e9fd7e923f191e24571084b75331910c130c8deffa45b5afcd235a4,12,0.69,2,1539007130263,Politics,0.9521999999999998,0.355
sYk5MsApLfivDtk6Y,d9d222066e9fd7e923f191e24571084b75331910c130c8deffa45b5afcd235a4,13,0.56,2,1539007140484,Entertainment,0.6272000000000001,0.55
SJq3b4oo7YH4vD272,d9d222066e9fd7e923f191e24571084b75331910c130c8deffa45b5afcd235a4,14,0.57,2,1539007140484,Entertainment,0.3698000000000001,0.61
99YSzoZJ5cyut7ejJ,d9d222066e9fd7e923f191e24571084b75331910c130c8deffa45b5afcd235a4,15,0.34,2,1539007140484,Entertainment,0.23120000000000004,0.59
dfqsN7rwahuJQbfpd,d9d222066e9fd7e923f191e24571084b75331910c130c8deffa45b5afcd235a4,16,0.33,2,1539007140484,Entertainment,0.8977999999999998,0.595
BnMMDQHScdBBrzFRd,d9d222066e9fd7e923f191e24571084b75331910c130c8deffa45b5afcd235a4,17,0.29,2,1539007140484,Entertainment,0.1682,0.37
LBHKKeubH23FPL79Z,d9d222066e9fd7e923f191e24571084b75331910c130c8deffa45b5afcd235a4,18,0.3,2,1539007140485,Entertainment,0.18,0.58
BtdqE6aHgRe4NMGdr,7432d2554b10d02c159fbe77d1466be87212eccbcc2f45d3bb1b5aeabe9f8f07,1,0.2,2,1539008381112,Sports,1.2800000000000002,0.485
XNJHY5DxDe8fGEQHj,7432d2554b10d02c159fbe77d1466be87212eccbcc2f45d3bb1b5aeabe9f8f07,2,0.54,2,1539008381117,Sports,0.5832,0.64
7zmQcRLQesoC6rERt,7432d2554b10d02c159fbe77d1466be87212eccbcc2f45d3bb1b5aeabe9f8f07,3,0,2,1539008381120,Sports,0,0.34
wtFxGySKdxRkjkCzm,7432d2554b10d02c159fbe77d1466be87212eccbcc2f45d3bb1b5aeabe9f8f07,4,0.61,2,1539008381123,Sports,0.3042,0.625
F9dFWLSzxAGCe2yTx,7432d2554b10d02c159fbe77d1466be87212eccbcc2f45d3bb1b5aeabe9f8f07,5,0.43,2,1539008381127,Sports,0.36979999999999996,0.58
sNShgZCYJBPvnwhCu,7432d2554b10d02c159fbe77d1466be87212eccbcc2f45d3bb1b5aeabe9f8f07,6,0.22,2,1539008381130,Sports,0.0968,0.46
vYwDt62eJyPFAn85o,7432d2554b10d02c159fbe77d1466be87212eccbcc2f45d3bb1b5aeabe9f8f07,7,0.6,2,1539008393450,Politics,0.72,0.615
uwE8tDMLdFXuR9WKs,7432d2554b10d02c159fbe77d1466be87212eccbcc2f45d3bb1b5aeabe9f8f07,8,0.3,2,1539008393457,Politics,0.9799999999999999,0.715
mXQsnyp33R5K5d5tu,7432d2554b10d02c159fbe77d1466be87212eccbcc2f45d3bb1b5aeabe9f8f07,9,0.38,2,1539008393462,Politics,0.2888,0.7
uT5oixmyYaMaDjzdw,7432d2554b10d02c159fbe77d1466be87212eccbcc2f45d3bb1b5aeabe9f8f07,10,0.05,2,1539008393466,Politics,0.005000000000000001,0.41
C5bNXurPwbxLxcaEg,7432d2554b10d02c159fbe77d1466be87212eccbcc2f45d3bb1b5aeabe9f8f07,11,0.07,2,1539008393468,Politics,0.009800000000000001,0.355
D3sorPXgcw7Afffku,7432d2554b10d02c159fbe77d1466be87212eccbcc2f45d3bb1b5aeabe9f8f07,12,0.05,2,1539008393472,Politics,0.005000000000000001,0.415
SkuEj5Sw3H4BnLCgD,7432d2554b10d02c159fbe77d1466be87212eccbcc2f45d3bb1b5aeabe9f8f07,13,0.24,2,1539008475207,Entertainment,0.1152,0.455
SiG28PQJFjSFGWwbS,7432d2554b10d02c159fbe77d1466be87212eccbcc2f45d3bb1b5aeabe9f8f07,14,0.75,2,1539008475209,Entertainment,0.125,0.65
oAxwddXdPx7mXTEc5,7432d2554b10d02c159fbe77d1466be87212eccbcc2f45d3bb1b5aeabe9f8f07,15,0.11,2,1539008475213,Entertainment,0.0242,0.45
kCXPyfP5jYk2kmzkY,7432d2554b10d02c159fbe77d1466be87212eccbcc2f45d3bb1b5aeabe9f8f07,16,0.61,2,1539008475215,Entertainment,0.3042,0.565
JQEmWYNNX4uNs6xaG,7432d2554b10d02c159fbe77d1466be87212eccbcc2f45d3bb1b5aeabe9f8f07,17,0.2,2,1539008475217,Entertainment,0.08000000000000002,0.475
kPz32W6ZBu7WQtEB6,7432d2554b10d02c159fbe77d1466be87212eccbcc2f45d3bb1b5aeabe9f8f07,18,0.3,2,1539008475218,Entertainment,0.18,0.665
S5Z2Mb3riBMWocaoQ,26164d325072935d5f444afd9c30f55cafec2dcf83cf9a49acc87e4be3fb1c70,1,0.82,2,1539009674485,Sports,0.06480000000000004,0.525
bQGuKSs7BTCqWPsnB,26164d325072935d5f444afd9c30f55cafec2dcf83cf9a49acc87e4be3fb1c70,2,0.58,2,1539009674485,Sports,0.6728,0.57
qNro3kPE9tRFmZa9B,26164d325072935d5f444afd9c30f55cafec2dcf83cf9a49acc87e4be3fb1c70,3,0.52,2,1539009674487,Sports,0.5408000000000001,0.505
fJZEHsSgXnuFb4LhN,26164d325072935d5f444afd9c30f55cafec2dcf83cf9a49acc87e4be3fb1c70,4,0.74,2,1539009674488,Sports,0.13520000000000001,0.595
7uqTFJL9DhynFEACK,26164d325072935d5f444afd9c30f55cafec2dcf83cf9a49acc87e4be3fb1c70,5,0.36,2,1539009674489,Sports,0.2592,0.61
jtCyvXd5c25Gu7poN,26164d325072935d5f444afd9c30f55cafec2dcf83cf9a49acc87e4be3fb1c70,6,0.47,2,1539009674490,Sports,0.44179999999999997,0.495
nxbsCNKHBSkG2akes,26164d325072935d5f444afd9c30f55cafec2dcf83cf9a49acc87e4be3fb1c70,7,0.73,2,1539010184831,Politics,1.0657999999999999,0.59
6JdoaR2Ynv2xaXbYH,26164d325072935d5f444afd9c30f55cafec2dcf83cf9a49acc87e4be3fb1c70,8,0.77,2,1539010184833,Politics,0.10579999999999998,0.595
M9EQGkJCSnRM7zwRP,26164d325072935d5f444afd9c30f55cafec2dcf83cf9a49acc87e4be3fb1c70,9,0.86,2,1539010184833,Politics,1.4791999999999998,0.515
t6a4JZp9Rbxv6Gb9W,26164d325072935d5f444afd9c30f55cafec2dcf83cf9a49acc87e4be3fb1c70,10,0.72,2,1539010184834,Politics,1.0368,0.38
ccMd7uA5E5yuXsz2z,26164d325072935d5f444afd9c30f55cafec2dcf83cf9a49acc87e4be3fb1c70,11,0.47,2,1539010184835,Politics,0.44179999999999997,0.395
MGEZFWGLYotvZJgMD,26164d325072935d5f444afd9c30f55cafec2dcf83cf9a49acc87e4be3fb1c70,12,0.44,2,1539010184836,Politics,0.3872,0.415
9xbYpaPT7qsjFunby,26164d325072935d5f444afd9c30f55cafec2dcf83cf9a49acc87e4be3fb1c70,13,1,2,1539010436638,Entertainment,2,0.53
XmfTrweh5vZwhP5nt,26164d325072935d5f444afd9c30f55cafec2dcf83cf9a49acc87e4be3fb1c70,14,1,2,1539010436638,Entertainment,0,0.565
jzJqD3MNYPSm3s9d2,26164d325072935d5f444afd9c30f55cafec2dcf83cf9a49acc87e4be3fb1c70,15,0.22,2,1539010436639,Entertainment,0.0968,0.385
tpDWyDmmw2owdZqYZ,26164d325072935d5f444afd9c30f55cafec2dcf83cf9a49acc87e4be3fb1c70,16,0.73,2,1539010436639,Entertainment,0.1458,0.46
7qXw8K2EfdeTdPPmL,26164d325072935d5f444afd9c30f55cafec2dcf83cf9a49acc87e4be3fb1c70,17,0.17,2,1539010436639,Entertainment,0.05780000000000001,0.375
LZgykkmi2phNCErBy,26164d325072935d5f444afd9c30f55cafec2dcf83cf9a49acc87e4be3fb1c70,18,0.57,2,1539010436640,Entertainment,0.6497999999999999,0.58
qYN2bvPeMGpk5R8NJ,451824a3831954cd69501dfd97cbfb0c82ca852930c6459cd859560ce2e126ca,1,0.56,2,1539011954724,Sports,0.38719999999999993,0.66
vW75GZKkeRcazosx4,451824a3831954cd69501dfd97cbfb0c82ca852930c6459cd859560ce2e126ca,2,0.79,2,1539011954752,Sports,1.2482000000000002,0.58
2eKcGKLgjoidXT7dJ,451824a3831954cd69501dfd97cbfb0c82ca852930c6459cd859560ce2e126ca,3,0.2,2,1539011954756,Sports,0.08000000000000002,0.475
5visDTSACAhjLtaLw,451824a3831954cd69501dfd97cbfb0c82ca852930c6459cd859560ce2e126ca,4,0.23,2,1539011954758,Sports,1.1858,0.355
vsi9KEKJStBJbzz3b,451824a3831954cd69501dfd97cbfb0c82ca852930c6459cd859560ce2e126ca,5,0.48,2,1539011954760,Sports,0.4608,0.58
QShExDtFuCjPfw75K,451824a3831954cd69501dfd97cbfb0c82ca852930c6459cd859560ce2e126ca,6,0.45,2,1539011954762,Sports,0.405,0.565
7WTHtKiu9CK38F5wu,468c4d31174b800b565096d6e8fd12c7a732bd2cbe5b339797b9cc167825cc69,1,0.72,2,1539017196502,Sports,0.15680000000000002,0.755
8YwX24FrYNquWnm7H,468c4d31174b800b565096d6e8fd12c7a732bd2cbe5b339797b9cc167825cc69,2,0.75,2,1539017196504,Sports,1.125,0.715
wRMnaidXTWbw277qd,468c4d31174b800b565096d6e8fd12c7a732bd2cbe5b339797b9cc167825cc69,3,0,2,1539017196505,Sports,0,0.495
5NFCfs9ot6pNLjQ6e,468c4d31174b800b565096d6e8fd12c7a732bd2cbe5b339797b9cc167825cc69,4,0.26,2,1539017196505,Sports,1.0952,0.43
TkBhbAZQMkbqinWGg,468c4d31174b800b565096d6e8fd12c7a732bd2cbe5b339797b9cc167825cc69,5,0.24,2,1539017196505,Sports,0.1152,0.575
4HinaiYhuhnmgticK,468c4d31174b800b565096d6e8fd12c7a732bd2cbe5b339797b9cc167825cc69,6,0.72,2,1539017196506,Sports,1.0368,0.69
9wzDZ79kYS6tvjaYJ,468c4d31174b800b565096d6e8fd12c7a732bd2cbe5b339797b9cc167825cc69,7,0.26,2,1539017241981,Politics,0.13520000000000001,0.43
EJtA3hNuSH3pmGRHu,468c4d31174b800b565096d6e8fd12c7a732bd2cbe5b339797b9cc167825cc69,8,0.05,2,1539017241982,Politics,1.805,0.335
FdnxksYd3eFxJCuZE,468c4d31174b800b565096d6e8fd12c7a732bd2cbe5b339797b9cc167825cc69,9,0.06,2,1539017241982,Politics,0.0072,0.3
vR354hqEJmZfKtttn,468c4d31174b800b565096d6e8fd12c7a732bd2cbe5b339797b9cc167825cc69,10,0,2,1539017241983,Politics,0,0.45
KNPwbZAtiAgu7TkAZ,468c4d31174b800b565096d6e8fd12c7a732bd2cbe5b339797b9cc167825cc69,11,0.03,2,1539017241983,Politics,0.0018,0.44
waGaCxmEFfATvFp4d,468c4d31174b800b565096d6e8fd12c7a732bd2cbe5b339797b9cc167825cc69,12,0,2,1539017241983,Politics,0,0.515
ffq8xaSr4z3FXyyw2,bf70158e0a34f058e83c64a6b05f24e7f85c606e6628b322ce802edb42ddcbf2,1,0.46,2,1539017349021,Sports,0.5832,0.63
Bbs3vtaPLEz6mfSxM,bf70158e0a34f058e83c64a6b05f24e7f85c606e6628b322ce802edb42ddcbf2,2,0.51,2,1539017349021,Sports,0.5202,0.62
s7fQph923LKcBfi9r,bf70158e0a34f058e83c64a6b05f24e7f85c606e6628b322ce802edb42ddcbf2,3,0.39,2,1539017349022,Sports,0.3042,0.55
L7ZhEA2jjB8JNmWaS,bf70158e0a34f058e83c64a6b05f24e7f85c606e6628b322ce802edb42ddcbf2,4,0.56,2,1539017349022,Sports,0.38719999999999993,0.645
KeZL8HhJciouzRHTs,bf70158e0a34f058e83c64a6b05f24e7f85c606e6628b322ce802edb42ddcbf2,5,0.59,2,1539017349023,Sports,0.6961999999999999,0.545
Evt6gXKz5HaezDqWn,bf70158e0a34f058e83c64a6b05f24e7f85c606e6628b322ce802edb42ddcbf2,6,0.47,2,1539017349024,Sports,0.44179999999999997,0.585
efhPbAqHRvcEMEFdQ,a3be243b6b50b2a25824839c7d15a94c09c028db33ffe4b691b5ff0e54b69b72,1,0.8,2,1539017302392,Sports,0.07999999999999996,0.47
k4B53QsiL9f49vTCc,a3be243b6b50b2a25824839c7d15a94c09c028db33ffe4b691b5ff0e54b69b72,2,0.83,2,1539017302399,Sports,1.3778,0.575
vBptxBN6MCCEdynFF,a3be243b6b50b2a25824839c7d15a94c09c028db33ffe4b691b5ff0e54b69b72,3,0.41,2,1539017302405,Sports,0.33619999999999994,0.51
7JBFJEvawwGShts4M,a3be243b6b50b2a25824839c7d15a94c09c028db33ffe4b691b5ff0e54b69b72,4,0.77,2,1539017302408,Sports,0.10579999999999998,0.59
o9ghL6v4xQ5i8pnp9,a3be243b6b50b2a25824839c7d15a94c09c028db33ffe4b691b5ff0e54b69b72,5,0.41,2,1539017302410,Sports,0.33619999999999994,0.515
Ytt8mzwzBYD4yGPoq,a3be243b6b50b2a25824839c7d15a94c09c028db33ffe4b691b5ff0e54b69b72,6,0.8,2,1539017302413,Sports,1.2800000000000002,0.545
4LBxay2ytfFwXTzGY,a3be243b6b50b2a25824839c7d15a94c09c028db33ffe4b691b5ff0e54b69b72,7,0.55,2,1539017320977,Politics,0.6050000000000001,0.605
9384wuuWBzWK7oyW3,a3be243b6b50b2a25824839c7d15a94c09c028db33ffe4b691b5ff0e54b69b72,8,0.78,2,1539017320981,Politics,0.09679999999999998,0.565
je34GGFLpBeF2WW6j,a3be243b6b50b2a25824839c7d15a94c09c028db33ffe4b691b5ff0e54b69b72,9,0.58,2,1539017320984,Politics,0.6728,0.58
aKFkYAFuFtpwZBfsf,a3be243b6b50b2a25824839c7d15a94c09c028db33ffe4b691b5ff0e54b69b72,10,0.3,2,1539017320987,Politics,0.18,0.49
PpgoYnuTvxGzTPPrR,a3be243b6b50b2a25824839c7d15a94c09c028db33ffe4b691b5ff0e54b69b72,11,0.6,2,1539017320990,Politics,0.72,0.395
pvoL7bCZTFHAsj5ce,a3be243b6b50b2a25824839c7d15a94c09c028db33ffe4b691b5ff0e54b69b72,12,0.22,2,1539017320993,Politics,0.0968,0.42
gRMSqrKo8uupiYAiq,a3be243b6b50b2a25824839c7d15a94c09c028db33ffe4b691b5ff0e54b69b72,13,0.93,2,1539017352846,Entertainment,1.7298000000000002,0.52
68S5cpLKCkWS5XkqA,a3be243b6b50b2a25824839c7d15a94c09c028db33ffe4b691b5ff0e54b69b72,14,0.64,2,1539017352848,Entertainment,0.2592,0.59
heQiaJSse3q75tqNa,a3be243b6b50b2a25824839c7d15a94c09c028db33ffe4b691b5ff0e54b69b72,15,0.52,2,1539017352850,Entertainment,0.5408000000000001,0.525
RkBDfKxFqFxerY39f,a3be243b6b50b2a25824839c7d15a94c09c028db33ffe4b691b5ff0e54b69b72,16,0.67,2,1539017352852,Entertainment,0.21779999999999994,0.5
v2Qtz9GJcmFyDSFqC,a3be243b6b50b2a25824839c7d15a94c09c028db33ffe4b691b5ff0e54b69b72,17,0.6,2,1539017352857,Entertainment,0.72,0.465
k7uoE64rd5svXiA7d,a3be243b6b50b2a25824839c7d15a94c09c028db33ffe4b691b5ff0e54b69b72,18,0.93,2,1539017352859,Entertainment,1.7298000000000002,0.49
SpanXA86bn7o63iJ8,bf70158e0a34f058e83c64a6b05f24e7f85c606e6628b322ce802edb42ddcbf2,7,0.72,2,1539017378439,Politics,1.0368,0.585
ZgzP6mxmZAt7HBBgm,bf70158e0a34f058e83c64a6b05f24e7f85c606e6628b322ce802edb42ddcbf2,8,0.72,2,1539017378440,Politics,0.15680000000000002,0.575
vRqP4mTDZkimxh2W4,bf70158e0a34f058e83c64a6b05f24e7f85c606e6628b322ce802edb42ddcbf2,9,0.75,2,1539017378440,Politics,1.125,0.5
CJETDPjhenSLsr5A2,bf70158e0a34f058e83c64a6b05f24e7f85c606e6628b322ce802edb42ddcbf2,10,0.07,2,1539017378441,Politics,0.009800000000000001,0.3
L4rDZhSvnhKkPYwTF,bf70158e0a34f058e83c64a6b05f24e7f85c606e6628b322ce802edb42ddcbf2,11,0.06,2,1539017378441,Politics,0.0072,0.37
upn2Jqk9Ky5w6Ea52,bf70158e0a34f058e83c64a6b05f24e7f85c606e6628b322ce802edb42ddcbf2,12,0.39,2,1539017378441,Politics,0.3042,0.595
x83tna9D2aFZfgkgf,468c4d31174b800b565096d6e8fd12c7a732bd2cbe5b339797b9cc167825cc69,13,0,2,1539017384459,Entertainment,0,0.37
eS8apNPDwzNLqrKRe,468c4d31174b800b565096d6e8fd12c7a732bd2cbe5b339797b9cc167825cc69,14,0,2,1539017384459,Entertainment,2,0.33
u3jjuzHxHwr8yKdCm,468c4d31174b800b565096d6e8fd12c7a732bd2cbe5b339797b9cc167825cc69,15,0.92,2,1539017384459,Entertainment,1.6928,0.625
QkvEJzvGHa2EuFmkA,468c4d31174b800b565096d6e8fd12c7a732bd2cbe5b339797b9cc167825cc69,16,0.5,2,1539017384459,Entertainment,0.5,0.735
AiPLdfsRF4wso9MHk,468c4d31174b800b565096d6e8fd12c7a732bd2cbe5b339797b9cc167825cc69,17,0.22,2,1539017384459,Entertainment,0.0968,0.605
4ogaZkke3Cz59FsNH,468c4d31174b800b565096d6e8fd12c7a732bd2cbe5b339797b9cc167825cc69,18,0.28,2,1539017384460,Entertainment,0.15680000000000002,0.555
K9QEnGj4rozhaL5vT,bf70158e0a34f058e83c64a6b05f24e7f85c606e6628b322ce802edb42ddcbf2,13,0.19,2,1539017399702,Entertainment,0.0722,0.3
xYQxMJPsMbSuG8Rb5,bf70158e0a34f058e83c64a6b05f24e7f85c606e6628b322ce802edb42ddcbf2,14,0.83,2,1539017399703,Entertainment,0.057800000000000025,0.595
MmRiKsAG64pEAQQs8,bf70158e0a34f058e83c64a6b05f24e7f85c606e6628b322ce802edb42ddcbf2,15,0.41,2,1539017399703,Entertainment,0.33619999999999994,0.605
roX2YbxJQF5xf56YT,bf70158e0a34f058e83c64a6b05f24e7f85c606e6628b322ce802edb42ddcbf2,16,0.48,2,1539017399703,Entertainment,0.5408000000000001,0.49
L8pRpZCrfveA3Au6A,bf70158e0a34f058e83c64a6b05f24e7f85c606e6628b322ce802edb42ddcbf2,17,0.39,2,1539017399704,Entertainment,0.3042,0.535
Pdo8PxPzykDpskcGe,bf70158e0a34f058e83c64a6b05f24e7f85c606e6628b322ce802edb42ddcbf2,18,0.27,2,1539017399704,Entertainment,0.1458,0.465
cXhqn2zLbj9peYb88,8f4e40b1afda94ce98a1e0800cd08911dd03c3b50198cdde490bc707e18212f7,1,0.2,2,1539018020817,Sports,1.2800000000000002,0.415
AhtgH8fpHR5ncQixu,8f4e40b1afda94ce98a1e0800cd08911dd03c3b50198cdde490bc707e18212f7,2,0.8,2,1539018020818,Sports,1.2800000000000002,0.625
hTXGHQTjT7hguiDNE,8f4e40b1afda94ce98a1e0800cd08911dd03c3b50198cdde490bc707e18212f7,3,0.35,2,1539018020818,Sports,0.24499999999999997,0.615
78SSFu9h8JC9jhAm6,8f4e40b1afda94ce98a1e0800cd08911dd03c3b50198cdde490bc707e18212f7,4,0.3,2,1539018020819,Sports,0.9799999999999999,0.73
tycvh3kmBu2ijvvA6,8f4e40b1afda94ce98a1e0800cd08911dd03c3b50198cdde490bc707e18212f7,5,0.25,2,1539018020819,Sports,0.125,0.54
AwPvvSuXCkxSyijJj,8f4e40b1afda94ce98a1e0800cd08911dd03c3b50198cdde490bc707e18212f7,6,0,2,1539018020819,Sports,0,0.32
Ap3y2RiuGWt92Wq57,8f4e40b1afda94ce98a1e0800cd08911dd03c3b50198cdde490bc707e18212f7,7,0.85,2,1539018096617,Politics,1.4449999999999998,0.715
ybo6KxCTAeyngvy3a,8f4e40b1afda94ce98a1e0800cd08911dd03c3b50198cdde490bc707e18212f7,8,0.6,2,1539018096617,Politics,0.32000000000000006,0.655
BKYhNdiQ8Xhxsg6AE,8f4e40b1afda94ce98a1e0800cd08911dd03c3b50198cdde490bc707e18212f7,9,0.25,2,1539018096618,Politics,0.125,0.48
4sLPvKRpBz5XQQMLR,8f4e40b1afda94ce98a1e0800cd08911dd03c3b50198cdde490bc707e18212f7,10,0.1,2,1539018096618,Politics,0.020000000000000004,0.59
cscR8jvEwZPzhrdoK,8f4e40b1afda94ce98a1e0800cd08911dd03c3b50198cdde490bc707e18212f7,11,0.1,2,1539018096618,Politics,0.020000000000000004,0.5
etRuSShEmsNptw6W3,8f4e40b1afda94ce98a1e0800cd08911dd03c3b50198cdde490bc707e18212f7,12,0.05,2,1539018096618,Politics,0.005000000000000001,0.415
KJcSs7xDwBYKnNS9Y,8f4e40b1afda94ce98a1e0800cd08911dd03c3b50198cdde490bc707e18212f7,13,0.15,2,1539018156680,Entertainment,0.045,0.33
QSp3sAfMDmEvDWATs,8f4e40b1afda94ce98a1e0800cd08911dd03c3b50198cdde490bc707e18212f7,14,0.9,2,1539018156680,Entertainment,0.01999999999999999,0.65
MProH8rkSAtasDJE5,8f4e40b1afda94ce98a1e0800cd08911dd03c3b50198cdde490bc707e18212f7,15,0.3,2,1539018156680,Entertainment,0.18,0.75
FqKKBBjo2mBj3YqFN,8f4e40b1afda94ce98a1e0800cd08911dd03c3b50198cdde490bc707e18212f7,16,0.65,2,1539018156680,Entertainment,0.24499999999999997,0.575
tiecEKKPFvd2aQk6r,8f4e40b1afda94ce98a1e0800cd08911dd03c3b50198cdde490bc707e18212f7,17,0.15,2,1539018156681,Entertainment,0.045,0.44
HbLogaFQKgMtXPv5i,8f4e40b1afda94ce98a1e0800cd08911dd03c3b50198cdde490bc707e18212f7,18,0.15,2,1539018156681,Entertainment,0.045,0.445
zs4N5TwKf5vhLFRAP,ba852046f5dfc4c6dc5854df2c7372dd4463ab5b9b00cec423d73e5afebed15f,1,0.21,2,1539019332991,Sports,1.2482000000000002,0.35
ybqvxtvLMEZKBiRma,ba852046f5dfc4c6dc5854df2c7372dd4463ab5b9b00cec423d73e5afebed15f,2,0.69,2,1539019332992,Sports,0.9521999999999998,0.59
vjH5wQQNixfJA9gmp,ba852046f5dfc4c6dc5854df2c7372dd4463ab5b9b00cec423d73e5afebed15f,3,0.25,2,1539019332993,Sports,0.125,0.455
9Xph2GAe7TJzufmBY,ba852046f5dfc4c6dc5854df2c7372dd4463ab5b9b00cec423d73e5afebed15f,4,0.8,2,1539019332994,Sports,0.07999999999999996,0.57
W5axKmEuYGH95MdyZ,ba852046f5dfc4c6dc5854df2c7372dd4463ab5b9b00cec423d73e5afebed15f,5,0.69,2,1539019332994,Sports,0.9521999999999998,0.455
n9rfFr4GoXe26XaWL,ba852046f5dfc4c6dc5854df2c7372dd4463ab5b9b00cec423d73e5afebed15f,6,0.39,2,1539019332995,Sports,0.3042,0.635
knzSCKaK87ZnuRrgv,86036aaf020ca72bd77fb070f12b895e12c9bed50278126facda10f5b6ce8cc6,1,0.49,2,1539019724959,Sports,0.5202,0.555
XTWGmFTJuZu9vb8Li,86036aaf020ca72bd77fb070f12b895e12c9bed50278126facda10f5b6ce8cc6,2,0.75,2,1539019724959,Sports,1.125,0.51
7Teekvb4fGCoy8rpx,86036aaf020ca72bd77fb070f12b895e12c9bed50278126facda10f5b6ce8cc6,3,0.49,2,1539019724959,Sports,0.48019999999999996,0.455
tk67LEXRC6JwzDvjt,86036aaf020ca72bd77fb070f12b895e12c9bed50278126facda10f5b6ce8cc6,4,0.63,2,1539019724969,Sports,0.2738,0.565
6mP4HsmqvYjv2o9j5,86036aaf020ca72bd77fb070f12b895e12c9bed50278126facda10f5b6ce8cc6,5,0.59,2,1539019724969,Sports,0.6961999999999999,0.525
zeZeKDyZjnFJ723s6,86036aaf020ca72bd77fb070f12b895e12c9bed50278126facda10f5b6ce8cc6,6,0.56,2,1539019724969,Sports,0.6272000000000001,0.51
LuZ8YurCkpzpcjq5G,86036aaf020ca72bd77fb070f12b895e12c9bed50278126facda10f5b6ce8cc6,7,0.45,2,1539019742577,Politics,0.405,0.55
AHeKF5N2aw46wYB4q,86036aaf020ca72bd77fb070f12b895e12c9bed50278126facda10f5b6ce8cc6,8,0.61,2,1539019742577,Politics,0.3042,0.55
WQ3C7KrLLSTzivYXa,86036aaf020ca72bd77fb070f12b895e12c9bed50278126facda10f5b6ce8cc6,9,0.71,2,1539019742577,Politics,1.0082,0.495
riEqiJpxZEFmbsJmL,86036aaf020ca72bd77fb070f12b895e12c9bed50278126facda10f5b6ce8cc6,10,0.42,2,1539019742580,Politics,0.35279999999999995,0.425
T3faper9Mxo9m55p7,86036aaf020ca72bd77fb070f12b895e12c9bed50278126facda10f5b6ce8cc6,11,0.55,2,1539019742580,Politics,0.6050000000000001,0.425
AXFCD2goQCgn3g3Zj,86036aaf020ca72bd77fb070f12b895e12c9bed50278126facda10f5b6ce8cc6,12,0.59,2,1539019742580,Politics,0.6961999999999999,0.38
bbrwPwn9GMdCdbAaX,86036aaf020ca72bd77fb070f12b895e12c9bed50278126facda10f5b6ce8cc6,13,0.96,2,1539019769292,Entertainment,1.8432,0.52
7gPvCd6W83t6XANaH,86036aaf020ca72bd77fb070f12b895e12c9bed50278126facda10f5b6ce8cc6,14,0.52,2,1539019769292,Entertainment,0.4608,0.575
qfJoFbrEzg2LdHsmy,86036aaf020ca72bd77fb070f12b895e12c9bed50278126facda10f5b6ce8cc6,15,0.38,2,1539019769292,Entertainment,0.2888,0.595
ZRwNAcqd6DepENn8N,86036aaf020ca72bd77fb070f12b895e12c9bed50278126facda10f5b6ce8cc6,16,0.39,2,1539019769292,Entertainment,0.7442,0.535
J9Psxf6mNLWqcwe8q,86036aaf020ca72bd77fb070f12b895e12c9bed50278126facda10f5b6ce8cc6,17,0.85,2,1539019769292,Entertainment,1.4449999999999998,0.475
brrvgvrys5MK47RQP,86036aaf020ca72bd77fb070f12b895e12c9bed50278126facda10f5b6ce8cc6,18,0.53,2,1539019769307,Entertainment,0.5618000000000001,0.495
GB3J5nYfQmRzDiuvW,ba852046f5dfc4c6dc5854df2c7372dd4463ab5b9b00cec423d73e5afebed15f,7,0.92,2,1539019874724,Politics,1.6928,0.585
s9DafmJRjaWE8bRX6,ba852046f5dfc4c6dc5854df2c7372dd4463ab5b9b00cec423d73e5afebed15f,8,0.92,2,1539019874724,Politics,0.012799999999999987,0.565
EqXNZtN2HwL5kNzrw,ba852046f5dfc4c6dc5854df2c7372dd4463ab5b9b00cec423d73e5afebed15f,9,0.88,2,1539019874725,Politics,1.5488,0.49
opPPTDy6MKEPW7gZB,ba852046f5dfc4c6dc5854df2c7372dd4463ab5b9b00cec423d73e5afebed15f,10,0.8,2,1539019874725,Politics,1.2800000000000002,0.33
v9WBGaBbpWesq4vAX,ba852046f5dfc4c6dc5854df2c7372dd4463ab5b9b00cec423d73e5afebed15f,11,0.61,2,1539019874726,Politics,0.7442,0.37
6can8zESHkdtcNeBX,ba852046f5dfc4c6dc5854df2c7372dd4463ab5b9b00cec423d73e5afebed15f,12,0.28,2,1539019874726,Politics,0.15680000000000002,0.39
Rt2KhzyJ37rffs8A3,ba852046f5dfc4c6dc5854df2c7372dd4463ab5b9b00cec423d73e5afebed15f,13,0.33,2,1539020767286,Entertainment,0.21780000000000002,0.63
yQzixu2gWGAXkhgsW,ba852046f5dfc4c6dc5854df2c7372dd4463ab5b9b00cec423d73e5afebed15f,14,0.95,2,1539020767286,Entertainment,0.005000000000000009,0.585
TnEGsqNmy6iw3FBPm,ba852046f5dfc4c6dc5854df2c7372dd4463ab5b9b00cec423d73e5afebed15f,15,0.8,2,1539020767286,Entertainment,1.2800000000000002,0.51
fXTTygAXpKc7NJ6xW,ba852046f5dfc4c6dc5854df2c7372dd4463ab5b9b00cec423d73e5afebed15f,16,0.93,2,1539020767287,Entertainment,0.009799999999999986,0.475
etvjFYiFgxsZy4Fua,ba852046f5dfc4c6dc5854df2c7372dd4463ab5b9b00cec423d73e5afebed15f,17,0.39,2,1539020767288,Entertainment,0.3042,0.575
K3rdBsRxoYMw8DtDT,ba852046f5dfc4c6dc5854df2c7372dd4463ab5b9b00cec423d73e5afebed15f,18,0.67,2,1539020767290,Entertainment,0.8978000000000002,0.445
QXCkukS6p8wkyCmYH,ebb56d7cfa7bccd49b78cb9b4e77ae6b65b41d77e5353f21e1d9d06695e178c8,1,0.73,2,1539021487158,Sports,0.1458,0.525
k3xe3dn9rFbhxdC55,ebb56d7cfa7bccd49b78cb9b4e77ae6b65b41d77e5353f21e1d9d06695e178c8,2,0.61,2,1539021487158,Sports,0.7442,0.54
o8xT7HjJydbTzAS3Q,ebb56d7cfa7bccd49b78cb9b4e77ae6b65b41d77e5353f21e1d9d06695e178c8,3,0.56,2,1539021487159,Sports,0.6272000000000001,0.445
r3aPAwNCCACvtBRWq,ebb56d7cfa7bccd49b78cb9b4e77ae6b65b41d77e5353f21e1d9d06695e178c8,4,0.71,2,1539021487159,Sports,0.16820000000000004,0.565
3MDweB8yDuF7yAieM,ebb56d7cfa7bccd49b78cb9b4e77ae6b65b41d77e5353f21e1d9d06695e178c8,5,0.77,2,1539021487160,Sports,1.1858,0.485
QRDQF34ErdjY8GxzS,ebb56d7cfa7bccd49b78cb9b4e77ae6b65b41d77e5353f21e1d9d06695e178c8,6,0.57,2,1539021487160,Sports,0.6497999999999999,0.5
KExyaKDu87N6oXcyW,ebb56d7cfa7bccd49b78cb9b4e77ae6b65b41d77e5353f21e1d9d06695e178c8,7,0.46,2,1539021509613,Politics,0.4232,0.585
S4sQiGfzoGqCoMeDG,ebb56d7cfa7bccd49b78cb9b4e77ae6b65b41d77e5353f21e1d9d06695e178c8,8,0.7,2,1539021509613,Politics,0.18000000000000005,0.53
xHDishpBcgPN8W3LD,ebb56d7cfa7bccd49b78cb9b4e77ae6b65b41d77e5353f21e1d9d06695e178c8,9,0.79,2,1539021509613,Politics,1.2482000000000002,0.51
Z7YP6y5s64CysNSTc,ebb56d7cfa7bccd49b78cb9b4e77ae6b65b41d77e5353f21e1d9d06695e178c8,10,0.73,2,1539021509614,Politics,1.0657999999999999,0.3
HNs6ANidAZg46JWKo,ebb56d7cfa7bccd49b78cb9b4e77ae6b65b41d77e5353f21e1d9d06695e178c8,11,0.44,2,1539021509614,Politics,0.3872,0.405
XJDFFB4KcnKJ2xHd6,ebb56d7cfa7bccd49b78cb9b4e77ae6b65b41d77e5353f21e1d9d06695e178c8,12,0.49,2,1539021509614,Politics,0.48019999999999996,0.38
jA6R5HKst2tch9CHq,ebb56d7cfa7bccd49b78cb9b4e77ae6b65b41d77e5353f21e1d9d06695e178c8,13,0.78,2,1539021523697,Entertainment,1.2168,0.515
yLoeyFmYMiiGXP6mz,ebb56d7cfa7bccd49b78cb9b4e77ae6b65b41d77e5353f21e1d9d06695e178c8,14,1,2,1539021523698,Entertainment,0,0.605
jDciCiGsbvYwJAp8t,ebb56d7cfa7bccd49b78cb9b4e77ae6b65b41d77e5353f21e1d9d06695e178c8,15,0.73,2,1539021523698,Entertainment,1.0657999999999999,0.485
B4YjbtuNdcT4Jeabw,ebb56d7cfa7bccd49b78cb9b4e77ae6b65b41d77e5353f21e1d9d06695e178c8,16,0.55,2,1539021523698,Entertainment,0.4049999999999999,0.555
mgCeSrCTuesuFAu3J,ebb56d7cfa7bccd49b78cb9b4e77ae6b65b41d77e5353f21e1d9d06695e178c8,17,0.94,2,1539021523699,Entertainment,1.7671999999999999,0.475
c6Fviv7bN53zoQDZ9,ebb56d7cfa7bccd49b78cb9b4e77ae6b65b41d77e5353f21e1d9d06695e178c8,18,0.46,2,1539021523699,Entertainment,0.4232,0.475
zJQ7Shxh3hkKpDbj2,3afc43ed5d0ec92a2858135c649083ac98767762641f37dc6f322db802df2b43,1,0.22,2,1539022139422,Sports,1.2168,0.38
wZPQyDMvxcx4gabqs,3afc43ed5d0ec92a2858135c649083ac98767762641f37dc6f322db802df2b43,2,0.28,2,1539022139423,Sports,0.15680000000000002,0.365
Cffw4jYfjZE6t2r5w,3afc43ed5d0ec92a2858135c649083ac98767762641f37dc6f322db802df2b43,3,0.74,2,1539022139423,Sports,1.0952,0.485
7mPAfPwsTW9xguqK8,3afc43ed5d0ec92a2858135c649083ac98767762641f37dc6f322db802df2b43,4,0.67,2,1539022139423,Sports,0.21779999999999994,0.635
952qfwKkwZXy82K9j,3afc43ed5d0ec92a2858135c649083ac98767762641f37dc6f322db802df2b43,5,0.79,2,1539022139424,Sports,1.2482000000000002,0.475
diLRRshhGF7bEF48z,3afc43ed5d0ec92a2858135c649083ac98767762641f37dc6f322db802df2b43,6,0.83,2,1539022139424,Sports,1.3778,0.54
a4Ys35avMJjuQKu8Y,3afc43ed5d0ec92a2858135c649083ac98767762641f37dc6f322db802df2b43,7,0.7,2,1539022227788,Politics,0.9799999999999999,0.615
SbcS9jnveoyDwPqcm,3afc43ed5d0ec92a2858135c649083ac98767762641f37dc6f322db802df2b43,8,1,2,1539022227788,Politics,0,0.52
f69Kmzgd5tdJWTbWt,3afc43ed5d0ec92a2858135c649083ac98767762641f37dc6f322db802df2b43,9,0.75,2,1539022227789,Politics,1.125,0.565
DnYzrbW8KsA35WvCN,3afc43ed5d0ec92a2858135c649083ac98767762641f37dc6f322db802df2b43,10,0.3,2,1539022227789,Politics,0.18,0.525
DYSkryQ8fSXNbpmvB,3afc43ed5d0ec92a2858135c649083ac98767762641f37dc6f322db802df2b43,11,0.29,2,1539022227790,Politics,0.1682,0.425
Wde3YRyYtAGv5CkaF,3afc43ed5d0ec92a2858135c649083ac98767762641f37dc6f322db802df2b43,12,0,2,1539022227790,Politics,0,0.405
rTwqRP2pToT8dKXJZ,3afc43ed5d0ec92a2858135c649083ac98767762641f37dc6f322db802df2b43,13,0.78,2,1539022301815,Entertainment,1.2168,0.58
WX3KjAL2DHwRhd73S,3afc43ed5d0ec92a2858135c649083ac98767762641f37dc6f322db802df2b43,14,1,2,1539022301816,Entertainment,0,0.625
XBjZDhz966jceygg8,3afc43ed5d0ec92a2858135c649083ac98767762641f37dc6f322db802df2b43,15,0.31,2,1539022301817,Entertainment,0.1922,0.635
vFKufGYfWdK5AQaAD,3afc43ed5d0ec92a2858135c649083ac98767762641f37dc6f322db802df2b43,16,0.43,2,1539022301817,Entertainment,0.6498000000000002,0.57
DCGwpbqAw6Lk3hRyz,3afc43ed5d0ec92a2858135c649083ac98767762641f37dc6f322db802df2b43,17,0.59,2,1539022301817,Entertainment,0.6961999999999999,0.58
yjgucswC5Enf4hf3w,3afc43ed5d0ec92a2858135c649083ac98767762641f37dc6f322db802df2b43,18,0.2,2,1539022301817,Entertainment,0.08000000000000002,0.49
SoQbqo9QvfXiuu8kE,461637ea1c95d6b45e0ccb3593ee96164fe5da6476f60182638a0a7294070e18,7,0.64,2,1539024600789,Politics,0.8192,0.68
WdCiQptbgFMYTQ7rv,461637ea1c95d6b45e0ccb3593ee96164fe5da6476f60182638a0a7294070e18,8,0.38,2,1539024600789,Politics,0.7688,0.745
ThTabky8EEobQ8LNH,461637ea1c95d6b45e0ccb3593ee96164fe5da6476f60182638a0a7294070e18,9,0.12,2,1539024600790,Politics,0.0288,0.53
oc5MzRrbsKNq52uWx,461637ea1c95d6b45e0ccb3593ee96164fe5da6476f60182638a0a7294070e18,10,0.03,2,1539024600790,Politics,0.0018,0.415
XY3TfapHmwZ9kABus,461637ea1c95d6b45e0ccb3593ee96164fe5da6476f60182638a0a7294070e18,11,0.04,2,1539024600791,Politics,0.0032,0.45
vduTmjKLmg7YeRw5n,461637ea1c95d6b45e0ccb3593ee96164fe5da6476f60182638a0a7294070e18,12,0.09,2,1539024600792,Politics,0.0162,0.495
3p6ntWwMJYSxgaAxN,461637ea1c95d6b45e0ccb3593ee96164fe5da6476f60182638a0a7294070e18,13,0.05,2,1539024629068,Entertainment,0.005000000000000001,0.305
wPWSoFuQDkdzkBvcW,461637ea1c95d6b45e0ccb3593ee96164fe5da6476f60182638a0a7294070e18,14,0.94,2,1539024629070,Entertainment,0.007200000000000013,0.68
jvEJabrfotPZGbYS8,461637ea1c95d6b45e0ccb3593ee96164fe5da6476f60182638a0a7294070e18,15,0.19,2,1539024629070,Entertainment,0.0722,0.4
nHe3Z9viQY9RWEqqN,461637ea1c95d6b45e0ccb3593ee96164fe5da6476f60182638a0a7294070e18,16,0.81,2,1539024629072,Entertainment,0.07219999999999996,0.58
vEev8TiRmxaDsBhiD,461637ea1c95d6b45e0ccb3593ee96164fe5da6476f60182638a0a7294070e18,17,0.32,2,1539024629072,Entertainment,0.2048,0.69
vLLAr6JqWvdSoQoff,461637ea1c95d6b45e0ccb3593ee96164fe5da6476f60182638a0a7294070e18,18,0.3,2,1539024629073,Entertainment,0.18,0.715
EApPyve6E494aTk7Y,28b0f4665ef889d688b1493fa58ff9800ca7b77f4b7073b6fa5e66a05b6403e0,1,0.84,2,1539025971107,Sports,0.05120000000000002,0.575
YZYbc4c7mruWYe29r,28b0f4665ef889d688b1493fa58ff9800ca7b77f4b7073b6fa5e66a05b6403e0,2,0.25,2,1539025971109,Sports,0.125,0.415
zLsSntXwBPEDpBpNx,28b0f4665ef889d688b1493fa58ff9800ca7b77f4b7073b6fa5e66a05b6403e0,3,0.47,2,1539025971109,Sports,0.44179999999999997,0.51
AM6Bn5ftWA4QSqsGh,28b0f4665ef889d688b1493fa58ff9800ca7b77f4b7073b6fa5e66a05b6403e0,4,0.68,2,1539025971110,Sports,0.20479999999999993,0.605
hC8fKc9FdyH3hFvM9,28b0f4665ef889d688b1493fa58ff9800ca7b77f4b7073b6fa5e66a05b6403e0,5,0.61,2,1539025971110,Sports,0.7442,0.51
MWgWJQFnnPeFdYpNj,28b0f4665ef889d688b1493fa58ff9800ca7b77f4b7073b6fa5e66a05b6403e0,6,0.71,2,1539025971110,Sports,1.0082,0.465
v99QHML3wAG29wpAJ,28b0f4665ef889d688b1493fa58ff9800ca7b77f4b7073b6fa5e66a05b6403e0,7,1,2,1539025978931,Politics,2,0.585
95qCQzxMhvJja9cr8,28b0f4665ef889d688b1493fa58ff9800ca7b77f4b7073b6fa5e66a05b6403e0,8,1,2,1539025978932,Politics,0,0.55
dzWFSpwPqSsQzdPKj,28b0f4665ef889d688b1493fa58ff9800ca7b77f4b7073b6fa5e66a05b6403e0,9,0.74,2,1539025978933,Politics,1.0952,0.535
WxdTS9SiuqJxdeGoQ,28b0f4665ef889d688b1493fa58ff9800ca7b77f4b7073b6fa5e66a05b6403e0,10,0.5,2,1539025978933,Politics,0.5,0.41
b6eTymEApFBoZcRhT,28b0f4665ef889d688b1493fa58ff9800ca7b77f4b7073b6fa5e66a05b6403e0,11,0.36,2,1539025978933,Politics,0.2592,0.615
pkXnCcDrYuDrYtafn,28b0f4665ef889d688b1493fa58ff9800ca7b77f4b7073b6fa5e66a05b6403e0,12,0.39,2,1539025978934,Politics,0.3042,0.52
wwY35vjMaSsS6Jgro,6d6409135adf7c6b7886767a0684d4bbd92a542904e89c17165c1ae79514fbd3,1,0.64,2,1539026143325,Sports,0.2592,0.605
8J6yxoPkRCoZZAsv7,6d6409135adf7c6b7886767a0684d4bbd92a542904e89c17165c1ae79514fbd3,2,0.41,2,1539026143326,Sports,0.33619999999999994,0.595
3WmXe4aQJtfLwsFEv,6d6409135adf7c6b7886767a0684d4bbd92a542904e89c17165c1ae79514fbd3,3,0.19,2,1539026143327,Sports,0.0722,0.415
M8QRFnoCduroi9rHB,6d6409135adf7c6b7886767a0684d4bbd92a542904e89c17165c1ae79514fbd3,4,0.76,2,1539026143327,Sports,0.1152,0.635
KTAdgauKxWFZHhpxW,6d6409135adf7c6b7886767a0684d4bbd92a542904e89c17165c1ae79514fbd3,5,0.5,2,1539026143328,Sports,0.5,0.515
yS37cKYrtBm3WTjDy,6d6409135adf7c6b7886767a0684d4bbd92a542904e89c17165c1ae79514fbd3,6,0.39,2,1539026143329,Sports,0.3042,0.675
y9tM9FBxLcEW4ypvT,28b0f4665ef889d688b1493fa58ff9800ca7b77f4b7073b6fa5e66a05b6403e0,13,0.17,2,1539026264663,Entertainment,0.05780000000000001,0.27
zgrcfdczkycT5tEXy,28b0f4665ef889d688b1493fa58ff9800ca7b77f4b7073b6fa5e66a05b6403e0,14,1,2,1539026264664,Entertainment,0,0.63
fpL527yoTKvmY8TPg,28b0f4665ef889d688b1493fa58ff9800ca7b77f4b7073b6fa5e66a05b6403e0,15,0.62,2,1539026264665,Entertainment,0.7688,0.535
BCH8D7bepnA5L9TEe,28b0f4665ef889d688b1493fa58ff9800ca7b77f4b7073b6fa5e66a05b6403e0,16,0.94,2,1539026264666,Entertainment,0.007200000000000013,0.56
TLnaT2RWtRDK3fCdJ,28b0f4665ef889d688b1493fa58ff9800ca7b77f4b7073b6fa5e66a05b6403e0,17,0.16,2,1539026264667,Entertainment,0.0512,0.44
xfCv7jvMGsY78TYZH,28b0f4665ef889d688b1493fa58ff9800ca7b77f4b7073b6fa5e66a05b6403e0,18,0.28,2,1539026264667,Entertainment,0.15680000000000002,0.485
q2Y654rFZLRQg4nzc,6d6409135adf7c6b7886767a0684d4bbd92a542904e89c17165c1ae79514fbd3,7,0.82,2,1539026474513,Politics,1.3447999999999998,0.605
E5e3PFmFWcEj42Fpe,6d6409135adf7c6b7886767a0684d4bbd92a542904e89c17165c1ae79514fbd3,8,0.85,2,1539026474513,Politics,0.04500000000000001,0.56
icneYKndzCbmvXby2,6d6409135adf7c6b7886767a0684d4bbd92a542904e89c17165c1ae79514fbd3,9,0.72,2,1539026474514,Politics,1.0368,0.52
NQfoSwAkdRH4AvKNk,6d6409135adf7c6b7886767a0684d4bbd92a542904e89c17165c1ae79514fbd3,10,0.13,2,1539026474515,Politics,0.033800000000000004,0.475
x3SERdeMx3DRcGM6N,6d6409135adf7c6b7886767a0684d4bbd92a542904e89c17165c1ae79514fbd3,11,0.26,2,1539026474515,Politics,0.13520000000000001,0.515
Jpa2c3S7ZguDnEawv,6d6409135adf7c6b7886767a0684d4bbd92a542904e89c17165c1ae79514fbd3,12,0.32,2,1539026474517,Politics,0.2048,0.58
hL9xMfXz8ZgLAuSGy,6d6409135adf7c6b7886767a0684d4bbd92a542904e89c17165c1ae79514fbd3,13,0.7,2,1539029721244,Entertainment,0.9799999999999999,0.535
MC9gdmPtfZJqTidmm,6d6409135adf7c6b7886767a0684d4bbd92a542904e89c17165c1ae79514fbd3,14,0.92,2,1539029721246,Entertainment,0.012799999999999987,0.585
7MhEZhcSruENLxbJi,6d6409135adf7c6b7886767a0684d4bbd92a542904e89c17165c1ae79514fbd3,15,0.34,2,1539029721247,Entertainment,0.23120000000000004,0.595
aSrtrPk4ZoogPuD84,6d6409135adf7c6b7886767a0684d4bbd92a542904e89c17165c1ae79514fbd3,16,0.51,2,1539029721248,Entertainment,0.48019999999999996,0.59
b7HsLRaNLCxGu9i3P,6d6409135adf7c6b7886767a0684d4bbd92a542904e89c17165c1ae79514fbd3,17,0.11,2,1539029721249,Entertainment,0.0242,0.385
zbwqkt8trYaqj9EmJ,6d6409135adf7c6b7886767a0684d4bbd92a542904e89c17165c1ae79514fbd3,18,0.16,2,1539029721249,Entertainment,0.0512,0.37
6PzRHpyRbA74ZsAKQ,8c183c355066deb686ebced647e8fe7bf23f6f6e4ee22a97952d5309e1560424,1,1,2,1539031091008,Sports,0,0.615
fq4hikzNcbmK6jKbA,8c183c355066deb686ebced647e8fe7bf23f6f6e4ee22a97952d5309e1560424,2,0.4,2,1539031091016,Sports,0.32000000000000006,0.655
JKMxEHtwzqv6pfLF9,8c183c355066deb686ebced647e8fe7bf23f6f6e4ee22a97952d5309e1560424,3,0.08,2,1539031091021,Sports,0.0128,0.365
RP5CFDAmfgHwpqfNx,8c183c355066deb686ebced647e8fe7bf23f6f6e4ee22a97952d5309e1560424,4,0.7,2,1539031091025,Sports,0.18000000000000005,0.69
n2Ly4mmprNdFhWCtE,8c183c355066deb686ebced647e8fe7bf23f6f6e4ee22a97952d5309e1560424,5,0.8,2,1539031091029,Sports,1.2800000000000002,0.565
z7RPMvvrT2349H9gx,8c183c355066deb686ebced647e8fe7bf23f6f6e4ee22a97952d5309e1560424,6,0.56,2,1539031091033,Sports,0.6272000000000001,0.65
NcC4bWX7SCgPZuiXu,d0b09204f6e74a3f839d2587d02ef652d0bd2995e4981347f7429d77e8313818,1,0.67,2,1539031933773,Sports,0.21779999999999994,0.57
AuaBHJvGPxjnCrnzz,d0b09204f6e74a3f839d2587d02ef652d0bd2995e4981347f7429d77e8313818,2,0.66,2,1539031933806,Sports,0.8712000000000001,0.525
9kpGejkT43N5zY9E9,d0b09204f6e74a3f839d2587d02ef652d0bd2995e4981347f7429d77e8313818,3,0.45,2,1539031933810,Sports,0.405,0.51
nMR9Bc73fvWH8btX8,d0b09204f6e74a3f839d2587d02ef652d0bd2995e4981347f7429d77e8313818,4,0.7,2,1539031933813,Sports,0.18000000000000005,0.58
hJjnEtn4yEAkDok6N,d0b09204f6e74a3f839d2587d02ef652d0bd2995e4981347f7429d77e8313818,5,0.69,2,1539031933815,Sports,0.9521999999999998,0.47
d2bx8Bzn9DxGEYtGt,d0b09204f6e74a3f839d2587d02ef652d0bd2995e4981347f7429d77e8313818,6,0.5,2,1539031933817,Sports,0.5,0.56
Pqj2PhfkNvMu2bSZw,c85f9b48c450378307591ea5737953904aa4e95a8ca086c69812038542e17f6d,1,0.13,2,1539034290495,Sports,1.5138,0.31
G8uzCLGhhxA4YJqAm,c85f9b48c450378307591ea5737953904aa4e95a8ca086c69812038542e17f6d,2,0.29,2,1539034290498,Sports,0.1682,0.345
Nmo8QPiYmqBpd7o4g,c85f9b48c450378307591ea5737953904aa4e95a8ca086c69812038542e17f6d,3,0.29,2,1539034290499,Sports,0.1682,0.525
agBGs6L5ANpqt9sKE,c85f9b48c450378307591ea5737953904aa4e95a8ca086c69812038542e17f6d,4,0.75,2,1539034290499,Sports,0.125,0.645
h3azvR6TzxcC6HPEW,c85f9b48c450378307591ea5737953904aa4e95a8ca086c69812038542e17f6d,5,0.1,2,1539034290500,Sports,0.020000000000000004,0.395
E8sHSt5iYwqSqLqfb,c85f9b48c450378307591ea5737953904aa4e95a8ca086c69812038542e17f6d,6,0.19,2,1539034290501,Sports,0.0722,0.33
HWeXxQ43wbPjEc5rB,c85f9b48c450378307591ea5737953904aa4e95a8ca086c69812038542e17f6d,7,0.96,2,1539034347989,Politics,1.8432,0.655
KLy63N2Gpxwh35M5Q,c85f9b48c450378307591ea5737953904aa4e95a8ca086c69812038542e17f6d,8,0.18,2,1539034347990,Politics,1.3448000000000002,0.39
Sq6k2PST3SZghRNDy,c85f9b48c450378307591ea5737953904aa4e95a8ca086c69812038542e17f6d,9,0.83,2,1539034347991,Politics,1.3778,0.54
9cx2ACBExBkFxSHcQ,c85f9b48c450378307591ea5737953904aa4e95a8ca086c69812038542e17f6d,10,0.15,2,1539034347992,Politics,0.045,0.515
2aud2s42CEXDLDLts,c85f9b48c450378307591ea5737953904aa4e95a8ca086c69812038542e17f6d,11,0,2,1539034347992,Politics,0,0.39
jREfFQ6m6XaAqaq8J,c85f9b48c450378307591ea5737953904aa4e95a8ca086c69812038542e17f6d,12,0.3,2,1539034347993,Politics,0.18,0.635
5jp8qMEntzXz7fvxQ,c85f9b48c450378307591ea5737953904aa4e95a8ca086c69812038542e17f6d,13,1,2,1539034415706,Entertainment,2,0.58
7WTk5gR2LBg3udGLv,c85f9b48c450378307591ea5737953904aa4e95a8ca086c69812038542e17f6d,14,1,2,1539034415708,Entertainment,0,0.665
GgLLstGEBgrmyqpXh,206099abd44d621fc1cbc42ce381e61e8e2f5b6148abe538814a668d17cbcd99,1,1,2,1539040111982,Sports,0,0.615
f9SaWFDiFJAMWRsNS,206099abd44d621fc1cbc42ce381e61e8e2f5b6148abe538814a668d17cbcd99,2,1,2,1539040111984,Sports,2,0.585
Q87PX4dqGZvTCmM8H,206099abd44d621fc1cbc42ce381e61e8e2f5b6148abe538814a668d17cbcd99,3,0,2,1539040111985,Sports,0,0.27
nZ5ydD6gJ3cSQFAqJ,206099abd44d621fc1cbc42ce381e61e8e2f5b6148abe538814a668d17cbcd99,4,1,2,1539040111985,Sports,0,0.61
gntWzgPurntfEQ2Th,206099abd44d621fc1cbc42ce381e61e8e2f5b6148abe538814a668d17cbcd99,5,1,2,1539040111986,Sports,2,0.525
k8LGq2SMc74SQZ36n,206099abd44d621fc1cbc42ce381e61e8e2f5b6148abe538814a668d17cbcd99,6,1,2,1539040111986,Sports,2,0.53
cqGXcCDDabNHiGYne,206099abd44d621fc1cbc42ce381e61e8e2f5b6148abe538814a668d17cbcd99,7,0,2,1539040122101,Politics,0,0.26
ADq5xDzcN9kqjASzh,206099abd44d621fc1cbc42ce381e61e8e2f5b6148abe538814a668d17cbcd99,8,1,2,1539040122101,Politics,0,0.54
wv9SqSgkTWvGSyjGq,206099abd44d621fc1cbc42ce381e61e8e2f5b6148abe538814a668d17cbcd99,9,1,2,1539040122103,Politics,2,0.57
v4gjF7qw2xRuhSSQK,206099abd44d621fc1cbc42ce381e61e8e2f5b6148abe538814a668d17cbcd99,10,0.94,2,1539040122103,Politics,1.7671999999999999,0.335
cBqBEKd4SN7fWL9ah,206099abd44d621fc1cbc42ce381e61e8e2f5b6148abe538814a668d17cbcd99,11,1,2,1539040122104,Politics,2,0.44
CRBeNZE954LRibbDH,206099abd44d621fc1cbc42ce381e61e8e2f5b6148abe538814a668d17cbcd99,12,1,2,1539040122104,Politics,2,0.375
jbFzgAhX3fk8JfycC,e57c1fdb92bdc799016bdf208f2768f72c91f109ce5ff6cc45aaed7ea47ebd4a,1,0.11,2,1539040959444,Sports,1.5842,0.32
YrbMaCAczCGpHhbu8,e57c1fdb92bdc799016bdf208f2768f72c91f109ce5ff6cc45aaed7ea47ebd4a,2,0.63,2,1539040959451,Sports,0.7938000000000001,0.61
Ff2wr6Y643sQineFz,e57c1fdb92bdc799016bdf208f2768f72c91f109ce5ff6cc45aaed7ea47ebd4a,3,0.05,2,1539040959454,Sports,0.005000000000000001,0.32
meM9PT3i4XBN4eXHQ,e57c1fdb92bdc799016bdf208f2768f72c91f109ce5ff6cc45aaed7ea47ebd4a,4,0.15,2,1539040959457,Sports,1.4449999999999998,0.255
igLzAwut7wTBLdubP,e57c1fdb92bdc799016bdf208f2768f72c91f109ce5ff6cc45aaed7ea47ebd4a,5,0.88,2,1539040959460,Sports,1.5488,0.485
xvmqTC7tyxoaCKJhY,e57c1fdb92bdc799016bdf208f2768f72c91f109ce5ff6cc45aaed7ea47ebd4a,6,0.65,2,1539040959462,Sports,0.8450000000000001,0.53
ZNhxwiEyi5DT9oJFk,4c5ef0dcfc52f2cf88c69a5cca4617ec58b52d3b936da3e01766341342211712,1,0.6,2,1539047228256,Sports,0.32000000000000006,0.565
BC2Adzsf8dMHTvqD3,4c5ef0dcfc52f2cf88c69a5cca4617ec58b52d3b936da3e01766341342211712,2,0.7,2,1539047228261,Sports,0.9799999999999999,0.535
saJCssNX8nMyMx3Wy,4c5ef0dcfc52f2cf88c69a5cca4617ec58b52d3b936da3e01766341342211712,3,0.3,2,1539047228263,Sports,0.18,0.6
HPxXKSYfN798Sw6WJ,4c5ef0dcfc52f2cf88c69a5cca4617ec58b52d3b936da3e01766341342211712,4,0.6,2,1539047228265,Sports,0.32000000000000006,0.625
aEavTnXicttobyv4u,4c5ef0dcfc52f2cf88c69a5cca4617ec58b52d3b936da3e01766341342211712,5,0.6,2,1539047228267,Sports,0.72,0.525
6JSambQmkrFgvBwnA,4c5ef0dcfc52f2cf88c69a5cca4617ec58b52d3b936da3e01766341342211712,6,0.2,2,1539047228269,Sports,0.08000000000000002,0.44
crpWqkFrpJZBQzmd8,4c5ef0dcfc52f2cf88c69a5cca4617ec58b52d3b936da3e01766341342211712,7,0.2,2,1539047259050,Politics,0.08000000000000002,0.305
wYGbG5jDQkSp4qafi,4c5ef0dcfc52f2cf88c69a5cca4617ec58b52d3b936da3e01766341342211712,8,0.3,2,1539047259056,Politics,0.9799999999999999,0.595
j6o5ZPTAzacagKQZX,4c5ef0dcfc52f2cf88c69a5cca4617ec58b52d3b936da3e01766341342211712,9,0.2,2,1539047259058,Politics,0.08000000000000002,0.38
3Gqe8oqFnBhKyNrhm,4c5ef0dcfc52f2cf88c69a5cca4617ec58b52d3b936da3e01766341342211712,10,0.3,2,1539047259060,Politics,0.18,0.52
hxDfFQTopMDQoMMeG,4c5ef0dcfc52f2cf88c69a5cca4617ec58b52d3b936da3e01766341342211712,11,0.1,2,1539047259061,Politics,0.020000000000000004,0.465
AMtKRoquupeRqbWis,4c5ef0dcfc52f2cf88c69a5cca4617ec58b52d3b936da3e01766341342211712,12,0.1,2,1539047259061,Politics,0.020000000000000004,0.495
JS7QGZBR2bmSiAQmg,4c5ef0dcfc52f2cf88c69a5cca4617ec58b52d3b936da3e01766341342211712,13,0.4,2,1539047283687,Entertainment,0.32000000000000006,0.58
99jtvSbRxEnTBCEyp,4c5ef0dcfc52f2cf88c69a5cca4617ec58b52d3b936da3e01766341342211712,14,0.4,2,1539047283691,Entertainment,0.72,0.615
iqo73aYr9hM3MTLwg,4c5ef0dcfc52f2cf88c69a5cca4617ec58b52d3b936da3e01766341342211712,15,0.2,2,1539047283693,Entertainment,0.08000000000000002,0.43
gMakoPjg8ryNdAmE4,4c5ef0dcfc52f2cf88c69a5cca4617ec58b52d3b936da3e01766341342211712,16,0.6,2,1539047283695,Entertainment,0.32000000000000006,0.575
svADQ8xhfLrDAnNMw,4c5ef0dcfc52f2cf88c69a5cca4617ec58b52d3b936da3e01766341342211712,17,0.5,2,1539047283695,Entertainment,0.5,0.57
hzoDQ5mYxNMvkv7QB,4c5ef0dcfc52f2cf88c69a5cca4617ec58b52d3b936da3e01766341342211712,18,0.5,2,1539047283696,Entertainment,0.5,0.54
nEPRiTZBSg75c5nue,33200da370b5aa72b6355970ecf66823b0e221590a12e292b384c593e197c66b,1,0.8,2,1539050202037,Sports,0.07999999999999996,0.545
DtH2GftJ8iZqwL6me,33200da370b5aa72b6355970ecf66823b0e221590a12e292b384c593e197c66b,2,0.9,2,1539050202048,Sports,1.62,0.575
ABeQt2A3XqKAucoFf,33200da370b5aa72b6355970ecf66823b0e221590a12e292b384c593e197c66b,3,0.9,2,1539050202052,Sports,1.62,0.515
bJ3n2mjja7NWeh2ZQ,33200da370b5aa72b6355970ecf66823b0e221590a12e292b384c593e197c66b,4,0.59,2,1539050202057,Sports,0.33620000000000005,0.695
CKQmyjd6Fni5TepPM,33200da370b5aa72b6355970ecf66823b0e221590a12e292b384c593e197c66b,5,0.45,2,1539050202061,Sports,0.405,0.595
msZs7HzNGYfCk5xWo,33200da370b5aa72b6355970ecf66823b0e221590a12e292b384c593e197c66b,6,0.75,2,1539050202064,Sports,1.125,0.56
4Zd4uuj5eFv9pmpHs,33200da370b5aa72b6355970ecf66823b0e221590a12e292b384c593e197c66b,7,0.96,2,1539050235020,Politics,1.8432,0.615
DxZQDbkpHY6i4hKzB,33200da370b5aa72b6355970ecf66823b0e221590a12e292b384c593e197c66b,8,0.09,2,1539050235024,Politics,1.6562000000000001,0.21
RqssLpvosRDrHAL3g,33200da370b5aa72b6355970ecf66823b0e221590a12e292b384c593e197c66b,9,0.96,2,1539050235027,Politics,1.8432,0.525
Md4Rpv6vkHZanoLdj,33200da370b5aa72b6355970ecf66823b0e221590a12e292b384c593e197c66b,10,0.35,2,1539050235032,Politics,0.24499999999999997,0.525
jZCWzc5tDWL5hm5HH,33200da370b5aa72b6355970ecf66823b0e221590a12e292b384c593e197c66b,11,0.01,2,1539050235036,Politics,2e-4,0.365
FMHZ3H8DyQhs5YyPn,33200da370b5aa72b6355970ecf66823b0e221590a12e292b384c593e197c66b,12,0.05,2,1539050235040,Politics,0.005000000000000001,0.315
BbDn7eNDGxCtGbTBq,33200da370b5aa72b6355970ecf66823b0e221590a12e292b384c593e197c66b,13,0.49,2,1539050351383,Entertainment,0.48019999999999996,0.625
ScQ3Xu8foBSzdLCci,33200da370b5aa72b6355970ecf66823b0e221590a12e292b384c593e197c66b,14,1,2,1539050351449,Entertainment,0,0.59
MT7tMRSSWoQwzRWZm,33200da370b5aa72b6355970ecf66823b0e221590a12e292b384c593e197c66b,15,0.98,2,1539050351453,Entertainment,1.9207999999999998,0.595
WjWCi9gr9KnGCqsWq,33200da370b5aa72b6355970ecf66823b0e221590a12e292b384c593e197c66b,16,0.66,2,1539050351456,Entertainment,0.23119999999999996,0.545
MNh48H77sBma4pBPF,33200da370b5aa72b6355970ecf66823b0e221590a12e292b384c593e197c66b,17,0.59,2,1539050351459,Entertainment,0.6961999999999999,0.58
gbAxrqjs9rfbSQ2Pv,33200da370b5aa72b6355970ecf66823b0e221590a12e292b384c593e197c66b,18,0.56,2,1539050351462,Entertainment,0.6272000000000001,0.56
5xSZ3m2HgAxmJqtBm,ef1fc635f6a7fdda458090a7e4e8666bf8aad5e6aa1fa36c070a313fdb547565,1,0.23,2,1539052618022,Sports,1.1858,0.39
qyk2PvixQbsHKJet8,ef1fc635f6a7fdda458090a7e4e8666bf8aad5e6aa1fa36c070a313fdb547565,2,0.58,2,1539052618028,Sports,0.6728,0.675
3P7pHN4DeTdvNKRAR,ef1fc635f6a7fdda458090a7e4e8666bf8aad5e6aa1fa36c070a313fdb547565,3,0.56,2,1539052618036,Sports,0.6272000000000001,0.615
ePhynioqeaHD62tDM,ef1fc635f6a7fdda458090a7e4e8666bf8aad5e6aa1fa36c070a313fdb547565,4,0.39,2,1539052618042,Sports,0.7442,0.725
3c9xfALkSKxYu2ghL,ef1fc635f6a7fdda458090a7e4e8666bf8aad5e6aa1fa36c070a313fdb547565,5,0.19,2,1539052618047,Sports,0.0722,0.455
8YELe78HTFiRGddgY,ef1fc635f6a7fdda458090a7e4e8666bf8aad5e6aa1fa36c070a313fdb547565,6,0,2,1539052618054,Sports,0,0.26
JMshm9x8xuuahJ2gh,ef1fc635f6a7fdda458090a7e4e8666bf8aad5e6aa1fa36c070a313fdb547565,7,0.54,2,1539052623386,Politics,0.5832,0.67
wcuH2b6WTEwHQKvB2,ef1fc635f6a7fdda458090a7e4e8666bf8aad5e6aa1fa36c070a313fdb547565,8,0.57,2,1539052623391,Politics,0.3698000000000001,0.655
gSWvmtLFHm3mHzFqQ,ef1fc635f6a7fdda458090a7e4e8666bf8aad5e6aa1fa36c070a313fdb547565,9,0.38,2,1539052623395,Politics,0.2888,0.735
cmK7WiAjD5v2Ydi8S,ef1fc635f6a7fdda458090a7e4e8666bf8aad5e6aa1fa36c070a313fdb547565,10,0.09,2,1539052623398,Politics,0.0162,0.37
fC7vgiTD5Sd4jMGWr,ef1fc635f6a7fdda458090a7e4e8666bf8aad5e6aa1fa36c070a313fdb547565,11,0.13,2,1539052623409,Politics,0.033800000000000004,0.49
39nKyidDmmzk3TtFz,ef1fc635f6a7fdda458090a7e4e8666bf8aad5e6aa1fa36c070a313fdb547565,12,0.06,2,1539052623413,Politics,0.0072,0.44
8TA7tKvFcYGBbnjhm,ef1fc635f6a7fdda458090a7e4e8666bf8aad5e6aa1fa36c070a313fdb547565,13,0.18,2,1539052627426,Entertainment,0.0648,0.32
SQa4pRNEJ5YCbR7Hg,ef1fc635f6a7fdda458090a7e4e8666bf8aad5e6aa1fa36c070a313fdb547565,14,0.9,2,1539052627438,Entertainment,0.01999999999999999,0.635
EpGCZetPXPrJ6XfBK,ef1fc635f6a7fdda458090a7e4e8666bf8aad5e6aa1fa36c070a313fdb547565,15,0.26,2,1539052627442,Entertainment,0.13520000000000001,0.445
SXDCj2rAcSo7rGZus,ef1fc635f6a7fdda458090a7e4e8666bf8aad5e6aa1fa36c070a313fdb547565,16,0.8,2,1539052627452,Entertainment,0.07999999999999996,0.585
H2qPQSP5XFANNx3Je,ef1fc635f6a7fdda458090a7e4e8666bf8aad5e6aa1fa36c070a313fdb547565,17,0.07,2,1539052627461,Entertainment,0.009800000000000001,0.3
SDP3qFzGzYTAHeR9o,ef1fc635f6a7fdda458090a7e4e8666bf8aad5e6aa1fa36c070a313fdb547565,18,0.49,2,1539052627465,Entertainment,0.48019999999999996,0.615
p8ED4apQPwGzXi4YE,946d226406a83b8d433175110bb7984102c856521809dca26e1bce25631edd14,1,0.34,2,1539052639985,Sports,0.8711999999999998,0.64
wpkB36BP58AaS3w7u,946d226406a83b8d433175110bb7984102c856521809dca26e1bce25631edd14,2,0.45,2,1539052639986,Sports,0.405,0.695
3k95Pp86LSN6atR4v,946d226406a83b8d433175110bb7984102c856521809dca26e1bce25631edd14,3,0.21,2,1539052639986,Sports,0.08819999999999999,0.475
GXo9n8LaFkEcRmdBZ,946d226406a83b8d433175110bb7984102c856521809dca26e1bce25631edd14,4,0.72,2,1539052639986,Sports,0.15680000000000002,0.65
5DpFYmDTDw8GBmpRD,946d226406a83b8d433175110bb7984102c856521809dca26e1bce25631edd14,5,0.39,2,1539052639986,Sports,0.3042,0.725
TfRwiR9WHh43xnsaE,946d226406a83b8d433175110bb7984102c856521809dca26e1bce25631edd14,6,0.6,2,1539052639988,Sports,0.72,0.575
cNpcG4HLyvufYWLgt,946d226406a83b8d433175110bb7984102c856521809dca26e1bce25631edd14,7,0.67,2,1539052667888,Politics,0.8978000000000002,0.625
6whR9Buhdv2gSPmgP,946d226406a83b8d433175110bb7984102c856521809dca26e1bce25631edd14,8,0.62,2,1539052667889,Politics,0.2888,0.645
xuwp6QSK4XCcixnmK,946d226406a83b8d433175110bb7984102c856521809dca26e1bce25631edd14,9,0.32,2,1539052667889,Politics,0.2048,0.66
gTPAB8QN8rdJ5MZRs,946d226406a83b8d433175110bb7984102c856521809dca26e1bce25631edd14,10,0.13,2,1539052667890,Politics,0.033800000000000004,0.48
QENdXBqyiwxRMhcqa,946d226406a83b8d433175110bb7984102c856521809dca26e1bce25631edd14,11,0.06,2,1539052667890,Politics,0.0072,0.34
AhbW88np99fbveDQy,946d226406a83b8d433175110bb7984102c856521809dca26e1bce25631edd14,12,0,2,1539052667891,Politics,0,0.42
RavWXurXWgARpWmew,946d226406a83b8d433175110bb7984102c856521809dca26e1bce25631edd14,13,0.39,2,1539052697992,Entertainment,0.3042,0.61
FcTG3KNYMGputEdP8,946d226406a83b8d433175110bb7984102c856521809dca26e1bce25631edd14,14,0.78,2,1539052697992,Entertainment,0.09679999999999998,0.585
vwNyRAhqaYi9NyDpP,946d226406a83b8d433175110bb7984102c856521809dca26e1bce25631edd14,15,0.25,2,1539052697992,Entertainment,0.125,0.375
zBMXgdsopKa6GkGCm,946d226406a83b8d433175110bb7984102c856521809dca26e1bce25631edd14,16,0.81,2,1539052697993,Entertainment,0.07219999999999996,0.515
cjFfPFdbfwGSZ5Fag,946d226406a83b8d433175110bb7984102c856521809dca26e1bce25631edd14,17,0.28,2,1539052697993,Entertainment,0.15680000000000002,0.5
7PpbAbLkn4buYbEPy,946d226406a83b8d433175110bb7984102c856521809dca26e1bce25631edd14,18,0.24,2,1539052697993,Entertainment,0.1152,0.485
kbotZrAvW5kq4W3bo,355fdc9ae33312d1373b50d4cbc39962e9bb77c61223a8aab8ff6473da67c98b,1,0.25,2,1539053328241,Sports,1.125,0.395
miZX7TfKdC5jkpBxQ,355fdc9ae33312d1373b50d4cbc39962e9bb77c61223a8aab8ff6473da67c98b,2,0.3,2,1539053328245,Sports,0.18,0.675
mQM2BJABaesDKoK9n,355fdc9ae33312d1373b50d4cbc39962e9bb77c61223a8aab8ff6473da67c98b,3,0.8,2,1539053328248,Sports,1.2800000000000002,0.385
KDyZ23LhAN96ersNJ,355fdc9ae33312d1373b50d4cbc39962e9bb77c61223a8aab8ff6473da67c98b,4,0.6,2,1539053328253,Sports,0.32000000000000006,0.605
9mwn7Qo2ndJxpBroo,355fdc9ae33312d1373b50d4cbc39962e9bb77c61223a8aab8ff6473da67c98b,5,0.8,2,1539053328255,Sports,1.2800000000000002,0.585
CtQ8P5us9ZtSnZDYk,355fdc9ae33312d1373b50d4cbc39962e9bb77c61223a8aab8ff6473da67c98b,6,0.1,2,1539053328258,Sports,0.020000000000000004,0.39
dEbebFD69zJ9aCXSi,355fdc9ae33312d1373b50d4cbc39962e9bb77c61223a8aab8ff6473da67c98b,7,0.7,2,1539053470147,Politics,0.9799999999999999,0.62
imTaDkbgyt5vMBbnd,355fdc9ae33312d1373b50d4cbc39962e9bb77c61223a8aab8ff6473da67c98b,8,0.8,2,1539053470150,Politics,0.07999999999999996,0.62
qREbLebfXuc3ipzuC,355fdc9ae33312d1373b50d4cbc39962e9bb77c61223a8aab8ff6473da67c98b,9,0.25,2,1539053470153,Politics,0.125,0.455
j4B9iYfiR7DXP4k5p,355fdc9ae33312d1373b50d4cbc39962e9bb77c61223a8aab8ff6473da67c98b,10,0.5,2,1539053470157,Politics,0.5,0.535
HK8Gsiq9LdjRTPzzN,355fdc9ae33312d1373b50d4cbc39962e9bb77c61223a8aab8ff6473da67c98b,11,0.2,2,1539053470158,Politics,0.08000000000000002,0.475
8Rzn8toh6jxKYWKK9,355fdc9ae33312d1373b50d4cbc39962e9bb77c61223a8aab8ff6473da67c98b,12,0.1,2,1539053470159,Politics,0.020000000000000004,0.555
LgCNpcoJyzL6hrJEG,355fdc9ae33312d1373b50d4cbc39962e9bb77c61223a8aab8ff6473da67c98b,13,0.8,2,1539053580724,Entertainment,1.2800000000000002,0.605
v89zFwinJzcPMFG3v,355fdc9ae33312d1373b50d4cbc39962e9bb77c61223a8aab8ff6473da67c98b,14,0.8,2,1539053580727,Entertainment,0.07999999999999996,0.6
knzkifJ87eLtFzbdX,355fdc9ae33312d1373b50d4cbc39962e9bb77c61223a8aab8ff6473da67c98b,15,0.1,2,1539053580729,Entertainment,0.020000000000000004,0.38
K24277q42vdytLqPz,355fdc9ae33312d1373b50d4cbc39962e9bb77c61223a8aab8ff6473da67c98b,16,0.3,2,1539053580730,Entertainment,0.9799999999999999,0.69
sutMBZkvJGxkSuQP5,355fdc9ae33312d1373b50d4cbc39962e9bb77c61223a8aab8ff6473da67c98b,17,0.2,2,1539053580733,Entertainment,0.08000000000000002,0.43
d4tynRw33q6iQnnyY,355fdc9ae33312d1373b50d4cbc39962e9bb77c61223a8aab8ff6473da67c98b,18,0.05,2,1539053580735,Entertainment,0.005000000000000001,0.265
uxbMfZuDoiuCiBKJs,56d04df117bfcbd6bd928427d907e838a49434d1633165a06d967500a6557a11,1,0.6,2,1539053587215,Sports,0.32000000000000006,0.53
5tn7kHKQuT6ckS8D7,56d04df117bfcbd6bd928427d907e838a49434d1633165a06d967500a6557a11,2,0.5,2,1539053587215,Sports,0.5,0.6
a5EdZqgPC7WuL6auq,56d04df117bfcbd6bd928427d907e838a49434d1633165a06d967500a6557a11,3,0.3,2,1539053587216,Sports,0.18,0.53
KHyFMx6vQGW9uvYiS,56d04df117bfcbd6bd928427d907e838a49434d1633165a06d967500a6557a11,4,0.5,2,1539053587216,Sports,0.5,0.595
AoZJX4JezBFiF6Pw5,56d04df117bfcbd6bd928427d907e838a49434d1633165a06d967500a6557a11,5,0.3,2,1539053587216,Sports,0.18,0.595
tYsdRcwtBMJoZfCX9,56d04df117bfcbd6bd928427d907e838a49434d1633165a06d967500a6557a11,6,0.5,2,1539053587217,Sports,0.5,0.53
wkJSjSfqv3WjX7Qc5,56d04df117bfcbd6bd928427d907e838a49434d1633165a06d967500a6557a11,7,0.35,2,1539053600426,Politics,0.24499999999999997,0.645
ve3FhefxhvQAbgyp8,56d04df117bfcbd6bd928427d907e838a49434d1633165a06d967500a6557a11,8,0.5,2,1539053600427,Politics,0.5,0.595
uzLCQRo8ZnyqCjkxw,56d04df117bfcbd6bd928427d907e838a49434d1633165a06d967500a6557a11,9,0.3,2,1539053600427,Politics,0.18,0.61
GxgCqSqogTwH8kERE,56d04df117bfcbd6bd928427d907e838a49434d1633165a06d967500a6557a11,10,0.2,2,1539053600427,Politics,0.08000000000000002,0.335
z5uArZTgdDdm3L3FB,56d04df117bfcbd6bd928427d907e838a49434d1633165a06d967500a6557a11,11,0.2,2,1539053600427,Politics,0.08000000000000002,0.405
vQxiWYo5qNFHytR9A,56d04df117bfcbd6bd928427d907e838a49434d1633165a06d967500a6557a11,12,0.2,2,1539053600428,Politics,0.08000000000000002,0.425
7KGKAwwgELzG7QYDY,56d04df117bfcbd6bd928427d907e838a49434d1633165a06d967500a6557a11,13,0.75,2,1539053614338,Entertainment,1.125,0.485
jpKBMPWMayh8YzStu,56d04df117bfcbd6bd928427d907e838a49434d1633165a06d967500a6557a11,14,0.9,2,1539053614338,Entertainment,0.01999999999999999,0.545
4kp4BJFpuZYut6Nx3,56d04df117bfcbd6bd928427d907e838a49434d1633165a06d967500a6557a11,15,0.5,2,1539053614339,Entertainment,0.5,0.515
7CLu7muJCv9KwyxGS,56d04df117bfcbd6bd928427d907e838a49434d1633165a06d967500a6557a11,16,0.9,2,1539053614339,Entertainment,0.01999999999999999,0.49
jc5jaqbTWxmMrSLK4,56d04df117bfcbd6bd928427d907e838a49434d1633165a06d967500a6557a11,17,0.5,2,1539053614339,Entertainment,0.5,0.49
coNsFHDoyhfqrPwEL,56d04df117bfcbd6bd928427d907e838a49434d1633165a06d967500a6557a11,18,0.5,2,1539053614339,Entertainment,0.5,0.465
dWHLG9E5qoGGfMbFB,c9d234f7789ec07e348672c769a0a92ebde9d1d13ad5284d9b495eb912be6186,1,0.28,2,1539053622843,Sports,1.0368,0.355
xXK3cQmkApdxLayrt,c9d234f7789ec07e348672c769a0a92ebde9d1d13ad5284d9b495eb912be6186,2,0.44,2,1539053622843,Sports,0.3872,0.625
ftwMyTZM5mKM9jWyk,c9d234f7789ec07e348672c769a0a92ebde9d1d13ad5284d9b495eb912be6186,3,0.26,2,1539053622844,Sports,0.13520000000000001,0.51
oHubWcmnCsPwCbuyP,c9d234f7789ec07e348672c769a0a92ebde9d1d13ad5284d9b495eb912be6186,4,0.5,2,1539053622844,Sports,0.5,0.61
5jAsuC7ok8syHt3tG,c9d234f7789ec07e348672c769a0a92ebde9d1d13ad5284d9b495eb912be6186,5,0.37,2,1539053622844,Sports,0.2738,0.615
k27dKRxoGe2W5ATyg,c9d234f7789ec07e348672c769a0a92ebde9d1d13ad5284d9b495eb912be6186,6,0.33,2,1539053622845,Sports,0.21780000000000002,0.655
m8QfQRoh2T5bcv67e,c9d234f7789ec07e348672c769a0a92ebde9d1d13ad5284d9b495eb912be6186,7,0.81,2,1539053626892,Politics,1.3122000000000003,0.56
McwB22beu7g2SpoB4,c9d234f7789ec07e348672c769a0a92ebde9d1d13ad5284d9b495eb912be6186,8,0.66,2,1539053626892,Politics,0.23119999999999996,0.565
ywEYxxnxGyL296m8G,c9d234f7789ec07e348672c769a0a92ebde9d1d13ad5284d9b495eb912be6186,9,0.46,2,1539053626892,Politics,0.4232,0.59
G33hJWH7AxZ8Y9nBF,c9d234f7789ec07e348672c769a0a92ebde9d1d13ad5284d9b495eb912be6186,10,0.07,2,1539053626892,Politics,0.009800000000000001,0.355
dgkMbx9SzgRgbhtBi,c9d234f7789ec07e348672c769a0a92ebde9d1d13ad5284d9b495eb912be6186,11,0.48,2,1539053626893,Politics,0.4608,0.44
PXgzc7mW4yotJvt6m,c9d234f7789ec07e348672c769a0a92ebde9d1d13ad5284d9b495eb912be6186,12,0.06,2,1539053626893,Politics,0.0072,0.425
N7CS6BRuzJAG2zNWp,c9d234f7789ec07e348672c769a0a92ebde9d1d13ad5284d9b495eb912be6186,13,0.28,2,1539053629318,Entertainment,0.15680000000000002,0.33
WxGaZQB98RhcijK9Y,c9d234f7789ec07e348672c769a0a92ebde9d1d13ad5284d9b495eb912be6186,14,0.94,2,1539053629318,Entertainment,0.007200000000000013,0.63
NtjpLWG2pQJR8ud8u,c9d234f7789ec07e348672c769a0a92ebde9d1d13ad5284d9b495eb912be6186,15,0.33,2,1539053629318,Entertainment,0.21780000000000002,0.655
GjBboXgPrYT34ajqZ,c9d234f7789ec07e348672c769a0a92ebde9d1d13ad5284d9b495eb912be6186,16,0.81,2,1539053629319,Entertainment,0.07219999999999996,0.495
HxSKEw4wDSmyQ5XkS,c9d234f7789ec07e348672c769a0a92ebde9d1d13ad5284d9b495eb912be6186,17,0.39,2,1539053629319,Entertainment,0.3042,0.625
bambctxY2vaFMuW6W,c9d234f7789ec07e348672c769a0a92ebde9d1d13ad5284d9b495eb912be6186,18,0.39,2,1539053629319,Entertainment,0.3042,0.66
N7xgJBsD9eXK7fJ4c,b0665ad64831eaa13408f15dff34adfd8057f162c03d4c2a1a467f9e74ae54a9,1,0.97,2,1539053774434,Sports,0.0018000000000000032,0.615
DLF8yqeyoXa84ggK2,b0665ad64831eaa13408f15dff34adfd8057f162c03d4c2a1a467f9e74ae54a9,2,0.75,2,1539053774439,Sports,1.125,0.61
uiSfwbvuKz74ftZz3,b0665ad64831eaa13408f15dff34adfd8057f162c03d4c2a1a467f9e74ae54a9,3,0,2,1539053774442,Sports,0,0.335
uqtBcLLKAs2mgZaXx,b0665ad64831eaa13408f15dff34adfd8057f162c03d4c2a1a467f9e74ae54a9,4,0.91,2,1539053774446,Sports,0.01619999999999999,0.655
A7R5h9BzvrAFerygS,b0665ad64831eaa13408f15dff34adfd8057f162c03d4c2a1a467f9e74ae54a9,5,0.39,2,1539053774448,Sports,0.3042,0.645
bk9TQfEhNn9msEJa3,b0665ad64831eaa13408f15dff34adfd8057f162c03d4c2a1a467f9e74ae54a9,6,0.44,2,1539053774451,Sports,0.3872,0.58
t3DCYWSABswB7ukBH,b0665ad64831eaa13408f15dff34adfd8057f162c03d4c2a1a467f9e74ae54a9,7,1,2,1539053786138,Politics,2,0.655
qDBdpEFakK7w5fBYR,b0665ad64831eaa13408f15dff34adfd8057f162c03d4c2a1a467f9e74ae54a9,8,1,2,1539053786141,Politics,0,0.565
j5oG8y2GvPQquNAgd,b0665ad64831eaa13408f15dff34adfd8057f162c03d4c2a1a467f9e74ae54a9,9,0.24,2,1539053786143,Politics,0.1152,0.39
QZ4JSBpQyMkunMH2z,b0665ad64831eaa13408f15dff34adfd8057f162c03d4c2a1a467f9e74ae54a9,10,0.02,2,1539053786145,Politics,8e-4,0.385
vbtmjadyXZ963XAH7,b0665ad64831eaa13408f15dff34adfd8057f162c03d4c2a1a467f9e74ae54a9,11,0,2,1539053786148,Politics,0,0.31
9m2rwLvTvBC3DBEAx,b0665ad64831eaa13408f15dff34adfd8057f162c03d4c2a1a467f9e74ae54a9,12,0.78,2,1539053786149,Politics,1.2168,0.37
zQG9peYJhPqTomHpD,b0665ad64831eaa13408f15dff34adfd8057f162c03d4c2a1a467f9e74ae54a9,13,1,2,1539053802099,Entertainment,2,0.575
cQGMdwEr3sB2bj9J4,b0665ad64831eaa13408f15dff34adfd8057f162c03d4c2a1a467f9e74ae54a9,14,1,2,1539053802103,Entertainment,0,0.625
sx2jTeRwBW8nKwTkv,b0665ad64831eaa13408f15dff34adfd8057f162c03d4c2a1a467f9e74ae54a9,15,0.83,2,1539053802104,Entertainment,1.3778,0.535
r9Wo4vB5gdW3uwadc,b0665ad64831eaa13408f15dff34adfd8057f162c03d4c2a1a467f9e74ae54a9,16,0.9,2,1539053802106,Entertainment,0.01999999999999999,0.545
z6xNf4WcyKJH55Eup,b0665ad64831eaa13408f15dff34adfd8057f162c03d4c2a1a467f9e74ae54a9,17,1,2,1539053802108,Entertainment,2,0.52
3ai97AowMPSmPayMA,b0665ad64831eaa13408f15dff34adfd8057f162c03d4c2a1a467f9e74ae54a9,18,1,2,1539053802111,Entertainment,2,0.59
EKBGFykdPFDJzmZcr,78ef9879a4a32a97b61b6189115a89d59ed1b616c921e385fe44387f46ba8290,1,0.61,2,1539054084401,Sports,0.3042,0.535
WwJkT5Nx3DBB58xw4,78ef9879a4a32a97b61b6189115a89d59ed1b616c921e385fe44387f46ba8290,2,0.72,2,1539054084403,Sports,1.0368,0.56
bDbwGfGw5YRRYEmvj,78ef9879a4a32a97b61b6189115a89d59ed1b616c921e385fe44387f46ba8290,3,0.46,2,1539054084406,Sports,0.4232,0.445
FkWWtcmoxEA3ajERM,78ef9879a4a32a97b61b6189115a89d59ed1b616c921e385fe44387f46ba8290,4,0.74,2,1539054084407,Sports,0.13520000000000001,0.585
hezgEDvkZdbcKGpJz,78ef9879a4a32a97b61b6189115a89d59ed1b616c921e385fe44387f46ba8290,5,0.19,2,1539054084408,Sports,0.0722,0.385
zDFuNrkPnF4FeGe57,78ef9879a4a32a97b61b6189115a89d59ed1b616c921e385fe44387f46ba8290,6,0.46,2,1539054084410,Sports,0.4232,0.61
BdkPH2CPiPbP4wabx,78ef9879a4a32a97b61b6189115a89d59ed1b616c921e385fe44387f46ba8290,7,0.76,2,1539054135969,Politics,1.1552,0.55
XvxPmN4Rx3KjJSwgk,78ef9879a4a32a97b61b6189115a89d59ed1b616c921e385fe44387f46ba8290,8,0.58,2,1539054135970,Politics,0.35280000000000006,0.665
BXySfo939Q6kfoD9Q,78ef9879a4a32a97b61b6189115a89d59ed1b616c921e385fe44387f46ba8290,9,0.56,2,1539054135971,Politics,0.6272000000000001,0.595
7yfQLQotJ2CW5nfaW,78ef9879a4a32a97b61b6189115a89d59ed1b616c921e385fe44387f46ba8290,10,0.7,2,1539054135972,Politics,0.9799999999999999,0.305
9GLfMYTsR5bJX42oa,78ef9879a4a32a97b61b6189115a89d59ed1b616c921e385fe44387f46ba8290,11,0.15,2,1539054135972,Politics,0.045,0.465
xE2W8ZXhWsKhTMRjp,78ef9879a4a32a97b61b6189115a89d59ed1b616c921e385fe44387f46ba8290,12,0.35,2,1539054135973,Politics,0.24499999999999997,0.54
hNKtTKDgNDvziKd3x,211cf0b0b12225bf3f19a9b999e4bc8e823ac0ef9a774563175b1b0b67818228,1,0.09,2,1539054126975,Sports,1.6562000000000001,0.295
jyYehGTNRwTqqmBRz,211cf0b0b12225bf3f19a9b999e4bc8e823ac0ef9a774563175b1b0b67818228,2,0.2,2,1539054126976,Sports,0.08000000000000002,0.465
hefi6dfTfJapqSWrX,211cf0b0b12225bf3f19a9b999e4bc8e823ac0ef9a774563175b1b0b67818228,3,1,2,1539054126976,Sports,2,0.545
wkCnLFmFhD9PERJch,211cf0b0b12225bf3f19a9b999e4bc8e823ac0ef9a774563175b1b0b67818228,4,0.91,2,1539054126976,Sports,0.01619999999999999,0.755
BoPk7NZ6yGBYKxTkb,211cf0b0b12225bf3f19a9b999e4bc8e823ac0ef9a774563175b1b0b67818228,5,0.03,2,1539054126976,Sports,0.0018,0.365
aLFmQAYpQCXZbZgNz,211cf0b0b12225bf3f19a9b999e4bc8e823ac0ef9a774563175b1b0b67818228,6,1,2,1539054126976,Sports,2,0.63
rtczJpgnj6N2aLcD2,211cf0b0b12225bf3f19a9b999e4bc8e823ac0ef9a774563175b1b0b67818228,7,0.12,2,1539054147078,Politics,0.0288,0.37
pNwC6Lv3wqFrAYzGM,211cf0b0b12225bf3f19a9b999e4bc8e823ac0ef9a774563175b1b0b67818228,8,0.85,2,1539054147078,Politics,0.04500000000000001,0.645
KqH4XvjxpZQa5ochu,211cf0b0b12225bf3f19a9b999e4bc8e823ac0ef9a774563175b1b0b67818228,9,0.84,2,1539054147078,Politics,1.4111999999999998,0.635
LsSaeeW7gfWDuz55g,211cf0b0b12225bf3f19a9b999e4bc8e823ac0ef9a774563175b1b0b67818228,10,0,2,1539054147078,Politics,0,0.485
vpPRoMWPowBFEzfWA,211cf0b0b12225bf3f19a9b999e4bc8e823ac0ef9a774563175b1b0b67818228,11,0.22,2,1539054147078,Politics,0.0968,0.55
grMPYFsaDtskNa4Er,211cf0b0b12225bf3f19a9b999e4bc8e823ac0ef9a774563175b1b0b67818228,12,0,2,1539054147079,Politics,0,0.495
xyBncemGxFCvMdv93,78ef9879a4a32a97b61b6189115a89d59ed1b616c921e385fe44387f46ba8290,13,0.57,2,1539054171542,Entertainment,0.6497999999999999,0.515
pLmK3LmigYfqEC9wv,78ef9879a4a32a97b61b6189115a89d59ed1b616c921e385fe44387f46ba8290,14,0.58,2,1539054171542,Entertainment,0.35280000000000006,0.63
uZMuuvx2upiZ66rfc,78ef9879a4a32a97b61b6189115a89d59ed1b616c921e385fe44387f46ba8290,15,0.6,2,1539054171542,Entertainment,0.72,0.5
mEXpSXzk39byGc9uJ,78ef9879a4a32a97b61b6189115a89d59ed1b616c921e385fe44387f46ba8290,16,0.7,2,1539054171543,Entertainment,0.18000000000000005,0.53
N2QbMP7CjCyddkz8z,78ef9879a4a32a97b61b6189115a89d59ed1b616c921e385fe44387f46ba8290,17,0.22,2,1539054171543,Entertainment,0.0968,0.37
Tp6wQxrGhWCcJ4pxS,78ef9879a4a32a97b61b6189115a89d59ed1b616c921e385fe44387f46ba8290,18,0.34,2,1539054171544,Entertainment,0.23120000000000004,0.605
ajjuSTpkYEBcHMTsQ,211cf0b0b12225bf3f19a9b999e4bc8e823ac0ef9a774563175b1b0b67818228,13,0.84,2,1539054169413,Entertainment,1.4111999999999998,0.695
Y2rQeAk5eL5vFZztp,211cf0b0b12225bf3f19a9b999e4bc8e823ac0ef9a774563175b1b0b67818228,14,0.93,2,1539054169413,Entertainment,0.009799999999999986,0.745
SyPCrjByaoqGmonyY,211cf0b0b12225bf3f19a9b999e4bc8e823ac0ef9a774563175b1b0b67818228,15,0,2,1539054169413,Entertainment,0,0.395
Aq3EMdqr9qXDoZYBy,211cf0b0b12225bf3f19a9b999e4bc8e823ac0ef9a774563175b1b0b67818228,16,0.66,2,1539054169413,Entertainment,0.23119999999999996,0.615
69ETJkkJ8wnzFKbMj,211cf0b0b12225bf3f19a9b999e4bc8e823ac0ef9a774563175b1b0b67818228,17,0.1,2,1539054169413,Entertainment,0.020000000000000004,0.415
x3YakYBQJb9xoq5v7,211cf0b0b12225bf3f19a9b999e4bc8e823ac0ef9a774563175b1b0b67818228,18,0.04,2,1539054169413,Entertainment,0.0032,0.37
8PaTaQm32iaJRFxF8,9c65e171570b6ed7fd7773eca9b0fe80dbb5cc6b5c461be54a44c73a5b62c6b2,1,0.7,2,1539054702227,Sports,0.18000000000000005,0.525
a9yJz5vzTi9PHkWmn,9c65e171570b6ed7fd7773eca9b0fe80dbb5cc6b5c461be54a44c73a5b62c6b2,2,0.27,2,1539054702230,Sports,0.1458,0.325
EhQYzikJCMRCLDy8o,9c65e171570b6ed7fd7773eca9b0fe80dbb5cc6b5c461be54a44c73a5b62c6b2,3,0.33,2,1539054702230,Sports,0.21780000000000002,0.555
5N9yX5mabZdHENpSc,9c65e171570b6ed7fd7773eca9b0fe80dbb5cc6b5c461be54a44c73a5b62c6b2,4,0.53,2,1539054702232,Sports,0.44179999999999997,0.57
MWXXGybJgvorRTfEx,9c65e171570b6ed7fd7773eca9b0fe80dbb5cc6b5c461be54a44c73a5b62c6b2,5,0.53,2,1539054702233,Sports,0.5618000000000001,0.515
cT3gmn7EBXZXMw3Cx,9c65e171570b6ed7fd7773eca9b0fe80dbb5cc6b5c461be54a44c73a5b62c6b2,6,0.47,2,1539054702234,Sports,0.44179999999999997,0.505
SGtsyHCPZqrDgE9JP,9c65e171570b6ed7fd7773eca9b0fe80dbb5cc6b5c461be54a44c73a5b62c6b2,7,0.55,2,1539054726283,Politics,0.6050000000000001,0.635
LC4TpHoJcTpYM6jA5,9c65e171570b6ed7fd7773eca9b0fe80dbb5cc6b5c461be54a44c73a5b62c6b2,8,0.55,2,1539054726284,Politics,0.4049999999999999,0.57
cNbfLktDSfxsJimMD,9c65e171570b6ed7fd7773eca9b0fe80dbb5cc6b5c461be54a44c73a5b62c6b2,9,0.47,2,1539054726285,Politics,0.44179999999999997,0.56
NwiJAg9PgJpNWrp23,9c65e171570b6ed7fd7773eca9b0fe80dbb5cc6b5c461be54a44c73a5b62c6b2,10,0.51,2,1539054726286,Politics,0.5202,0.43
nBzjnew4ou242PLCh,9c65e171570b6ed7fd7773eca9b0fe80dbb5cc6b5c461be54a44c73a5b62c6b2,11,0.52,2,1539054726288,Politics,0.5408000000000001,0.45
d9GJozNeB7pQm56RM,9c65e171570b6ed7fd7773eca9b0fe80dbb5cc6b5c461be54a44c73a5b62c6b2,12,0,2,1539054726288,Politics,0,0.34
sDfHgZsBkXchwtGAm,9c65e171570b6ed7fd7773eca9b0fe80dbb5cc6b5c461be54a44c73a5b62c6b2,13,0.48,2,1539054746819,Entertainment,0.4608,0.575
GWqMttMHHAAHx69MW,9c65e171570b6ed7fd7773eca9b0fe80dbb5cc6b5c461be54a44c73a5b62c6b2,14,0.44,2,1539054746820,Entertainment,0.6272000000000001,0.585
kv6Rpzgwvk27mhCA9,9c65e171570b6ed7fd7773eca9b0fe80dbb5cc6b5c461be54a44c73a5b62c6b2,15,0.47,2,1539054746821,Entertainment,0.44179999999999997,0.53
Nv85f4HcZztugowef,9c65e171570b6ed7fd7773eca9b0fe80dbb5cc6b5c461be54a44c73a5b62c6b2,16,0.55,2,1539054746822,Entertainment,0.4049999999999999,0.55
LnD84agA2AnTtrfnH,9c65e171570b6ed7fd7773eca9b0fe80dbb5cc6b5c461be54a44c73a5b62c6b2,17,0.53,2,1539054746823,Entertainment,0.5618000000000001,0.5
GFMF4AyycxSHtmxry,9c65e171570b6ed7fd7773eca9b0fe80dbb5cc6b5c461be54a44c73a5b62c6b2,18,0.5,2,1539054746823,Entertainment,0.5,0.435
fX6bk4updt7GWxX55,6d0c2c47d4661e75d331113883fd7ab80abcb92a53b52be34b1454509931fddf,1,0.54,2,1539055081922,Sports,0.4231999999999999,0.635
DWCFWpr26gtrdnPtx,6d0c2c47d4661e75d331113883fd7ab80abcb92a53b52be34b1454509931fddf,2,0.32,2,1539055081923,Sports,0.2048,0.655
tEKsyW5z9RLwbEuoF,6d0c2c47d4661e75d331113883fd7ab80abcb92a53b52be34b1454509931fddf,3,0.2,2,1539055081923,Sports,0.08000000000000002,0.48
jG6Nsu37Cb2pjrxrK,6d0c2c47d4661e75d331113883fd7ab80abcb92a53b52be34b1454509931fddf,4,0.45,2,1539055081923,Sports,0.6050000000000001,0.67
7eYMPNboocqZp3mgg,6d0c2c47d4661e75d331113883fd7ab80abcb92a53b52be34b1454509931fddf,5,0.56,2,1539055081924,Sports,0.6272000000000001,0.585
4DxZjghHEKvjw4828,6d0c2c47d4661e75d331113883fd7ab80abcb92a53b52be34b1454509931fddf,6,0.58,2,1539055081924,Sports,0.6728,0.585
ZrL6LBWGKZ77e6u7F,6d0c2c47d4661e75d331113883fd7ab80abcb92a53b52be34b1454509931fddf,7,0.89,2,1539055114507,Politics,1.5842,0.665
nGpvy5G9DhC5BWJnF,6d0c2c47d4661e75d331113883fd7ab80abcb92a53b52be34b1454509931fddf,8,0.16,2,1539055114508,Politics,1.4111999999999998,0.31
2BoL8C47Sw5jXrACJ,6d0c2c47d4661e75d331113883fd7ab80abcb92a53b52be34b1454509931fddf,9,0.37,2,1539055114508,Politics,0.2738,0.665
iHWFMnBbG9qn8qxYT,6d0c2c47d4661e75d331113883fd7ab80abcb92a53b52be34b1454509931fddf,10,0.07,2,1539055114509,Politics,0.009800000000000001,0.37
n22mgLjNt7LcP9EcR,6d0c2c47d4661e75d331113883fd7ab80abcb92a53b52be34b1454509931fddf,11,0.06,2,1539055114510,Politics,0.0072,0.275
subrYvmNBQLmnmcAR,6d0c2c47d4661e75d331113883fd7ab80abcb92a53b52be34b1454509931fddf,12,0.03,2,1539055114510,Politics,0.0018,0.37
XyPo84KsXgQ3fpfBv,6d0c2c47d4661e75d331113883fd7ab80abcb92a53b52be34b1454509931fddf,13,0.68,2,1539055144369,Entertainment,0.9248000000000002,0.585
728jr7v4uFTXQeYLm,6d0c2c47d4661e75d331113883fd7ab80abcb92a53b52be34b1454509931fddf,14,0.34,2,1539055144370,Entertainment,0.8711999999999998,0.665
ZpFagHyR9mWPgPoQa,6d0c2c47d4661e75d331113883fd7ab80abcb92a53b52be34b1454509931fddf,15,0.35,2,1539055144371,Entertainment,0.24499999999999997,0.625
3LSmNyiaP6TQqrK7L,6d0c2c47d4661e75d331113883fd7ab80abcb92a53b52be34b1454509931fddf,16,0.33,2,1539055144371,Entertainment,0.8977999999999998,0.665
EpmwTGQswCMrHzYpW,6d0c2c47d4661e75d331113883fd7ab80abcb92a53b52be34b1454509931fddf,17,0.62,2,1539055144371,Entertainment,0.7688,0.55
SPSibaCXmiHXWmwPm,6d0c2c47d4661e75d331113883fd7ab80abcb92a53b52be34b1454509931fddf,18,0.19,2,1539055144372,Entertainment,0.0722,0.45
8rP2vAso5iKSGZfQ7,455e585fef76ccdf1b41055f6ab109334863f0972542911a31f62592e4da5a6e,1,0.69,2,1539055287557,Sports,0.19220000000000007,0.555
XHjz3qB6NxdvGMmuN,455e585fef76ccdf1b41055f6ab109334863f0972542911a31f62592e4da5a6e,2,0.69,2,1539055287559,Sports,0.9521999999999998,0.55
3BcfMAp5WsMfKi7Hi,455e585fef76ccdf1b41055f6ab109334863f0972542911a31f62592e4da5a6e,3,0.67,2,1539055287561,Sports,0.8978000000000002,0.415
ezcLqg7STyvRbddiu,455e585fef76ccdf1b41055f6ab109334863f0972542911a31f62592e4da5a6e,4,0.72,2,1539055287563,Sports,0.15680000000000002,0.595
oJE5PhHsSrgXJKuLw,455e585fef76ccdf1b41055f6ab109334863f0972542911a31f62592e4da5a6e,5,0.74,2,1539055287565,Sports,1.0952,0.53
PgBgYfBGBsvBGFCsc,455e585fef76ccdf1b41055f6ab109334863f0972542911a31f62592e4da5a6e,6,0.6,2,1539055287566,Sports,0.72,0.55
6wSRHmp4Toh698jg5,455e585fef76ccdf1b41055f6ab109334863f0972542911a31f62592e4da5a6e,7,0.55,2,1539055295426,Politics,0.6050000000000001,0.625
gH9qNBLArSopv4jDz,455e585fef76ccdf1b41055f6ab109334863f0972542911a31f62592e4da5a6e,8,0.68,2,1539055295428,Politics,0.20479999999999993,0.595
nrh2WJsgJLeBugmkc,455e585fef76ccdf1b41055f6ab109334863f0972542911a31f62592e4da5a6e,9,0.67,2,1539055295430,Politics,0.8978000000000002,0.54
F5YdAtQ8fB5kFn57g,455e585fef76ccdf1b41055f6ab109334863f0972542911a31f62592e4da5a6e,10,0.77,2,1539055295433,Politics,1.1858,0.39
HPQyKv94a4Dakugxi,455e585fef76ccdf1b41055f6ab109334863f0972542911a31f62592e4da5a6e,11,0.61,2,1539055295434,Politics,0.7442,0.34
qqXQ873x7nQgFMRTP,455e585fef76ccdf1b41055f6ab109334863f0972542911a31f62592e4da5a6e,12,0.72,2,1539055295437,Politics,1.0368,0.345
WhjKu4dRfBpEaYoEy,455e585fef76ccdf1b41055f6ab109334863f0972542911a31f62592e4da5a6e,13,0.72,2,1539055303960,Entertainment,1.0368,0.55
bP48LShBXZ9zzntPz,455e585fef76ccdf1b41055f6ab109334863f0972542911a31f62592e4da5a6e,14,0.67,2,1539055303963,Entertainment,0.21779999999999994,0.56
kjsbq5bZaPRntCKdG,455e585fef76ccdf1b41055f6ab109334863f0972542911a31f62592e4da5a6e,15,0.31,2,1539055303966,Entertainment,0.1922,0.595
7dHxzA9s73Aqzwo3C,455e585fef76ccdf1b41055f6ab109334863f0972542911a31f62592e4da5a6e,16,0.68,2,1539055303969,Entertainment,0.20479999999999993,0.49
CGKZPz3eMDCiFfmMA,455e585fef76ccdf1b41055f6ab109334863f0972542911a31f62592e4da5a6e,17,0.59,2,1539055303971,Entertainment,0.6961999999999999,0.535
pASrePKSffj5unxxz,455e585fef76ccdf1b41055f6ab109334863f0972542911a31f62592e4da5a6e,18,0.66,2,1539055303973,Entertainment,0.8712000000000001,0.43
2spR4xRxaf3NqXEen,9d3838bd61279888bc598f335ef713452f10571562d9dafcda490c28a5b96063,1,0.29,2,1539057906936,Sports,1.0082,0.34
XKciCsZPkicwgXTvB,9d3838bd61279888bc598f335ef713452f10571562d9dafcda490c28a5b96063,2,0.46,2,1539057906939,Sports,0.4232,0.625
KX2rCe3GNdjRua3Rj,9d3838bd61279888bc598f335ef713452f10571562d9dafcda490c28a5b96063,3,0.2,2,1539057906941,Sports,0.08000000000000002,0.41
LP8j8CTBH2S8tGLSv,9d3838bd61279888bc598f335ef713452f10571562d9dafcda490c28a5b96063,4,0.65,2,1539057906942,Sports,0.24499999999999997,0.64
EKqHrPaKgi7s6KDkf,9d3838bd61279888bc598f335ef713452f10571562d9dafcda490c28a5b96063,5,0.29,2,1539057906944,Sports,0.1682,0.44
Bgop8ZNy7aiPNLFSa,9d3838bd61279888bc598f335ef713452f10571562d9dafcda490c28a5b96063,6,0.37,2,1539057906945,Sports,0.2738,0.665
FhD5dELWZ7SPYk44S,9d3838bd61279888bc598f335ef713452f10571562d9dafcda490c28a5b96063,7,0.85,2,1539057941324,Politics,1.4449999999999998,0.585
2xBy3gfLkWEP3akPT,9d3838bd61279888bc598f335ef713452f10571562d9dafcda490c28a5b96063,8,0.54,2,1539057941325,Politics,0.4231999999999999,0.64
T77AM52J3LdFynY6Y,9d3838bd61279888bc598f335ef713452f10571562d9dafcda490c28a5b96063,9,0.78,2,1539057941325,Politics,1.2168,0.515
uk7uXXPD4wNnpCb82,9d3838bd61279888bc598f335ef713452f10571562d9dafcda490c28a5b96063,10,0.58,2,1539057941327,Politics,0.6728,0.455
N4YzBW7igLs8aS7do,9d3838bd61279888bc598f335ef713452f10571562d9dafcda490c28a5b96063,11,0.29,2,1539057941327,Politics,0.1682,0.45
jRcK3aiAKXChbPp3T,9d3838bd61279888bc598f335ef713452f10571562d9dafcda490c28a5b96063,12,0.2,2,1539057941327,Politics,0.08000000000000002,0.425
WSncWcHpxNcEYTQoA,9d3838bd61279888bc598f335ef713452f10571562d9dafcda490c28a5b96063,13,0.32,2,1539058241101,Entertainment,0.2048,0.575
Jg6esWAhQLmrCoQ5Q,9d3838bd61279888bc598f335ef713452f10571562d9dafcda490c28a5b96063,14,0.93,2,1539058241103,Entertainment,0.009799999999999986,0.625
cp5MZrtFMBeTzBF7x,9d3838bd61279888bc598f335ef713452f10571562d9dafcda490c28a5b96063,15,0.56,2,1539058241104,Entertainment,0.6272000000000001,0.575
dXhT8smzcX9SRhuxm,9d3838bd61279888bc598f335ef713452f10571562d9dafcda490c28a5b96063,16,0.89,2,1539058241105,Entertainment,0.024199999999999996,0.56
Q8RGnqnd3NiDSXLHT,9d3838bd61279888bc598f335ef713452f10571562d9dafcda490c28a5b96063,17,0.73,2,1539058241106,Entertainment,1.0657999999999999,0.505
jSkKix5hy7baDCSqZ,9d3838bd61279888bc598f335ef713452f10571562d9dafcda490c28a5b96063,18,0.59,2,1539058241108,Entertainment,0.6961999999999999,0.51
Br6bcg3BNgpyG7L7H,312c5cf4747f318746fcb03e64d028da5d34a776152a631f3a0908a396794c2a,1,0.24,2,1539058742196,Sports,1.1552,0.41
Nq2e925haeoXeGckK,312c5cf4747f318746fcb03e64d028da5d34a776152a631f3a0908a396794c2a,2,0.59,2,1539058742197,Sports,0.6961999999999999,0.645
GjfK5TFmuxg5GCfFu,312c5cf4747f318746fcb03e64d028da5d34a776152a631f3a0908a396794c2a,3,0.2,2,1539058742197,Sports,0.08000000000000002,0.5
7QnmrnrF2aqCTdzEi,312c5cf4747f318746fcb03e64d028da5d34a776152a631f3a0908a396794c2a,4,0.46,2,1539058742198,Sports,0.5832,0.715
ZhnR7NtpYdJn6WJdi,312c5cf4747f318746fcb03e64d028da5d34a776152a631f3a0908a396794c2a,5,0.28,2,1539058742198,Sports,0.15680000000000002,0.52
MzEPPxoMBdT772x9s,312c5cf4747f318746fcb03e64d028da5d34a776152a631f3a0908a396794c2a,6,0.18,2,1539058742198,Sports,0.0648,0.27
8B7vTLFYMTTTcfAEy,312c5cf4747f318746fcb03e64d028da5d34a776152a631f3a0908a396794c2a,7,0.78,2,1539058806573,Politics,1.2168,0.645
shDbTP8tnctBX59h5,312c5cf4747f318746fcb03e64d028da5d34a776152a631f3a0908a396794c2a,8,0.59,2,1539058806574,Politics,0.33620000000000005,0.645
AAC8WdmDwYtb4C3K5,312c5cf4747f318746fcb03e64d028da5d34a776152a631f3a0908a396794c2a,9,0.39,2,1539058806574,Politics,0.3042,0.685
LSbEm2m6JfKzGTA8J,312c5cf4747f318746fcb03e64d028da5d34a776152a631f3a0908a396794c2a,10,0.07,2,1539058806574,Politics,0.009800000000000001,0.375
ysFDcgJMXrDqvRM9A,312c5cf4747f318746fcb03e64d028da5d34a776152a631f3a0908a396794c2a,11,0.1,2,1539058806575,Politics,0.020000000000000004,0.52
gCrNZCCvbvfz8kemA,312c5cf4747f318746fcb03e64d028da5d34a776152a631f3a0908a396794c2a,12,0.26,2,1539058806575,Politics,0.13520000000000001,0.46
g7PySBncNWjd9K9GE,312c5cf4747f318746fcb03e64d028da5d34a776152a631f3a0908a396794c2a,13,0.39,2,1539058876930,Entertainment,0.3042,0.685
vjokxDwy3cAtNsFXL,312c5cf4747f318746fcb03e64d028da5d34a776152a631f3a0908a396794c2a,14,0.91,2,1539058876931,Entertainment,0.01619999999999999,0.65
XMubEdMZtr9RYgwfQ,312c5cf4747f318746fcb03e64d028da5d34a776152a631f3a0908a396794c2a,15,0.32,2,1539058876931,Entertainment,0.2048,0.635
muvGNP56kzuRiPbHY,312c5cf4747f318746fcb03e64d028da5d34a776152a631f3a0908a396794c2a,16,0.28,2,1539058876931,Entertainment,1.0368,0.42
dEE5KLb8NZnX5WcTa,312c5cf4747f318746fcb03e64d028da5d34a776152a631f3a0908a396794c2a,17,0.26,2,1539058876931,Entertainment,0.13520000000000001,0.445
2RnWSjJdkfgCttaB4,312c5cf4747f318746fcb03e64d028da5d34a776152a631f3a0908a396794c2a,18,0.42,2,1539058876931,Entertainment,0.35279999999999995,0.58
EfdQpX7AGrYBToRF7,c2f117b32348d3b51f874759c3fcf9af077f2456393b3046dd392ec5c800aaa0,1,0.62,2,1539059240657,Sports,0.2888,0.51
JKawnmFE7nHWkGSZM,c2f117b32348d3b51f874759c3fcf9af077f2456393b3046dd392ec5c800aaa0,2,0.42,2,1539059240658,Sports,0.35279999999999995,0.565
2xfrDPA2MKr2SMLJs,c2f117b32348d3b51f874759c3fcf9af077f2456393b3046dd392ec5c800aaa0,3,0.61,2,1539059240658,Sports,0.7442,0.385
KkM3XnpHNrvDnW7QG,c2f117b32348d3b51f874759c3fcf9af077f2456393b3046dd392ec5c800aaa0,4,0.44,2,1539059240659,Sports,0.6272000000000001,0.555
Y58DtMuE4mMakg4Cf,c2f117b32348d3b51f874759c3fcf9af077f2456393b3046dd392ec5c800aaa0,5,0.45,2,1539059240659,Sports,0.405,0.515
EAZdpeJ9fvSqwjXzk,c2f117b32348d3b51f874759c3fcf9af077f2456393b3046dd392ec5c800aaa0,6,0.4,2,1539059240659,Sports,0.32000000000000006,0.49
PidJ2gTpZex93NQPt,c2f117b32348d3b51f874759c3fcf9af077f2456393b3046dd392ec5c800aaa0,7,0.64,2,1539059257454,Politics,0.8192,0.525
MHiQ97mwBvNba3Cxt,c2f117b32348d3b51f874759c3fcf9af077f2456393b3046dd392ec5c800aaa0,8,0.54,2,1539059257454,Politics,0.4231999999999999,0.555
yjZq3yZfuJruwP8jm,c2f117b32348d3b51f874759c3fcf9af077f2456393b3046dd392ec5c800aaa0,9,0.41,2,1539059257454,Politics,0.33619999999999994,0.575
epCry9HWot9BPNHKu,c2f117b32348d3b51f874759c3fcf9af077f2456393b3046dd392ec5c800aaa0,10,0.63,2,1539059257454,Politics,0.7938000000000001,0.38
h9JxMM7NtHDqEzgK9,c2f117b32348d3b51f874759c3fcf9af077f2456393b3046dd392ec5c800aaa0,11,0.4,2,1539059257455,Politics,0.32000000000000006,0.41
cfyxfySQyyz5CpxLj,c2f117b32348d3b51f874759c3fcf9af077f2456393b3046dd392ec5c800aaa0,12,0.39,2,1539059257456,Politics,0.3042,0.475
d6r8XgzGGQRa5Nste,c2f117b32348d3b51f874759c3fcf9af077f2456393b3046dd392ec5c800aaa0,13,0.62,2,1539059271537,Entertainment,0.7688,0.49
jN7H4WTnZs4P8gyJG,c2f117b32348d3b51f874759c3fcf9af077f2456393b3046dd392ec5c800aaa0,14,0.43,2,1539059271537,Entertainment,0.6498000000000002,0.57
rXNTxcGnhSQ54qhzS,c2f117b32348d3b51f874759c3fcf9af077f2456393b3046dd392ec5c800aaa0,15,0.59,2,1539059271537,Entertainment,0.6961999999999999,0.545
Y82FsiKaXSPwK9pYq,c2f117b32348d3b51f874759c3fcf9af077f2456393b3046dd392ec5c800aaa0,16,0.66,2,1539059271538,Entertainment,0.23119999999999996,0.52
RjT9RSE9uazFdSJiE,c2f117b32348d3b51f874759c3fcf9af077f2456393b3046dd392ec5c800aaa0,17,0.67,2,1539059271538,Entertainment,0.8978000000000002,0.455
TchEh7ZJ5W8RdnAcP,c2f117b32348d3b51f874759c3fcf9af077f2456393b3046dd392ec5c800aaa0,18,0.42,2,1539059271538,Entertainment,0.35279999999999995,0.525
8YAqyyif4PpS27MfF,2a4495a68823144c70608952f5c4276a5b9a44a350d670146171c6b777a778f2,1,0.81,2,1539060700241,Sports,0.07219999999999996,0.585
Z2fCiY8xPe7W8GMFL,2a4495a68823144c70608952f5c4276a5b9a44a350d670146171c6b777a778f2,2,0.87,2,1539060700241,Sports,1.5138,0.65
8oE8wqhMBDSTajer7,2a4495a68823144c70608952f5c4276a5b9a44a350d670146171c6b777a778f2,3,0.58,2,1539060700241,Sports,0.6728,0.565
KvEQeBfEtk7amn5Ju,2a4495a68823144c70608952f5c4276a5b9a44a350d670146171c6b777a778f2,4,0.27,2,1539060700241,Sports,1.0657999999999999,0.35
Z5mRc2SPJfdoSpb2B,2a4495a68823144c70608952f5c4276a5b9a44a350d670146171c6b777a778f2,5,0.87,2,1539060700241,Sports,1.5138,0.54
G6ZjaeyE5u29jJBXK,2a4495a68823144c70608952f5c4276a5b9a44a350d670146171c6b777a778f2,6,0.8,2,1539060700241,Sports,1.2800000000000002,0.575
XMgxp7aCM5pnaEdRG,2a4495a68823144c70608952f5c4276a5b9a44a350d670146171c6b777a778f2,7,1,2,1539060825853,Politics,2,0.645
AYLnRLoWDBs8aEprk,2a4495a68823144c70608952f5c4276a5b9a44a350d670146171c6b777a778f2,8,0.97,2,1539060825853,Politics,0.0018000000000000032,0.72
KiG7AmW9a6Y7PsK5R,2a4495a68823144c70608952f5c4276a5b9a44a350d670146171c6b777a778f2,9,0.98,2,1539060825853,Politics,1.9207999999999998,0.615
4ei9DyP4idrXkCmWJ,2a4495a68823144c70608952f5c4276a5b9a44a350d670146171c6b777a778f2,10,0.55,2,1539060825853,Politics,0.6050000000000001,0.51
86q6tkj5SLYL6psic,2a4495a68823144c70608952f5c4276a5b9a44a350d670146171c6b777a778f2,11,0.15,2,1539060825869,Politics,0.045,0.535
fGS3DiBN4apHBiipj,2a4495a68823144c70608952f5c4276a5b9a44a350d670146171c6b777a778f2,12,0.01,2,1539060825869,Politics,2e-4,0.39
L4JmaZZMSGaL5hkvK,2a4495a68823144c70608952f5c4276a5b9a44a350d670146171c6b777a778f2,13,0.02,2,1539060849121,Entertainment,8e-4,0.31
BH8hiyJ9LqG3b4rZY,2a4495a68823144c70608952f5c4276a5b9a44a350d670146171c6b777a778f2,14,0.18,2,1539060849121,Entertainment,1.3448000000000002,0.34
XJQtmhcABWGDm3jnn,2a4495a68823144c70608952f5c4276a5b9a44a350d670146171c6b777a778f2,15,0.08,2,1539060849121,Entertainment,0.0128,0.31
xjowF4QRCbKm2fyX4,2a4495a68823144c70608952f5c4276a5b9a44a350d670146171c6b777a778f2,16,0.61,2,1539060849135,Entertainment,0.3042,0.685
mWsFqZPn7FzPFuxfw,2a4495a68823144c70608952f5c4276a5b9a44a350d670146171c6b777a778f2,17,0.03,2,1539060849135,Entertainment,0.0018,0.28
fG3GjmLiaiEoqMnLk,2a4495a68823144c70608952f5c4276a5b9a44a350d670146171c6b777a778f2,18,0.66,2,1539060849135,Entertainment,0.8712000000000001,0.53
Y9oPQXFcqbizC7KBX,0779ae8eeaaab38593988dbded54f8313ac1db37dff258c87168f00da17a5683,1,0.49,2,1539064034421,Sports,0.5202,0.575
685ZR6chLvdREeFZs,0779ae8eeaaab38593988dbded54f8313ac1db37dff258c87168f00da17a5683,2,0.42,2,1539064034425,Sports,0.35279999999999995,0.615
fZ7uziiYSaCQrw6RS,0779ae8eeaaab38593988dbded54f8313ac1db37dff258c87168f00da17a5683,3,0.61,2,1539064034429,Sports,0.7442,0.39
etB3uiJqX7irnBATp,0779ae8eeaaab38593988dbded54f8313ac1db37dff258c87168f00da17a5683,4,0.55,2,1539064034433,Sports,0.4049999999999999,0.615
aHAEmF2cAbCPJkEJk,0779ae8eeaaab38593988dbded54f8313ac1db37dff258c87168f00da17a5683,5,0.65,2,1539064034435,Sports,0.8450000000000001,0.445
3sumw3vdj2CZmXDZr,0779ae8eeaaab38593988dbded54f8313ac1db37dff258c87168f00da17a5683,6,0.77,2,1539064034436,Sports,1.1858,0.49
zK5sjyAPJG7GxBdoF,0779ae8eeaaab38593988dbded54f8313ac1db37dff258c87168f00da17a5683,7,0.81,2,1539064043828,Politics,1.3122000000000003,0.57
JuRBchqRhTY8qxHcK,0779ae8eeaaab38593988dbded54f8313ac1db37dff258c87168f00da17a5683,8,0.58,2,1539064043832,Politics,0.35280000000000006,0.545
vKcWNguYHHNSQKv2w,0779ae8eeaaab38593988dbded54f8313ac1db37dff258c87168f00da17a5683,9,0.52,2,1539064043836,Politics,0.5408000000000001,0.555
aCxtAbRkA4LHjJWfm,0779ae8eeaaab38593988dbded54f8313ac1db37dff258c87168f00da17a5683,10,0.48,2,1539064043842,Politics,0.4608,0.44
wqyKJK5dZ3SFLxrZW,0779ae8eeaaab38593988dbded54f8313ac1db37dff258c87168f00da17a5683,11,0.68,2,1539064043846,Politics,0.9248000000000002,0.31
drboKFD6WGcgREC8d,0779ae8eeaaab38593988dbded54f8313ac1db37dff258c87168f00da17a5683,12,0.62,2,1539064043848,Politics,0.7688,0.33
6qeBz9wsW95ECk7CE,0779ae8eeaaab38593988dbded54f8313ac1db37dff258c87168f00da17a5683,13,0.72,2,1539064051832,Entertainment,1.0368,0.53
BrnEK7EauQm7m6YsA,0779ae8eeaaab38593988dbded54f8313ac1db37dff258c87168f00da17a5683,14,0.91,2,1539064051836,Entertainment,0.01619999999999999,0.58
C7zhcpJz9wJDoZdBC,0779ae8eeaaab38593988dbded54f8313ac1db37dff258c87168f00da17a5683,15,0.69,2,1539064051840,Entertainment,0.9521999999999998,0.535
aYnZvnLScbdNHKzd2,0779ae8eeaaab38593988dbded54f8313ac1db37dff258c87168f00da17a5683,16,0.63,2,1539064051842,Entertainment,0.2738,0.45
f7tffLPLv7vwJkcM5,0779ae8eeaaab38593988dbded54f8313ac1db37dff258c87168f00da17a5683,17,0.81,2,1539064051844,Entertainment,1.3122000000000003,0.415
tKsuyJqDB9tMfddYB,0779ae8eeaaab38593988dbded54f8313ac1db37dff258c87168f00da17a5683,18,0.56,2,1539064051847,Entertainment,0.6272000000000001,0.48
R4tzFa6kC5GiYpebB,d58654eb814269a217aa548f0b406bc8e8cf5ecb6986d45a69ce6ce5efd217b1,1,0.75,2,1539067211778,Sports,0.125,0.565
ufofN5MRogCB5tbm2,d58654eb814269a217aa548f0b406bc8e8cf5ecb6986d45a69ce6ce5efd217b1,2,0.3,2,1539067211779,Sports,0.18,0.645
t7AhPvKWBm2pZrnbD,d58654eb814269a217aa548f0b406bc8e8cf5ecb6986d45a69ce6ce5efd217b1,3,0.15,2,1539067211780,Sports,0.045,0.49
fEyZjW2gM7vQEmKuz,d58654eb814269a217aa548f0b406bc8e8cf5ecb6986d45a69ce6ce5efd217b1,4,0.9,2,1539067211782,Sports,0.01999999999999999,0.605
nLYy4e7jSq8uHrx2s,d58654eb814269a217aa548f0b406bc8e8cf5ecb6986d45a69ce6ce5efd217b1,5,0.8,2,1539067211783,Sports,1.2800000000000002,0.51
Ri6pbasQ8xYBR4nx5,d58654eb814269a217aa548f0b406bc8e8cf5ecb6986d45a69ce6ce5efd217b1,6,0.7,2,1539067211784,Sports,0.9799999999999999,0.505
WtDAtZuyGdr2esxF3,d58654eb814269a217aa548f0b406bc8e8cf5ecb6986d45a69ce6ce5efd217b1,7,0.95,2,1539067400378,Politics,1.805,0.595
Nmopirhxh26XiFXam,d58654eb814269a217aa548f0b406bc8e8cf5ecb6986d45a69ce6ce5efd217b1,8,0.25,2,1539067400379,Politics,1.125,0.435
KcnkD3aXxEE4Wpp4t,d58654eb814269a217aa548f0b406bc8e8cf5ecb6986d45a69ce6ce5efd217b1,9,0.25,2,1539067400380,Politics,0.125,0.51
YqFa7f2yJnvX4cTGW,d58654eb814269a217aa548f0b406bc8e8cf5ecb6986d45a69ce6ce5efd217b1,10,0.2,2,1539067400380,Politics,0.08000000000000002,0.445
LBPvCSKPMBeS68mEa,d58654eb814269a217aa548f0b406bc8e8cf5ecb6986d45a69ce6ce5efd217b1,11,0.4,2,1539067400381,Politics,0.32000000000000006,0.48
YDkGivoJ5HudT2SnX,d58654eb814269a217aa548f0b406bc8e8cf5ecb6986d45a69ce6ce5efd217b1,12,0.15,2,1539067400382,Politics,0.045,0.51
qmHnZbHhxhxQst3Qe,d58654eb814269a217aa548f0b406bc8e8cf5ecb6986d45a69ce6ce5efd217b1,13,0.7,2,1539067584596,Entertainment,0.9799999999999999,0.595
CCbsruBJsqHf5oh2s,d58654eb814269a217aa548f0b406bc8e8cf5ecb6986d45a69ce6ce5efd217b1,14,0.9,2,1539067584596,Entertainment,0.01999999999999999,0.585
GFhEodrZz8qsCPRuH,d58654eb814269a217aa548f0b406bc8e8cf5ecb6986d45a69ce6ce5efd217b1,15,0.75,2,1539067584596,Entertainment,1.125,0.525
CPfab2S7TNfJRJFQj,d58654eb814269a217aa548f0b406bc8e8cf5ecb6986d45a69ce6ce5efd217b1,16,0.75,2,1539067584597,Entertainment,0.125,0.545
EejqYYk2Hha2apTdg,d58654eb814269a217aa548f0b406bc8e8cf5ecb6986d45a69ce6ce5efd217b1,17,0.3,2,1539067584599,Entertainment,0.18,0.62
2w9ucabYR7ZzwdSgQ,d58654eb814269a217aa548f0b406bc8e8cf5ecb6986d45a69ce6ce5efd217b1,18,0.7,2,1539067584599,Entertainment,0.9799999999999999,0.48
x3GkwrSD2Ro8Fg84P,2a599ba9d679b595555daf125e80703d31f00e7846580eb586ff47eb9ae8fb3e,1,0.56,2,1539070568723,Sports,0.38719999999999993,0.55
oMpenpb3wfmWrkM28,2a599ba9d679b595555daf125e80703d31f00e7846580eb586ff47eb9ae8fb3e,2,0.75,2,1539070568723,Sports,1.125,0.535
9jAHWhiL5GGbQsXyx,2a599ba9d679b595555daf125e80703d31f00e7846580eb586ff47eb9ae8fb3e,3,0.4,2,1539070568724,Sports,0.32000000000000006,0.445
ouidDWNucgxfTkGwS,2a599ba9d679b595555daf125e80703d31f00e7846580eb586ff47eb9ae8fb3e,4,0.39,2,1539070568724,Sports,0.7442,0.62
oNqsFnHXmnAb9rM4W,2a599ba9d679b595555daf125e80703d31f00e7846580eb586ff47eb9ae8fb3e,5,0.41,2,1539070568724,Sports,0.33619999999999994,0.485
L3Q5Lrq6KfaZLs96K,2a599ba9d679b595555daf125e80703d31f00e7846580eb586ff47eb9ae8fb3e,6,0.43,2,1539070568725,Sports,0.36979999999999996,0.525
KDBeBsPMRrs6CGnCv,2a599ba9d679b595555daf125e80703d31f00e7846580eb586ff47eb9ae8fb3e,7,0.72,2,1539070596331,Politics,1.0368,0.545
YnqYec8yocP8H6TQm,2a599ba9d679b595555daf125e80703d31f00e7846580eb586ff47eb9ae8fb3e,8,0.46,2,1539070596332,Politics,0.5832,0.55
WumLRGATzQwEaWbMc,2a599ba9d679b595555daf125e80703d31f00e7846580eb586ff47eb9ae8fb3e,9,0.6,2,1539070596332,Politics,0.72,0.46
BhFbmXZ6fNYwemZu2,2a599ba9d679b595555daf125e80703d31f00e7846580eb586ff47eb9ae8fb3e,10,0.4,2,1539070596333,Politics,0.32000000000000006,0.4
q9M4FDssKbNGCrWun,2a599ba9d679b595555daf125e80703d31f00e7846580eb586ff47eb9ae8fb3e,11,0.43,2,1539070596333,Politics,0.36979999999999996,0.4
oTQzu9Tmx9ZLF8wpf,2a599ba9d679b595555daf125e80703d31f00e7846580eb586ff47eb9ae8fb3e,12,0.44,2,1539070596334,Politics,0.3872,0.375
XyxsnsHzncH8jLfyJ,2a599ba9d679b595555daf125e80703d31f00e7846580eb586ff47eb9ae8fb3e,13,0.57,2,1539070609708,Entertainment,0.6497999999999999,0.545
7CRxApWyzKTPcvXjA,2a599ba9d679b595555daf125e80703d31f00e7846580eb586ff47eb9ae8fb3e,14,0.39,2,1539070609709,Entertainment,0.7442,0.585
oiGuypAFw2rQShJYP,2a599ba9d679b595555daf125e80703d31f00e7846580eb586ff47eb9ae8fb3e,15,0.4,2,1539070609709,Entertainment,0.32000000000000006,0.56
rhHGxuPrDC5YFc44e,2a599ba9d679b595555daf125e80703d31f00e7846580eb586ff47eb9ae8fb3e,16,0.55,2,1539070609709,Entertainment,0.4049999999999999,0.53
bgxJ8x7mZk5cGgmYc,2a599ba9d679b595555daf125e80703d31f00e7846580eb586ff47eb9ae8fb3e,17,0.56,2,1539070609709,Entertainment,0.6272000000000001,0.445
oRdduTs5ATNZgFuLK,2a599ba9d679b595555daf125e80703d31f00e7846580eb586ff47eb9ae8fb3e,18,0.54,2,1539070609710,Entertainment,0.5832,0.495
MpxM2HAprw66po3nQ,2b30df0c4a0090514ee64184a47052d6e2c16b8bd28e4e4f74e443bddcb21f03,1,0.53,2,1539074354243,Sports,0.44179999999999997,0.68
5urRenAQX52P6MBet,2b30df0c4a0090514ee64184a47052d6e2c16b8bd28e4e4f74e443bddcb21f03,2,0.34,2,1539074354245,Sports,0.23120000000000004,0.645
7NE4iw43H4qmZYduM,2b30df0c4a0090514ee64184a47052d6e2c16b8bd28e4e4f74e443bddcb21f03,3,0.72,2,1539074354246,Sports,1.0368,0.465
eq5ZnidLNgf8FF4KD,2b30df0c4a0090514ee64184a47052d6e2c16b8bd28e4e4f74e443bddcb21f03,4,0.6,2,1539074354248,Sports,0.32000000000000006,0.635
cFKX6xdrMMQRZAB5N,2b30df0c4a0090514ee64184a47052d6e2c16b8bd28e4e4f74e443bddcb21f03,5,0.44,2,1539074354249,Sports,0.3872,0.565
AW5ZbijkrKYub5SwS,2b30df0c4a0090514ee64184a47052d6e2c16b8bd28e4e4f74e443bddcb21f03,6,0.18,2,1539074354251,Sports,0.0648,0.425
R22oh5qw3ggLW8yRe,2b30df0c4a0090514ee64184a47052d6e2c16b8bd28e4e4f74e443bddcb21f03,7,0.86,2,1539074399354,Politics,1.4791999999999998,0.64
3DGMT2KWrq3jn2juA,2b30df0c4a0090514ee64184a47052d6e2c16b8bd28e4e4f74e443bddcb21f03,8,0.65,2,1539074399357,Politics,0.24499999999999997,0.585
YMrWN9s7n3atierQ7,2b30df0c4a0090514ee64184a47052d6e2c16b8bd28e4e4f74e443bddcb21f03,9,0.56,2,1539074399360,Politics,0.6272000000000001,0.6
yjSALFQpJN7ddruyQ,2b30df0c4a0090514ee64184a47052d6e2c16b8bd28e4e4f74e443bddcb21f03,10,0.15,2,1539074399362,Politics,0.045,0.45
2FWYrYZM8ohSj7WeY,2b30df0c4a0090514ee64184a47052d6e2c16b8bd28e4e4f74e443bddcb21f03,11,0.2,2,1539074399363,Politics,0.08000000000000002,0.51
edSRnNzKxtEcWagcR,2b30df0c4a0090514ee64184a47052d6e2c16b8bd28e4e4f74e443bddcb21f03,12,0.08,2,1539074399363,Politics,0.0128,0.5
4CTiXrYk35SfbxhDK,2b30df0c4a0090514ee64184a47052d6e2c16b8bd28e4e4f74e443bddcb21f03,13,0.67,2,1539074658247,Entertainment,0.8978000000000002,0.545
R6oMunX7ozyhzfMkM,2b30df0c4a0090514ee64184a47052d6e2c16b8bd28e4e4f74e443bddcb21f03,14,0.29,2,1539074658253,Entertainment,1.0082,0.345
DtuwZaeHZ7Stii3c2,2b30df0c4a0090514ee64184a47052d6e2c16b8bd28e4e4f74e443bddcb21f03,15,0.11,2,1539074658256,Entertainment,0.0242,0.395
K2dPukSiWeYQNm7Zx,2b30df0c4a0090514ee64184a47052d6e2c16b8bd28e4e4f74e443bddcb21f03,16,0.53,2,1539074658258,Entertainment,0.44179999999999997,0.595
nrsuTP24fyNCMPER9,2b30df0c4a0090514ee64184a47052d6e2c16b8bd28e4e4f74e443bddcb21f03,17,1,2,1539074658260,Entertainment,2,0.535
XAwPLJ8XzmXJeD8GD,2b30df0c4a0090514ee64184a47052d6e2c16b8bd28e4e4f74e443bddcb21f03,18,0.58,2,1539074658261,Entertainment,0.6728,0.645
6fWhmBPBfSTng9g9p,e05c7d5b52c1070d22d8d9de3ac0a38a75051a6f28eb16e199f033b17a960ef6,1,0.63,2,1539079064411,Sports,0.2738,0.47
nc2aJaWbfjdnzZ7p4,e05c7d5b52c1070d22d8d9de3ac0a38a75051a6f28eb16e199f033b17a960ef6,2,0.68,2,1539079064413,Sports,0.9248000000000002,0.535
9BycBBvex5JnpBrTm,e05c7d5b52c1070d22d8d9de3ac0a38a75051a6f28eb16e199f033b17a960ef6,3,0.41,2,1539079064415,Sports,0.33619999999999994,0.42
euQ6yLRisfdbfMWYr,e05c7d5b52c1070d22d8d9de3ac0a38a75051a6f28eb16e199f033b17a960ef6,4,0.39,2,1539079064416,Sports,0.7442,0.62
TfkZu3BJjjEKHnT26,e05c7d5b52c1070d22d8d9de3ac0a38a75051a6f28eb16e199f033b17a960ef6,5,0.39,2,1539079064418,Sports,0.3042,0.55
DfrYydaEeaP2XLQH5,e05c7d5b52c1070d22d8d9de3ac0a38a75051a6f28eb16e199f033b17a960ef6,6,0.64,2,1539079064419,Sports,0.8192,0.485
cq3wnoTj353PHsbX6,e05c7d5b52c1070d22d8d9de3ac0a38a75051a6f28eb16e199f033b17a960ef6,7,0.6,2,1539079084517,Politics,0.72,0.525
pcNrdXhS5TywwvjWo,e05c7d5b52c1070d22d8d9de3ac0a38a75051a6f28eb16e199f033b17a960ef6,8,0.42,2,1539079084518,Politics,0.6728000000000002,0.575
5XtwhD5gAyFM2Xf3L,e05c7d5b52c1070d22d8d9de3ac0a38a75051a6f28eb16e199f033b17a960ef6,9,0.31,2,1539079084520,Politics,0.1922,0.59
5XBtAjEr7itM5PCDm,e05c7d5b52c1070d22d8d9de3ac0a38a75051a6f28eb16e199f033b17a960ef6,10,0.61,2,1539079084521,Politics,0.7442,0.285
9Xi9ppaH5MFYWD9rY,e05c7d5b52c1070d22d8d9de3ac0a38a75051a6f28eb16e199f033b17a960ef6,11,0.24,2,1539079084522,Politics,0.1152,0.365
wuDpi6AiDNY4f3dN8,e05c7d5b52c1070d22d8d9de3ac0a38a75051a6f28eb16e199f033b17a960ef6,12,0.39,2,1539079084522,Politics,0.3042,0.535
fRWP5SyDii5TsWbHx,e05c7d5b52c1070d22d8d9de3ac0a38a75051a6f28eb16e199f033b17a960ef6,13,0.62,2,1539079107165,Entertainment,0.7688,0.525
jbXrEC2d8vtRYiDWg,e05c7d5b52c1070d22d8d9de3ac0a38a75051a6f28eb16e199f033b17a960ef6,14,0.35,2,1539079107165,Entertainment,0.8450000000000001,0.56
Wfzns5DMwYqvA5fZu,e05c7d5b52c1070d22d8d9de3ac0a38a75051a6f28eb16e199f033b17a960ef6,15,0.4,2,1539079107166,Entertainment,0.32000000000000006,0.535
nNdhLT7MraTnZNttG,e05c7d5b52c1070d22d8d9de3ac0a38a75051a6f28eb16e199f033b17a960ef6,16,0.35,2,1539079107167,Entertainment,0.8450000000000001,0.57
F3z2PAkN2qC8qoeBL,e05c7d5b52c1070d22d8d9de3ac0a38a75051a6f28eb16e199f033b17a960ef6,17,0.37,2,1539079107169,Entertainment,0.2738,0.525
vTbCqdk3CEcGaq9mG,e05c7d5b52c1070d22d8d9de3ac0a38a75051a6f28eb16e199f033b17a960ef6,18,0.36,2,1539079107170,Entertainment,0.2592,0.505
ZXzyddyoEJMPPoSqa,b004bee63e0857ee3fdefe94d709368f8617dc61c62ed677bbe1dbb26d49fae8,1,0.08,2,1539079600609,Sports,1.6928,0.32
My7a4HfzELcuYMhnD,b004bee63e0857ee3fdefe94d709368f8617dc61c62ed677bbe1dbb26d49fae8,2,0.08,2,1539079600614,Sports,0.0128,0.32
xxE5sfWTxnZSHkiMz,b004bee63e0857ee3fdefe94d709368f8617dc61c62ed677bbe1dbb26d49fae8,3,0.15,2,1539079600616,Sports,0.045,0.555
mi4RWuJYPaEhktCiC,b004bee63e0857ee3fdefe94d709368f8617dc61c62ed677bbe1dbb26d49fae8,4,0.11,2,1539079600620,Sports,1.5842,0.35
tX34JgY9JyTsEPznu,b004bee63e0857ee3fdefe94d709368f8617dc61c62ed677bbe1dbb26d49fae8,5,0.13,2,1539079600621,Sports,0.033800000000000004,0.495
Pa3z8aAkuuCSCSLew,b004bee63e0857ee3fdefe94d709368f8617dc61c62ed677bbe1dbb26d49fae8,6,0.09,2,1539079600624,Sports,0.0162,0.385
PyrbkL9r8nFq4cAJZ,b004bee63e0857ee3fdefe94d709368f8617dc61c62ed677bbe1dbb26d49fae8,7,0.75,2,1539079659343,Politics,1.125,0.72
o3eS2h98pTf3yXQ4N,b004bee63e0857ee3fdefe94d709368f8617dc61c62ed677bbe1dbb26d49fae8,8,0.73,2,1539079659346,Politics,0.1458,0.745
zDMRC9ZkkeN8q4FSs,b004bee63e0857ee3fdefe94d709368f8617dc61c62ed677bbe1dbb26d49fae8,9,0.74,2,1539079659348,Politics,1.0952,0.7
2D4JyzhRFKCPNm3No,b004bee63e0857ee3fdefe94d709368f8617dc61c62ed677bbe1dbb26d49fae8,10,0.01,2,1539079659350,Politics,2e-4,0.515
39TkLZ7jmbhoX5DHk,b004bee63e0857ee3fdefe94d709368f8617dc61c62ed677bbe1dbb26d49fae8,11,0.11,2,1539079659352,Politics,0.0242,0.625
BmcdLscsQXvHpgSX7,b004bee63e0857ee3fdefe94d709368f8617dc61c62ed677bbe1dbb26d49fae8,12,0.04,2,1539079659355,Politics,0.0032,0.555
QXZmfeFquYkaK8Qk3,b004bee63e0857ee3fdefe94d709368f8617dc61c62ed677bbe1dbb26d49fae8,13,0.11,2,1539079698510,Entertainment,0.0242,0.435
SSZM268ZYgX8zvxKm,b004bee63e0857ee3fdefe94d709368f8617dc61c62ed677bbe1dbb26d49fae8,14,0.17,2,1539079698512,Entertainment,1.3778,0.425
7NKHAuSwMgLKb2CYv,b004bee63e0857ee3fdefe94d709368f8617dc61c62ed677bbe1dbb26d49fae8,15,0.18,2,1539079698514,Entertainment,0.0648,0.475
L6bqwEXsCdqiHbv2g,b004bee63e0857ee3fdefe94d709368f8617dc61c62ed677bbe1dbb26d49fae8,16,0.13,2,1539079698516,Entertainment,1.5138,0.525
gyLySWEX8ZkQ4t7q4,b004bee63e0857ee3fdefe94d709368f8617dc61c62ed677bbe1dbb26d49fae8,17,0.14,2,1539079698518,Entertainment,0.039200000000000006,0.545
WyygSDHfR5WxyCRAo,b004bee63e0857ee3fdefe94d709368f8617dc61c62ed677bbe1dbb26d49fae8,18,0.13,2,1539079698521,Entertainment,0.033800000000000004,0.58
DdmYjxRk5bekNy67P,1b3c5c5707e9c27840b85f3c51238582d3e01f873c5e22e3bde5447f712fab03,1,0.35,2,1539079876650,Sports,0.8450000000000001,0.655
ZQWMxtriqPB6Kepu5,1b3c5c5707e9c27840b85f3c51238582d3e01f873c5e22e3bde5447f712fab03,2,0.39,2,1539079876660,Sports,0.3042,0.645
wvZQpr6fLFrJLrMAA,1b3c5c5707e9c27840b85f3c51238582d3e01f873c5e22e3bde5447f712fab03,3,0.38,2,1539079876668,Sports,0.2888,0.685
4xBdiXkLafE78KFTw,1b3c5c5707e9c27840b85f3c51238582d3e01f873c5e22e3bde5447f712fab03,4,0.77,2,1539079876674,Sports,0.10579999999999998,0.595
33SukBy3B62JizEoa,1b3c5c5707e9c27840b85f3c51238582d3e01f873c5e22e3bde5447f712fab03,5,0.23,2,1539079876680,Sports,0.1058,0.43
dHdCx63nh9JKsAEn3,1b3c5c5707e9c27840b85f3c51238582d3e01f873c5e22e3bde5447f712fab03,6,0.35,2,1539079876684,Sports,0.24499999999999997,0.625
ubyqD4pyXLWsw6Lo7,1b3c5c5707e9c27840b85f3c51238582d3e01f873c5e22e3bde5447f712fab03,7,0.14,2,1539079893518,Politics,0.039200000000000006,0.28
iLkneTetHPwgwLN3G,1b3c5c5707e9c27840b85f3c51238582d3e01f873c5e22e3bde5447f712fab03,8,0.16,2,1539079893522,Politics,1.4111999999999998,0.34
P8C7MAGCgZpfZAeCj,1b3c5c5707e9c27840b85f3c51238582d3e01f873c5e22e3bde5447f712fab03,9,0.13,2,1539079893528,Politics,0.033800000000000004,0.415
QoxmqQFkeR6xLfvqQ,1b3c5c5707e9c27840b85f3c51238582d3e01f873c5e22e3bde5447f712fab03,10,0.13,2,1539079893532,Politics,0.033800000000000004,0.5
8YAKvJTXmLeHc8D3J,1b3c5c5707e9c27840b85f3c51238582d3e01f873c5e22e3bde5447f712fab03,11,0.16,2,1539079893534,Politics,0.0512,0.555
GdM2DrLaGWR9ZTtvs,1b3c5c5707e9c27840b85f3c51238582d3e01f873c5e22e3bde5447f712fab03,12,0.11,2,1539079893544,Politics,0.0242,0.54
QNAHTw29PtXgaKcYD,1b3c5c5707e9c27840b85f3c51238582d3e01f873c5e22e3bde5447f712fab03,13,0.76,2,1539079911102,Entertainment,1.1552,0.55
yC3e5zAvmWBakHZgp,1b3c5c5707e9c27840b85f3c51238582d3e01f873c5e22e3bde5447f712fab03,14,0.18,2,1539079911104,Entertainment,1.3448000000000002,0.335
hbjummReBtFb6xKgu,1b3c5c5707e9c27840b85f3c51238582d3e01f873c5e22e3bde5447f712fab03,15,0.61,2,1539079911108,Entertainment,0.7442,0.54
TKtnELhxce8RpFkZz,1b3c5c5707e9c27840b85f3c51238582d3e01f873c5e22e3bde5447f712fab03,16,0.47,2,1539079911110,Entertainment,0.5618000000000001,0.61
eLvN8qA9swBbDTw6X,1b3c5c5707e9c27840b85f3c51238582d3e01f873c5e22e3bde5447f712fab03,17,0.64,2,1539079911112,Entertainment,0.8192,0.5
uGhYdFh8Fn4y26yfm,1b3c5c5707e9c27840b85f3c51238582d3e01f873c5e22e3bde5447f712fab03,18,0.38,2,1539079911114,Entertainment,0.2888,0.67
HskdsjMWqXcfk3wNx,5dfff60c37f0d20ee205503304a57103951bedf4adf914e05f8aec6716c10c65,1,0.61,2,1539079992904,Sports,0.3042,0.47
GtAuPPHe5YT55vpXo,5dfff60c37f0d20ee205503304a57103951bedf4adf914e05f8aec6716c10c65,2,0.62,2,1539079992906,Sports,0.7688,0.54
2kgt6nGxBZgNhGSHd,5dfff60c37f0d20ee205503304a57103951bedf4adf914e05f8aec6716c10c65,3,0.54,2,1539079992908,Sports,0.5832,0.46
K3wGJrTKaHNBqCBkh,5dfff60c37f0d20ee205503304a57103951bedf4adf914e05f8aec6716c10c65,4,0.46,2,1539079992909,Sports,0.5832,0.58
r8tRHE4Tb5psYy7f5,5dfff60c37f0d20ee205503304a57103951bedf4adf914e05f8aec6716c10c65,5,0.67,2,1539079992910,Sports,0.8978000000000002,0.475
tZbAzgxorwFR3zwjz,5dfff60c37f0d20ee205503304a57103951bedf4adf914e05f8aec6716c10c65,6,0.37,2,1539079992912,Sports,0.2738,0.585
xdtxmWaw8cBtYmGvX,5dfff60c37f0d20ee205503304a57103951bedf4adf914e05f8aec6716c10c65,7,0.43,2,1539080040214,Politics,0.36979999999999996,0.565
YXv3xSKM6pMMNRnos,5dfff60c37f0d20ee205503304a57103951bedf4adf914e05f8aec6716c10c65,8,0.67,2,1539080040215,Politics,0.21779999999999994,0.535
szyb5xMxrgN9GdTGE,5dfff60c37f0d20ee205503304a57103951bedf4adf914e05f8aec6716c10c65,9,0.78,2,1539080040217,Politics,1.2168,0.5
XaiXePzw2YsfuWSpb,5dfff60c37f0d20ee205503304a57103951bedf4adf914e05f8aec6716c10c65,10,0.69,2,1539080040219,Politics,0.9521999999999998,0.38
CQBMLWdsmWe6TdWBg,5dfff60c37f0d20ee205503304a57103951bedf4adf914e05f8aec6716c10c65,11,0.39,2,1539080040220,Politics,0.3042,0.495
ivAKX8ifPNyfL3txy,5dfff60c37f0d20ee205503304a57103951bedf4adf914e05f8aec6716c10c65,12,0.57,2,1539080040220,Politics,0.6497999999999999,0.35
6LJdHwCZDZyxG7gzC,5dfff60c37f0d20ee205503304a57103951bedf4adf914e05f8aec6716c10c65,13,0.72,2,1539080064558,Entertainment,1.0368,0.515
Ko6B4NX4nJiYndTd3,5dfff60c37f0d20ee205503304a57103951bedf4adf914e05f8aec6716c10c65,14,0.63,2,1539080064559,Entertainment,0.2738,0.59
m2s9KcehF2cmJMTMJ,5dfff60c37f0d20ee205503304a57103951bedf4adf914e05f8aec6716c10c65,15,0.63,2,1539080064561,Entertainment,0.7938000000000001,0.505
HxCcs2v69bK2RYw8b,5dfff60c37f0d20ee205503304a57103951bedf4adf914e05f8aec6716c10c65,16,0.47,2,1539080064562,Entertainment,0.5618000000000001,0.55
KNiYDx5X3z6krPS74,5dfff60c37f0d20ee205503304a57103951bedf4adf914e05f8aec6716c10c65,17,0.76,2,1539080064564,Entertainment,1.1552,0.47
FGiNF5gJQLCanB34y,5dfff60c37f0d20ee205503304a57103951bedf4adf914e05f8aec6716c10c65,18,0.54,2,1539080064564,Entertainment,0.5832,0.48
7GdZw7CH6AtDd8hqm,0302193f3801885e4d31b879c1a3be3fa5fd2d3634dff4f26633a953a30ee3dc,1,0.75,2,1539082709550,Sports,0.125,0.625
ZPp9heb9Lib9Lx9yR,0302193f3801885e4d31b879c1a3be3fa5fd2d3634dff4f26633a953a30ee3dc,2,0.35,2,1539082709551,Sports,0.24499999999999997,0.68
3oWhtXPiduoYHGoFP,0302193f3801885e4d31b879c1a3be3fa5fd2d3634dff4f26633a953a30ee3dc,3,0.3,2,1539082709554,Sports,0.18,0.625
ifDQzYoQXR6hdzkZf,0302193f3801885e4d31b879c1a3be3fa5fd2d3634dff4f26633a953a30ee3dc,4,0.9,2,1539082709554,Sports,0.01999999999999999,0.695
rnif4LPACHiDAeusz,0302193f3801885e4d31b879c1a3be3fa5fd2d3634dff4f26633a953a30ee3dc,5,0.55,2,1539082709556,Sports,0.6050000000000001,0.625
uHvazB5hqjfyPwJm2,0302193f3801885e4d31b879c1a3be3fa5fd2d3634dff4f26633a953a30ee3dc,6,0,2,1539082709558,Sports,0,0.28
vrK3cp8zhhCGhPMfL,0302193f3801885e4d31b879c1a3be3fa5fd2d3634dff4f26633a953a30ee3dc,7,0.9,2,1539082740251,Politics,1.62,0.635
QbFtXQYpEnmbH8Ep6,0302193f3801885e4d31b879c1a3be3fa5fd2d3634dff4f26633a953a30ee3dc,8,0.7,2,1539082740252,Politics,0.18000000000000005,0.62
xwKKNYsoJKxs9Einm,0302193f3801885e4d31b879c1a3be3fa5fd2d3634dff4f26633a953a30ee3dc,9,0.9,2,1539082740254,Politics,1.62,0.585
qEZfsrptuz2gFWA3k,0302193f3801885e4d31b879c1a3be3fa5fd2d3634dff4f26633a953a30ee3dc,10,0.1,2,1539082740255,Politics,0.020000000000000004,0.535
XYtwc9KEvDGv24Jp4,0302193f3801885e4d31b879c1a3be3fa5fd2d3634dff4f26633a953a30ee3dc,11,0.1,2,1539082740257,Politics,0.020000000000000004,0.525
4FMbCFC2hgzc2KQBS,0302193f3801885e4d31b879c1a3be3fa5fd2d3634dff4f26633a953a30ee3dc,12,0,2,1539082740258,Politics,0,0.435
rtMvqjceNYDD4vguR,0302193f3801885e4d31b879c1a3be3fa5fd2d3634dff4f26633a953a30ee3dc,13,0.97,2,1539082767675,Entertainment,1.8818,0.525
PrQuWQWwroXFN7uxQ,0302193f3801885e4d31b879c1a3be3fa5fd2d3634dff4f26633a953a30ee3dc,14,1,2,1539082767676,Entertainment,0,0.635
uBuWK8msbDudgPa2q,0302193f3801885e4d31b879c1a3be3fa5fd2d3634dff4f26633a953a30ee3dc,15,0.1,2,1539082767678,Entertainment,0.020000000000000004,0.34
PpWJfcM2SiFLNqkkf,0302193f3801885e4d31b879c1a3be3fa5fd2d3634dff4f26633a953a30ee3dc,16,0.7,2,1539082767679,Entertainment,0.18000000000000005,0.55
sqEs5oRcSJouP3e89,0302193f3801885e4d31b879c1a3be3fa5fd2d3634dff4f26633a953a30ee3dc,17,0.65,2,1539082767679,Entertainment,0.8450000000000001,0.55
kbJYPaDsZphDP8Mts,0302193f3801885e4d31b879c1a3be3fa5fd2d3634dff4f26633a953a30ee3dc,18,0,2,1539082767680,Entertainment,0,0.27
iYrc8hP3bCJTixtpi,52817f7e0363c04e0d701d6b913be8a599a24eebc9c19be385220671148c8f65,1,0.56,2,1539082457458,Sports,0.38719999999999993,0.67
y7bxdcQxfs98HHp4D,52817f7e0363c04e0d701d6b913be8a599a24eebc9c19be385220671148c8f65,2,0.58,2,1539082457459,Sports,0.6728,0.63
pxWPttv6rfMxwh3BR,52817f7e0363c04e0d701d6b913be8a599a24eebc9c19be385220671148c8f65,3,0.31,2,1539082457459,Sports,0.1922,0.59
ffDCJoKMka6A5p42L,52817f7e0363c04e0d701d6b913be8a599a24eebc9c19be385220671148c8f65,4,0.64,2,1539082457459,Sports,0.2592,0.675
LckF3MTNwqwn9sPez,52817f7e0363c04e0d701d6b913be8a599a24eebc9c19be385220671148c8f65,5,0.44,2,1539082457459,Sports,0.3872,0.55
Xvg3QuvRYSHBL6Pj6,52817f7e0363c04e0d701d6b913be8a599a24eebc9c19be385220671148c8f65,6,0.67,2,1539082457460,Sports,0.8978000000000002,0.56
ioW5CjSvyftwJsrK5,52817f7e0363c04e0d701d6b913be8a599a24eebc9c19be385220671148c8f65,7,0.52,2,1539082527837,Politics,0.5408000000000001,0.645
6FFZdYinAjJpowTHL,52817f7e0363c04e0d701d6b913be8a599a24eebc9c19be385220671148c8f65,8,0.56,2,1539082527837,Politics,0.38719999999999993,0.58
XAF2yRTRPuuf9nfK5,52817f7e0363c04e0d701d6b913be8a599a24eebc9c19be385220671148c8f65,9,0.17,2,1539082527839,Politics,0.05780000000000001,0.39
2sgvtWDZCwxpakkFg,52817f7e0363c04e0d701d6b913be8a599a24eebc9c19be385220671148c8f65,10,0.16,2,1539082527839,Politics,0.0512,0.425
KtrZmakhy5JR2pLP4,52817f7e0363c04e0d701d6b913be8a599a24eebc9c19be385220671148c8f65,11,0.08,2,1539082527839,Politics,0.0128,0.34
8ftKAyarahBXBe9JX,52817f7e0363c04e0d701d6b913be8a599a24eebc9c19be385220671148c8f65,12,0.18,2,1539082527839,Politics,0.0648,0.55
JmSBp2oKwcr3Auaxd,a88dace0ded0d7f8ff48b62a82dae0b16d87bbd5ce8db7b03102cddf2e05daf7,1,0.48,2,1539082534961,Sports,0.5408000000000001,0.62
7esytkRpMm2rQXkmk,a88dace0ded0d7f8ff48b62a82dae0b16d87bbd5ce8db7b03102cddf2e05daf7,2,0,2,1539082534963,Sports,0,0.285
DJii2LB5CtvPYfPiX,a88dace0ded0d7f8ff48b62a82dae0b16d87bbd5ce8db7b03102cddf2e05daf7,3,0,2,1539082534964,Sports,0,0.355
fo5mQ3kAKZ5X76bcE,a88dace0ded0d7f8ff48b62a82dae0b16d87bbd5ce8db7b03102cddf2e05daf7,4,0.96,2,1539082534966,Sports,0.003200000000000006,0.675
tien8FgLMdwPtb5f4,a88dace0ded0d7f8ff48b62a82dae0b16d87bbd5ce8db7b03102cddf2e05daf7,5,0.16,2,1539082534967,Sports,0.0512,0.47
AenJMaou5wmtiJqP7,a88dace0ded0d7f8ff48b62a82dae0b16d87bbd5ce8db7b03102cddf2e05daf7,6,0.61,2,1539082534969,Sports,0.7442,0.565
Z549RRNzbGFNXW4zv,a88dace0ded0d7f8ff48b62a82dae0b16d87bbd5ce8db7b03102cddf2e05daf7,7,1,2,1539082574236,Politics,2,0.64
rrWbhgm44o9szPkA8,a88dace0ded0d7f8ff48b62a82dae0b16d87bbd5ce8db7b03102cddf2e05daf7,8,0.39,2,1539082574251,Politics,0.7442,0.675
98wPGbT982eRygCLS,a88dace0ded0d7f8ff48b62a82dae0b16d87bbd5ce8db7b03102cddf2e05daf7,9,0.98,2,1539082574256,Politics,1.9207999999999998,0.58
5PAGLZJis952NQQwR,a88dace0ded0d7f8ff48b62a82dae0b16d87bbd5ce8db7b03102cddf2e05daf7,10,0.07,2,1539082574258,Politics,0.009800000000000001,0.425
NWw9K4zQ7vL5K6XaM,a88dace0ded0d7f8ff48b62a82dae0b16d87bbd5ce8db7b03102cddf2e05daf7,11,0.52,2,1539082574262,Politics,0.5408000000000001,0.49
f6nbBdMmWzTzXgrFE,a88dace0ded0d7f8ff48b62a82dae0b16d87bbd5ce8db7b03102cddf2e05daf7,12,0.18,2,1539082574264,Politics,0.0648,0.54
miyR33wh4PusApGxL,52817f7e0363c04e0d701d6b913be8a599a24eebc9c19be385220671148c8f65,13,0.36,2,1539082574470,Entertainment,0.2592,0.615
dezRirSoRFZyjDujb,52817f7e0363c04e0d701d6b913be8a599a24eebc9c19be385220671148c8f65,14,0.6,2,1539082574471,Entertainment,0.32000000000000006,0.6
4XnFi7Q29vEmvWko2,52817f7e0363c04e0d701d6b913be8a599a24eebc9c19be385220671148c8f65,15,0.49,2,1539082574471,Entertainment,0.48019999999999996,0.595
MsHBcYj39Dc5Nxpqg,52817f7e0363c04e0d701d6b913be8a599a24eebc9c19be385220671148c8f65,16,0.83,2,1539082574471,Entertainment,0.057800000000000025,0.54
3gYG4YZXAeATEhvx6,52817f7e0363c04e0d701d6b913be8a599a24eebc9c19be385220671148c8f65,17,0.62,2,1539082574472,Entertainment,0.7688,0.51
vL2F5w5h6jbfkdAvx,52817f7e0363c04e0d701d6b913be8a599a24eebc9c19be385220671148c8f65,18,0.39,2,1539082574472,Entertainment,0.3042,0.605
vfYJ9gF65owrTFmfo,a88dace0ded0d7f8ff48b62a82dae0b16d87bbd5ce8db7b03102cddf2e05daf7,13,1,2,1539082601301,Entertainment,2,0.56
iQuz7NgtBuRru9knk,a88dace0ded0d7f8ff48b62a82dae0b16d87bbd5ce8db7b03102cddf2e05daf7,14,1,2,1539082601305,Entertainment,0,0.635
k7moYFwRxxhjAYgHQ,a88dace0ded0d7f8ff48b62a82dae0b16d87bbd5ce8db7b03102cddf2e05daf7,15,0.79,2,1539082601307,Entertainment,1.2482000000000002,0.555
mN3xtKRQySLsAwwNA,a88dace0ded0d7f8ff48b62a82dae0b16d87bbd5ce8db7b03102cddf2e05daf7,16,0.37,2,1539082601310,Entertainment,0.7938000000000001,0.625
mm4esxHfAXGZSHLvf,a88dace0ded0d7f8ff48b62a82dae0b16d87bbd5ce8db7b03102cddf2e05daf7,17,0.84,2,1539082601312,Entertainment,1.4111999999999998,0.49
n7t9sFYHRhBxvLfPo,a88dace0ded0d7f8ff48b62a82dae0b16d87bbd5ce8db7b03102cddf2e05daf7,18,1,2,1539082601314,Entertainment,2,0.45
A57bAYSQ3QfkvtDpW,c7dcd0a9000d809a7a7d75d83597e08077b5435fd95b7d84c8effd5f48d4d53d,1,0,2,1539083300944,Sports,2,0.255
Yr9N2Q5Afr2ArNEge,c7dcd0a9000d809a7a7d75d83597e08077b5435fd95b7d84c8effd5f48d4d53d,2,1,2,1539083300952,Sports,2,0.62
J4R8hXQbcnfTap9Jc,c7dcd0a9000d809a7a7d75d83597e08077b5435fd95b7d84c8effd5f48d4d53d,3,0.7,2,1539083300956,Sports,0.9799999999999999,0.495
bm9AYaHJqBdxZ8GxT,c7dcd0a9000d809a7a7d75d83597e08077b5435fd95b7d84c8effd5f48d4d53d,4,1,2,1539083300963,Sports,0,0.72
CZrZjhtkjWLsp9v7q,c7dcd0a9000d809a7a7d75d83597e08077b5435fd95b7d84c8effd5f48d4d53d,5,0.42,2,1539083300968,Sports,0.35279999999999995,0.705
T94GTTB7as7cdi7gD,c7dcd0a9000d809a7a7d75d83597e08077b5435fd95b7d84c8effd5f48d4d53d,6,0.13,2,1539083300971,Sports,0.033800000000000004,0.44
ti7MMSokY86GJ68cf,c7dcd0a9000d809a7a7d75d83597e08077b5435fd95b7d84c8effd5f48d4d53d,7,0.62,2,1539083310146,Politics,0.7688,0.705
q9gq7YGa5vHsKLoEj,c7dcd0a9000d809a7a7d75d83597e08077b5435fd95b7d84c8effd5f48d4d53d,8,0.32,2,1539083310149,Politics,0.9247999999999998,0.725
ccY322LR4oTbamNr6,c7dcd0a9000d809a7a7d75d83597e08077b5435fd95b7d84c8effd5f48d4d53d,9,0.83,2,1539083310160,Politics,1.3778,0.565
jdYfmMswL8qAErR2Y,c7dcd0a9000d809a7a7d75d83597e08077b5435fd95b7d84c8effd5f48d4d53d,10,0,2,1539083310167,Politics,0,0.365
CctpLf9rXxDsbXRn7,c7dcd0a9000d809a7a7d75d83597e08077b5435fd95b7d84c8effd5f48d4d53d,11,0,2,1539083310171,Politics,0,0.415
EBzAopgc3Hre3PCMx,c7dcd0a9000d809a7a7d75d83597e08077b5435fd95b7d84c8effd5f48d4d53d,12,0,2,1539083310173,Politics,0,0.485
ncpy8i8BnumG9MEFW,c7dcd0a9000d809a7a7d75d83597e08077b5435fd95b7d84c8effd5f48d4d53d,13,0.39,2,1539083318417,Entertainment,0.3042,0.695
Yfhnq4fsEGYPjuyqX,c7dcd0a9000d809a7a7d75d83597e08077b5435fd95b7d84c8effd5f48d4d53d,14,0.19,2,1539083318422,Entertainment,1.3122000000000003,0.37
fb7yDrmHGFk8tnuGn,c7dcd0a9000d809a7a7d75d83597e08077b5435fd95b7d84c8effd5f48d4d53d,15,0.69,2,1539083318426,Entertainment,0.9521999999999998,0.62
LxTYtZKRsrMXWNxcK,c7dcd0a9000d809a7a7d75d83597e08077b5435fd95b7d84c8effd5f48d4d53d,16,0.62,2,1539083318429,Entertainment,0.2888,0.585
w2fopyNRhSKdXRAru,c7dcd0a9000d809a7a7d75d83597e08077b5435fd95b7d84c8effd5f48d4d53d,17,0.24,2,1539083318432,Entertainment,0.1152,0.465
Bg9k6qFbpGCD7PSq7,c7dcd0a9000d809a7a7d75d83597e08077b5435fd95b7d84c8effd5f48d4d53d,18,0.14,2,1539083318435,Entertainment,0.039200000000000006,0.495
kC8WtABvebftqQhxD,595ba2cd523f680c05ba1703d302adf0753b2ea2e506386a6588cf3c27f183a3,1,0.28,2,1539083373341,Sports,1.0368,0.38
Gx5RiZ672qchPb9nn,595ba2cd523f680c05ba1703d302adf0753b2ea2e506386a6588cf3c27f183a3,2,1,2,1539083373346,Sports,2,0.56
zAtD3RYXh2SkWHoDx,595ba2cd523f680c05ba1703d302adf0753b2ea2e506386a6588cf3c27f183a3,3,0.7,2,1539083373350,Sports,0.9799999999999999,0.4
orXEaAzE4opTK7X4B,595ba2cd523f680c05ba1703d302adf0753b2ea2e506386a6588cf3c27f183a3,4,1,2,1539083373354,Sports,0,0.59
HKrqfFvqRY8PR95AJ,595ba2cd523f680c05ba1703d302adf0753b2ea2e506386a6588cf3c27f183a3,5,0.19,2,1539083373356,Sports,0.0722,0.41
cWcHSJBfJQBfMe4fK,595ba2cd523f680c05ba1703d302adf0753b2ea2e506386a6588cf3c27f183a3,6,0.15,2,1539083373359,Sports,0.045,0.345
PH4K36kG5o7uWgFCB,595ba2cd523f680c05ba1703d302adf0753b2ea2e506386a6588cf3c27f183a3,7,0.43,2,1539083379418,Politics,0.36979999999999996,0.64
NvZ93Kc2kBnS7648N,595ba2cd523f680c05ba1703d302adf0753b2ea2e506386a6588cf3c27f183a3,8,0.73,2,1539083379421,Politics,0.1458,0.61
JuLM3xvha9mJZLC9e,595ba2cd523f680c05ba1703d302adf0753b2ea2e506386a6588cf3c27f183a3,9,0.82,2,1539083379428,Politics,1.3447999999999998,0.595
MHbweJS4eEwuLEswR,595ba2cd523f680c05ba1703d302adf0753b2ea2e506386a6588cf3c27f183a3,10,0.71,2,1539083379431,Politics,1.0082,0.4
knDGxNdipgfouBB4h,595ba2cd523f680c05ba1703d302adf0753b2ea2e506386a6588cf3c27f183a3,11,0.76,2,1539083379436,Politics,1.1552,0.4
sna3uuaM9KE5B4mXt,595ba2cd523f680c05ba1703d302adf0753b2ea2e506386a6588cf3c27f183a3,12,0.71,2,1539083379441,Politics,1.0082,0.39
yhNmGgy9K6tNxNqHc,595ba2cd523f680c05ba1703d302adf0753b2ea2e506386a6588cf3c27f183a3,13,0.71,2,1539083387068,Entertainment,1.0082,0.575
hjvHfSBZ3BHihhpEp,595ba2cd523f680c05ba1703d302adf0753b2ea2e506386a6588cf3c27f183a3,14,0.44,2,1539083387071,Entertainment,0.6272000000000001,0.665
zJnv6GtipkCBwP929,595ba2cd523f680c05ba1703d302adf0753b2ea2e506386a6588cf3c27f183a3,15,0.71,2,1539083387074,Entertainment,1.0082,0.55
4aDv4XWc69C4ZWJu5,595ba2cd523f680c05ba1703d302adf0753b2ea2e506386a6588cf3c27f183a3,16,0.24,2,1539083387078,Entertainment,1.1552,0.405
ppAxoRFb3hCjjkq6p,595ba2cd523f680c05ba1703d302adf0753b2ea2e506386a6588cf3c27f183a3,17,0.88,2,1539083387080,Entertainment,1.5488,0.5
PATQtu6KMrKkFDkiA,595ba2cd523f680c05ba1703d302adf0753b2ea2e506386a6588cf3c27f183a3,18,0.16,2,1539083387084,Entertainment,0.0512,0.37
FRaJihtnmfBWwrsfT,7092d099f3d3966d0e55966e2459aa1c21a74981e45e06a95a4d119942cf1e64,1,0.71,2,1539083896636,Sports,0.16820000000000004,0.605
zAMKDxZpALob665TT,7092d099f3d3966d0e55966e2459aa1c21a74981e45e06a95a4d119942cf1e64,2,0.64,2,1539083896637,Sports,0.8192,0.64
EokykBjzgrKwsaK3C,7092d099f3d3966d0e55966e2459aa1c21a74981e45e06a95a4d119942cf1e64,3,0.16,2,1539083896637,Sports,0.0512,0.495
Yt5mNHfiLSRsvaXNc,7092d099f3d3966d0e55966e2459aa1c21a74981e45e06a95a4d119942cf1e64,4,0.72,2,1539083896639,Sports,0.15680000000000002,0.64
oAfLG4hX6oHsdjnc5,7092d099f3d3966d0e55966e2459aa1c21a74981e45e06a95a4d119942cf1e64,5,0.15,2,1539083896639,Sports,0.045,0.42
Buy6G5EazjKCjzyze,7092d099f3d3966d0e55966e2459aa1c21a74981e45e06a95a4d119942cf1e64,6,0.69,2,1539083896639,Sports,0.9521999999999998,0.57
XFLPWfhr7QsXMp8Ga,7092d099f3d3966d0e55966e2459aa1c21a74981e45e06a95a4d119942cf1e64,7,0.67,2,1539083919826,Politics,0.8978000000000002,0.61
Joink8S9hefBmLiNF,7092d099f3d3966d0e55966e2459aa1c21a74981e45e06a95a4d119942cf1e64,8,0.75,2,1539083919826,Politics,0.125,0.625
6QCKj4g6Sx69atfgu,7092d099f3d3966d0e55966e2459aa1c21a74981e45e06a95a4d119942cf1e64,9,0.3,2,1539083919826,Politics,0.18,0.645
7DPpwEZvFgb2jvLRj,7092d099f3d3966d0e55966e2459aa1c21a74981e45e06a95a4d119942cf1e64,10,0.23,2,1539083919826,Politics,0.1058,0.445
L8By7BKeckbruuf6P,7092d099f3d3966d0e55966e2459aa1c21a74981e45e06a95a4d119942cf1e64,11,0.28,2,1539083919826,Politics,0.15680000000000002,0.445
kWfWif3jC85uFep6c,7092d099f3d3966d0e55966e2459aa1c21a74981e45e06a95a4d119942cf1e64,12,0.22,2,1539083919826,Politics,0.0968,0.49
zphPqz5vRxwmsJCub,7092d099f3d3966d0e55966e2459aa1c21a74981e45e06a95a4d119942cf1e64,13,0.64,2,1539083934195,Entertainment,0.8192,0.55
bAFrTuW5b52jCQNqv,7092d099f3d3966d0e55966e2459aa1c21a74981e45e06a95a4d119942cf1e64,14,0.68,2,1539083934195,Entertainment,0.20479999999999993,0.595
QZBjrJEsPNRZr7LDQ,7092d099f3d3966d0e55966e2459aa1c21a74981e45e06a95a4d119942cf1e64,15,0.29,2,1539083934195,Entertainment,0.1682,0.46
S2baSqg2qHzyeW2pW,7092d099f3d3966d0e55966e2459aa1c21a74981e45e06a95a4d119942cf1e64,16,0.7,2,1539083934195,Entertainment,0.18000000000000005,0.565
ezXFKc4iBD7A8Agok,7092d099f3d3966d0e55966e2459aa1c21a74981e45e06a95a4d119942cf1e64,17,0.35,2,1539083934195,Entertainment,0.24499999999999997,0.62
XJpkXXvSpBbvFtC3N,7092d099f3d3966d0e55966e2459aa1c21a74981e45e06a95a4d119942cf1e64,18,0.69,2,1539083934195,Entertainment,0.9521999999999998,0.49
mEf5bJXaPnaiPyp8S,9b8f35e4e8b332a3dc1219b80d94fde63fb3ec6e8742b6826a03e8413b6e1575,1,0.25,2,1539086511349,Sports,1.125,0.34
ffWKPbpYsfpovP7cB,9b8f35e4e8b332a3dc1219b80d94fde63fb3ec6e8742b6826a03e8413b6e1575,2,0.5,2,1539086511353,Sports,0.5,0.695
kkocK9c5qEJehg3ou,9b8f35e4e8b332a3dc1219b80d94fde63fb3ec6e8742b6826a03e8413b6e1575,3,0.15,2,1539086511356,Sports,0.045,0.515
Qz4DXCMXiCSpcs8y7,9b8f35e4e8b332a3dc1219b80d94fde63fb3ec6e8742b6826a03e8413b6e1575,4,0.1,2,1539086511359,Sports,1.62,0.24
XqWyWyowWx6uaF4wf,9b8f35e4e8b332a3dc1219b80d94fde63fb3ec6e8742b6826a03e8413b6e1575,5,0.68,2,1539086511362,Sports,0.9248000000000002,0.57
PRB44YgJdTP5tEM54,9b8f35e4e8b332a3dc1219b80d94fde63fb3ec6e8742b6826a03e8413b6e1575,6,0.11,2,1539086511364,Sports,0.0242,0.345
ZPkHREGfqxpu75yY4,692e535dc9e86daf7b79798bc94d32ef3f87f6b6e1b262a307470ecb28caa023,1,0.93,2,1539086531774,Sports,0.009799999999999986,0.545
72uHogAi4FzkrrtYv,692e535dc9e86daf7b79798bc94d32ef3f87f6b6e1b262a307470ecb28caa023,2,0.92,2,1539086531775,Sports,1.6928,0.555
LAy7eZMMZGJH3rCje,692e535dc9e86daf7b79798bc94d32ef3f87f6b6e1b262a307470ecb28caa023,3,0.35,2,1539086531775,Sports,0.24499999999999997,0.605
LaTdpAu8pxjeZu8DB,692e535dc9e86daf7b79798bc94d32ef3f87f6b6e1b262a307470ecb28caa023,4,0.99,2,1539086531775,Sports,2.0000000000000036e-4,0.655
GMomown3ZcPey4jHT,692e535dc9e86daf7b79798bc94d32ef3f87f6b6e1b262a307470ecb28caa023,5,0.83,2,1539086531776,Sports,1.3778,0.49
2WT3SiPaFm2MCGqDa,692e535dc9e86daf7b79798bc94d32ef3f87f6b6e1b262a307470ecb28caa023,6,0.69,2,1539086531776,Sports,0.9521999999999998,0.535
w3mECgH6nbvidESku,692e535dc9e86daf7b79798bc94d32ef3f87f6b6e1b262a307470ecb28caa023,7,1,2,1539086588685,Politics,2,0.635
hN66bLxbP9yqjSaQv,692e535dc9e86daf7b79798bc94d32ef3f87f6b6e1b262a307470ecb28caa023,8,0.75,2,1539086588686,Politics,0.125,0.575
pZr8s225Jq2w9ugvB,692e535dc9e86daf7b79798bc94d32ef3f87f6b6e1b262a307470ecb28caa023,9,0.76,2,1539086588687,Politics,1.1552,0.485
9azaxhHY7Fgg2AHGL,692e535dc9e86daf7b79798bc94d32ef3f87f6b6e1b262a307470ecb28caa023,10,0.5,2,1539086588688,Politics,0.5,0.445
YTje8j3SeDuNDmfFG,692e535dc9e86daf7b79798bc94d32ef3f87f6b6e1b262a307470ecb28caa023,11,0.64,2,1539086588688,Politics,0.8192,0.365
Gigqk2xXLz3TuqFJx,692e535dc9e86daf7b79798bc94d32ef3f87f6b6e1b262a307470ecb28caa023,12,0.29,2,1539086588688,Politics,0.1682,0.405
zBgpTRFYHBii7zg5K,9b8f35e4e8b332a3dc1219b80d94fde63fb3ec6e8742b6826a03e8413b6e1575,7,0.6,2,1539086605167,Politics,0.72,0.625
Zd3Auvrvpm6ZBEA8D,9b8f35e4e8b332a3dc1219b80d94fde63fb3ec6e8742b6826a03e8413b6e1575,8,0.6,2,1539086605169,Politics,0.32000000000000006,0.615
Bafr3doXk3Xk22wox,9b8f35e4e8b332a3dc1219b80d94fde63fb3ec6e8742b6826a03e8413b6e1575,9,0.3,2,1539086605172,Politics,0.18,0.65
RyzNni3LtGe6C5Wcs,9b8f35e4e8b332a3dc1219b80d94fde63fb3ec6e8742b6826a03e8413b6e1575,10,0.6,2,1539086605174,Politics,0.72,0.49
JgXcjb3qGvvdAfTgt,9b8f35e4e8b332a3dc1219b80d94fde63fb3ec6e8742b6826a03e8413b6e1575,11,0.15,2,1539086605178,Politics,0.045,0.505
Dzcr57qgDQykM5vm2,9b8f35e4e8b332a3dc1219b80d94fde63fb3ec6e8742b6826a03e8413b6e1575,12,0.2,2,1539086605180,Politics,0.08000000000000002,0.535
7wF69wu3AKNwAtfAK,692e535dc9e86daf7b79798bc94d32ef3f87f6b6e1b262a307470ecb28caa023,13,0.88,2,1539086612678,Entertainment,1.5488,0.555
hdEieR6HYWKa89bne,692e535dc9e86daf7b79798bc94d32ef3f87f6b6e1b262a307470ecb28caa023,14,0.9,2,1539086612678,Entertainment,0.01999999999999999,0.6
P6fj3PEeP7CCk3eST,692e535dc9e86daf7b79798bc94d32ef3f87f6b6e1b262a307470ecb28caa023,15,0.05,2,1539086612678,Entertainment,0.005000000000000001,0.235
sff2tyvHpB92qtaKq,692e535dc9e86daf7b79798bc94d32ef3f87f6b6e1b262a307470ecb28caa023,16,0.76,2,1539086612679,Entertainment,0.1152,0.565
xYNrLky8TqLeKfkGD,692e535dc9e86daf7b79798bc94d32ef3f87f6b6e1b262a307470ecb28caa023,17,0.74,2,1539086612680,Entertainment,1.0952,0.565
sRuS4wNpJYZY5EmDb,692e535dc9e86daf7b79798bc94d32ef3f87f6b6e1b262a307470ecb28caa023,18,0.69,2,1539086612680,Entertainment,0.9521999999999998,0.445
CufLtXNxY8xEZtb55,06f58c373993674eb40fc446e9d5c07861673640264882f97d9d46f4925abc6d,1,0.75,2,1539086778638,Sports,0.125,0.545
omYCknyu8GxciaL3M,06f58c373993674eb40fc446e9d5c07861673640264882f97d9d46f4925abc6d,2,0.65,2,1539086778653,Sports,0.8450000000000001,0.61
GDjk5yYHMbvpaTLJi,06f58c373993674eb40fc446e9d5c07861673640264882f97d9d46f4925abc6d,3,0.07,2,1539086778659,Sports,0.009800000000000001,0.27
bDvBYcWjfXp7sGHCP,06f58c373993674eb40fc446e9d5c07861673640264882f97d9d46f4925abc6d,4,0.4,2,1539086778664,Sports,0.72,0.72
EgcpXGr9ePgkkZmsh,06f58c373993674eb40fc446e9d5c07861673640264882f97d9d46f4925abc6d,5,0.23,2,1539086778669,Sports,0.1058,0.5
MMPn5AQj82u7wYQad,06f58c373993674eb40fc446e9d5c07861673640264882f97d9d46f4925abc6d,6,0.3,2,1539086778671,Sports,0.18,0.675
wguuHz3xfQZ9sRx6e,06f58c373993674eb40fc446e9d5c07861673640264882f97d9d46f4925abc6d,7,0.68,2,1539087004817,Politics,0.9248000000000002,0.595
rWwXtYwTzrTKAwogQ,06f58c373993674eb40fc446e9d5c07861673640264882f97d9d46f4925abc6d,8,0.63,2,1539087004824,Politics,0.2738,0.625
KuWDDhwq38aGcNTcu,06f58c373993674eb40fc446e9d5c07861673640264882f97d9d46f4925abc6d,9,0.66,2,1539087004838,Politics,0.8712000000000001,0.535
f4PmCqSpGRtG4cg3v,06f58c373993674eb40fc446e9d5c07861673640264882f97d9d46f4925abc6d,10,0.05,2,1539087004843,Politics,0.005000000000000001,0.305
rdEZWAeBHGjoALeMd,06f58c373993674eb40fc446e9d5c07861673640264882f97d9d46f4925abc6d,11,0.05,2,1539087004849,Politics,0.005000000000000001,0.4
fqB9AGT4Qn2vtdSjA,06f58c373993674eb40fc446e9d5c07861673640264882f97d9d46f4925abc6d,12,0.11,2,1539087004853,Politics,0.0242,0.565
rvf657rAdi6ngYs7K,06f58c373993674eb40fc446e9d5c07861673640264882f97d9d46f4925abc6d,13,0.52,2,1539087011714,Entertainment,0.5408000000000001,0.61
pkuFnp46zzR3Km7Ab,06f58c373993674eb40fc446e9d5c07861673640264882f97d9d46f4925abc6d,14,0.85,2,1539087011718,Entertainment,0.04500000000000001,0.59
x5oWKwbCAWNSe9Joe,06f58c373993674eb40fc446e9d5c07861673640264882f97d9d46f4925abc6d,15,0.4,2,1539087011722,Entertainment,0.32000000000000006,0.575
qho8TTM8cLQPcMGi4,06f58c373993674eb40fc446e9d5c07861673640264882f97d9d46f4925abc6d,16,0.3,2,1539087011724,Entertainment,0.9799999999999999,0.655
icypFeTQKjz7TYLso,06f58c373993674eb40fc446e9d5c07861673640264882f97d9d46f4925abc6d,17,0.4,2,1539087011728,Entertainment,0.32000000000000006,0.58
THY9QEMX5kcRpHBL7,06f58c373993674eb40fc446e9d5c07861673640264882f97d9d46f4925abc6d,18,0.5,2,1539087011736,Entertainment,0.5,0.545
yBFY5BwfzfRPQ9vHC,9b8f35e4e8b332a3dc1219b80d94fde63fb3ec6e8742b6826a03e8413b6e1575,13,0.7,2,1539087139069,Entertainment,0.9799999999999999,0.565
2ncmzwx6TGFPFzoH3,9b8f35e4e8b332a3dc1219b80d94fde63fb3ec6e8742b6826a03e8413b6e1575,14,0.95,2,1539087139073,Entertainment,0.005000000000000009,0.655
6FCZ3eGX478ZC4XDr,9b8f35e4e8b332a3dc1219b80d94fde63fb3ec6e8742b6826a03e8413b6e1575,15,0.3,2,1539087139076,Entertainment,0.18,0.69
LPLEMWxm88XpQ3589,9b8f35e4e8b332a3dc1219b80d94fde63fb3ec6e8742b6826a03e8413b6e1575,16,0.5,2,1539087139079,Entertainment,0.5,0.615
fy3WXAcp5kTsE3XLc,9b8f35e4e8b332a3dc1219b80d94fde63fb3ec6e8742b6826a03e8413b6e1575,17,0.2,2,1539087139082,Entertainment,0.08000000000000002,0.385
HqKRxMF6NBZ96uigs,9b8f35e4e8b332a3dc1219b80d94fde63fb3ec6e8742b6826a03e8413b6e1575,18,0.05,2,1539087139084,Entertainment,0.005000000000000001,0.32
69vEBKK747Ze7ZH7F,699b2eaf3bad9195143e3574cd26c145e0d6e4f153f6139de1666f8cd75d1277,1,0.93,2,1539087814286,Sports,0.009799999999999986,0.645
FSifrTBnYccxGDTtH,699b2eaf3bad9195143e3574cd26c145e0d6e4f153f6139de1666f8cd75d1277,2,0.94,2,1539087814288,Sports,1.7671999999999999,0.63
ZxyTXm88Nycbhyixo,699b2eaf3bad9195143e3574cd26c145e0d6e4f153f6139de1666f8cd75d1277,3,0.16,2,1539087814288,Sports,0.0512,0.545
3fCC6xF7Ztf2dhY9N,699b2eaf3bad9195143e3574cd26c145e0d6e4f153f6139de1666f8cd75d1277,4,0.13,2,1539087814288,Sports,1.5138,0.335
AT3zJQTm6MMbP5LA4,699b2eaf3bad9195143e3574cd26c145e0d6e4f153f6139de1666f8cd75d1277,5,0.98,2,1539087814288,Sports,1.9207999999999998,0.555
HMhsd6jHNr3qGT9T5,699b2eaf3bad9195143e3574cd26c145e0d6e4f153f6139de1666f8cd75d1277,6,0.93,2,1539087814289,Sports,1.7298000000000002,0.595
FuQcCy9E8ktz5Pb8a,699b2eaf3bad9195143e3574cd26c145e0d6e4f153f6139de1666f8cd75d1277,7,0.16,2,1539087820382,Politics,0.0512,0.275
rhQipv3FC85pRjhYT,699b2eaf3bad9195143e3574cd26c145e0d6e4f153f6139de1666f8cd75d1277,8,0.9,2,1539087820382,Politics,0.01999999999999999,0.62
ZsQ39p9qjbmT7rPFB,699b2eaf3bad9195143e3574cd26c145e0d6e4f153f6139de1666f8cd75d1277,9,1,2,1539087820383,Politics,2,0.515
4zrKFDdf8AkwFvj6M,699b2eaf3bad9195143e3574cd26c145e0d6e4f153f6139de1666f8cd75d1277,10,0.95,2,1539087820383,Politics,1.805,0.385
zw5zCmMCh82QbE72p,699b2eaf3bad9195143e3574cd26c145e0d6e4f153f6139de1666f8cd75d1277,11,0.19,2,1539087820383,Politics,0.0722,0.58
MEsHW5sEWGYiFmz4C,699b2eaf3bad9195143e3574cd26c145e0d6e4f153f6139de1666f8cd75d1277,12,0.88,2,1539087820384,Politics,1.5488,0.435
yYSzh8cMYTqpstekp,699b2eaf3bad9195143e3574cd26c145e0d6e4f153f6139de1666f8cd75d1277,13,0.91,2,1539087828158,Entertainment,1.6562000000000001,0.655
mSnzexScnARe7MJ3c,699b2eaf3bad9195143e3574cd26c145e0d6e4f153f6139de1666f8cd75d1277,14,0.84,2,1539087828159,Entertainment,0.05120000000000002,0.68
vGF2wqaSBiBRNEGRb,699b2eaf3bad9195143e3574cd26c145e0d6e4f153f6139de1666f8cd75d1277,15,0.08,2,1539087828159,Entertainment,0.0128,0.255
A45DSoeYLsRBGgm7e,699b2eaf3bad9195143e3574cd26c145e0d6e4f153f6139de1666f8cd75d1277,16,0.09,2,1539087828159,Entertainment,1.6562000000000001,0.325
q6eZdRGi5jDqoLMfy,699b2eaf3bad9195143e3574cd26c145e0d6e4f153f6139de1666f8cd75d1277,17,0.84,2,1539087828160,Entertainment,1.4111999999999998,0.55
CTwQjsB8hFgMipny6,699b2eaf3bad9195143e3574cd26c145e0d6e4f153f6139de1666f8cd75d1277,18,0.94,2,1539087828160,Entertainment,1.7671999999999999,0.55
kzFs5ty9EzFXsHc6s,f32934124c5f7bdb014b68f3804c101567b615f9b1487d4367041dc355e6328a,1,1,2,1539092847139,Sports,0,0.685
MPv6Ga8kyEQYMagW4,f32934124c5f7bdb014b68f3804c101567b615f9b1487d4367041dc355e6328a,2,1,2,1539092847144,Sports,2,0.715
vRbMSY7KDc8vThLy9,f32934124c5f7bdb014b68f3804c101567b615f9b1487d4367041dc355e6328a,3,0,2,1539092847145,Sports,0,0.43
dtFwGte3vgPfTsZcG,f32934124c5f7bdb014b68f3804c101567b615f9b1487d4367041dc355e6328a,4,1,2,1539092847147,Sports,0,0.76
xz64xMkrbZS8pJFaZ,f32934124c5f7bdb014b68f3804c101567b615f9b1487d4367041dc355e6328a,5,0,2,1539092847149,Sports,0,0.435
JoKkNvKiRfhCiS9tk,f32934124c5f7bdb014b68f3804c101567b615f9b1487d4367041dc355e6328a,6,0,2,1539092847150,Sports,0,0.47
jvieiefDaPcQCNhTy,f32934124c5f7bdb014b68f3804c101567b615f9b1487d4367041dc355e6328a,7,0,2,1539092882386,Politics,0,0.36
FPGu9Ht9Fmip4HbPh,f32934124c5f7bdb014b68f3804c101567b615f9b1487d4367041dc355e6328a,8,0,2,1539092882389,Politics,2,0.31
SAaFGTh5AuvcYYzgv,f32934124c5f7bdb014b68f3804c101567b615f9b1487d4367041dc355e6328a,9,0,2,1539092882391,Politics,0,0.43
ayefJMbjvieSCkGRM,f32934124c5f7bdb014b68f3804c101567b615f9b1487d4367041dc355e6328a,10,0,2,1539092882393,Politics,0,0.58
c5PTDTB4Z9Z3dMKjA,f32934124c5f7bdb014b68f3804c101567b615f9b1487d4367041dc355e6328a,11,0,2,1539092882394,Politics,0,0.515
bAh3on2B3therHa26,f32934124c5f7bdb014b68f3804c101567b615f9b1487d4367041dc355e6328a,12,0,2,1539092882395,Politics,0,0.595
ZTmQ9EPWoQNasvh8H,f32934124c5f7bdb014b68f3804c101567b615f9b1487d4367041dc355e6328a,13,1,2,1539092917707,Entertainment,2,0.675
xTkLaHaPR6AFSMCsj,f32934124c5f7bdb014b68f3804c101567b615f9b1487d4367041dc355e6328a,14,1,2,1539092917709,Entertainment,0,0.75
R4RxgCtMRyc56drnM,f32934124c5f7bdb014b68f3804c101567b615f9b1487d4367041dc355e6328a,15,0,2,1539092917711,Entertainment,0,0.4
HxLuJ67YqoEJ3aBZk,f32934124c5f7bdb014b68f3804c101567b615f9b1487d4367041dc355e6328a,16,0,2,1539092917712,Entertainment,2,0.325
QFB5ByXtWMnNdpNXd,f32934124c5f7bdb014b68f3804c101567b615f9b1487d4367041dc355e6328a,17,0,2,1539092917722,Entertainment,0,0.415
FqbvHAFYzXBLfnKAc,f32934124c5f7bdb014b68f3804c101567b615f9b1487d4367041dc355e6328a,18,1,2,1539092917724,Entertainment,2,0.64
QaWQgme7PpgrFqG7B,e177ec3ddf1b9d7d2fa67da6276cec6e889677551715bacb13538881cc20873e,1,0.24,2,1539092992603,Sports,1.1552,0.3
5DyeDmwzbiCAeFryZ,e177ec3ddf1b9d7d2fa67da6276cec6e889677551715bacb13538881cc20873e,2,0.19,2,1539092992605,Sports,0.0722,0.245
Knie6sbD6WcvsZfp2,e177ec3ddf1b9d7d2fa67da6276cec6e889677551715bacb13538881cc20873e,3,0.3,2,1539092992605,Sports,0.18,0.505
eaYKTAcxSzNTeXRTv,e177ec3ddf1b9d7d2fa67da6276cec6e889677551715bacb13538881cc20873e,4,0.71,2,1539092992606,Sports,0.16820000000000004,0.645
MszFE7d2GEgRz7NqQ,e177ec3ddf1b9d7d2fa67da6276cec6e889677551715bacb13538881cc20873e,5,0.36,2,1539092992606,Sports,0.2592,0.665
yqM6GLYcvvWavNJAi,e177ec3ddf1b9d7d2fa67da6276cec6e889677551715bacb13538881cc20873e,6,0.15,2,1539092992606,Sports,0.045,0.29
4fnt4XEyfxvhsgjuD,e177ec3ddf1b9d7d2fa67da6276cec6e889677551715bacb13538881cc20873e,7,0.64,2,1539093051506,Politics,0.8192,0.615
TheoZAg4RmGGc5Diw,e177ec3ddf1b9d7d2fa67da6276cec6e889677551715bacb13538881cc20873e,8,0.85,2,1539093051507,Politics,0.04500000000000001,0.595
QR6pzrxmn3cqxrETK,e177ec3ddf1b9d7d2fa67da6276cec6e889677551715bacb13538881cc20873e,9,0.5,2,1539093051507,Politics,0.5,0.58
HwN7jMRTg8R5HkHg7,e177ec3ddf1b9d7d2fa67da6276cec6e889677551715bacb13538881cc20873e,10,0.3,2,1539093051508,Politics,0.18,0.49
pb6ZNMtpcQgeNprYG,e177ec3ddf1b9d7d2fa67da6276cec6e889677551715bacb13538881cc20873e,11,0.15,2,1539093051509,Politics,0.045,0.455
9BQHrpReDZo6wvzCe,e177ec3ddf1b9d7d2fa67da6276cec6e889677551715bacb13538881cc20873e,12,0.3,2,1539093051509,Politics,0.18,0.565
WDx2HBeFYruuBLRHS,e177ec3ddf1b9d7d2fa67da6276cec6e889677551715bacb13538881cc20873e,13,0.37,2,1539093126863,Entertainment,0.2738,0.615
5Pfxc8ZtyX7ZTNQnK,e177ec3ddf1b9d7d2fa67da6276cec6e889677551715bacb13538881cc20873e,14,0.99,2,1539093126863,Entertainment,2.0000000000000036e-4,0.575
ZiFkQQtd2jndo5mDd,e177ec3ddf1b9d7d2fa67da6276cec6e889677551715bacb13538881cc20873e,15,0.36,2,1539093126864,Entertainment,0.2592,0.635
qui8Pcp64LBXGekbC,e177ec3ddf1b9d7d2fa67da6276cec6e889677551715bacb13538881cc20873e,16,0.13,2,1539093126865,Entertainment,1.5138,0.36
fjnW2XiJBGiCf2j3p,e177ec3ddf1b9d7d2fa67da6276cec6e889677551715bacb13538881cc20873e,17,0.25,2,1539093126865,Entertainment,0.125,0.445
LsrNFdvXzEt68nmMM,e177ec3ddf1b9d7d2fa67da6276cec6e889677551715bacb13538881cc20873e,18,0.45,2,1539093126865,Entertainment,0.405,0.575
QfCSG3cXfSm6GF4GK,8293bfd2f07b9302d04c01490f0fa734b44e15c59dd02aeb38236d2d60075edc,1,0.75,2,1539093404085,Sports,0.125,0.49
g457FYBepRRNzbwKh,8293bfd2f07b9302d04c01490f0fa734b44e15c59dd02aeb38236d2d60075edc,2,0.85,2,1539093404086,Sports,1.4449999999999998,0.59
d4ob34ckSdk5oyed3,8293bfd2f07b9302d04c01490f0fa734b44e15c59dd02aeb38236d2d60075edc,3,0.14,2,1539093404086,Sports,0.039200000000000006,0.46
9m5TXznBAen3sydSJ,8293bfd2f07b9302d04c01490f0fa734b44e15c59dd02aeb38236d2d60075edc,4,0.5,2,1539093404087,Sports,0.5,0.61
sYLN4pFR9Br4b3did,8293bfd2f07b9302d04c01490f0fa734b44e15c59dd02aeb38236d2d60075edc,5,0.39,2,1539093404087,Sports,0.3042,0.655
aGjrYe6obEHpFeQjq,8293bfd2f07b9302d04c01490f0fa734b44e15c59dd02aeb38236d2d60075edc,6,0.57,2,1539093404087,Sports,0.6497999999999999,0.57
PSiyiYi6LAxZ5Tatg,8293bfd2f07b9302d04c01490f0fa734b44e15c59dd02aeb38236d2d60075edc,7,0.56,2,1539093410173,Politics,0.6272000000000001,0.655
3tWhTLkoe6yRAFRFd,8293bfd2f07b9302d04c01490f0fa734b44e15c59dd02aeb38236d2d60075edc,8,0.77,2,1539093410174,Politics,0.10579999999999998,0.55
ZoqMjnJTDJqzbQtXr,8293bfd2f07b9302d04c01490f0fa734b44e15c59dd02aeb38236d2d60075edc,9,0.78,2,1539093410174,Politics,1.2168,0.51
ToRTtaRW3t9nST9Ge,8293bfd2f07b9302d04c01490f0fa734b44e15c59dd02aeb38236d2d60075edc,10,0.91,2,1539093410174,Politics,1.6562000000000001,0.405
6BQAgkrDHxC8CdipW,8293bfd2f07b9302d04c01490f0fa734b44e15c59dd02aeb38236d2d60075edc,11,0.72,2,1539093410174,Politics,1.0368,0.37
YwEWcmCvqeApwJNeW,8293bfd2f07b9302d04c01490f0fa734b44e15c59dd02aeb38236d2d60075edc,12,0.63,2,1539093410174,Politics,0.7938000000000001,0.39
DTWQm5nDxSGg5E5KB,8293bfd2f07b9302d04c01490f0fa734b44e15c59dd02aeb38236d2d60075edc,13,0.09,2,1539093416277,Entertainment,0.0162,0.23
X9dyud83MFHrXBtyc,8293bfd2f07b9302d04c01490f0fa734b44e15c59dd02aeb38236d2d60075edc,14,0.25,2,1539093416277,Entertainment,1.125,0.33
E6PYGd2LstgtnJaK9,8293bfd2f07b9302d04c01490f0fa734b44e15c59dd02aeb38236d2d60075edc,15,0.81,2,1539093416278,Entertainment,1.3122000000000003,0.525
h7WCtCXxgqsxaujcD,8293bfd2f07b9302d04c01490f0fa734b44e15c59dd02aeb38236d2d60075edc,16,0.74,2,1539093416279,Entertainment,0.13520000000000001,0.56
finwLmRgtwXfZGBb5,8293bfd2f07b9302d04c01490f0fa734b44e15c59dd02aeb38236d2d60075edc,17,0.52,2,1539093416279,Entertainment,0.5408000000000001,0.555
4DD9pcMcrqvnhuYKS,8293bfd2f07b9302d04c01490f0fa734b44e15c59dd02aeb38236d2d60075edc,18,0.76,2,1539093416279,Entertainment,1.1552,0.485
mt7QzZKRnCnHncDSv,d6eccbc82da8db7928a56c9f0c8ead555abf0ab38103198533b5c4f9f8bb6e5e,1,0.6,2,1539095030040,Sports,0.32000000000000006,0.52
Rhv5G6oXvd8fH8pjB,d6eccbc82da8db7928a56c9f0c8ead555abf0ab38103198533b5c4f9f8bb6e5e,2,0.4,2,1539095030041,Sports,0.32000000000000006,0.565
S566sm68hfY3QLJQa,d6eccbc82da8db7928a56c9f0c8ead555abf0ab38103198533b5c4f9f8bb6e5e,3,0.6,2,1539095030041,Sports,0.72,0.33
kGJGg6KmhDW4KFHDN,d6eccbc82da8db7928a56c9f0c8ead555abf0ab38103198533b5c4f9f8bb6e5e,4,0.41,2,1539095030041,Sports,0.6962000000000002,0.6
wHaTuswJvJeQTLvfJ,d6eccbc82da8db7928a56c9f0c8ead555abf0ab38103198533b5c4f9f8bb6e5e,5,0.39,2,1539095030041,Sports,0.3042,0.59
ARsiu8zdHpmncbzha,d6eccbc82da8db7928a56c9f0c8ead555abf0ab38103198533b5c4f9f8bb6e5e,6,0.61,2,1539095030042,Sports,0.7442,0.41
apnopMyfsCkxgYLub,d6eccbc82da8db7928a56c9f0c8ead555abf0ab38103198533b5c4f9f8bb6e5e,7,0.6,2,1539095140223,Politics,0.72,0.485
qryjcHDhFL8LQYGxS,d6eccbc82da8db7928a56c9f0c8ead555abf0ab38103198533b5c4f9f8bb6e5e,8,0.6,2,1539095140224,Politics,0.32000000000000006,0.465
hTXmRCp7N79joSnYK,d6eccbc82da8db7928a56c9f0c8ead555abf0ab38103198533b5c4f9f8bb6e5e,9,0.65,2,1539095140225,Politics,0.8450000000000001,0.47
HYZLCh8DMgGK285sa,d6eccbc82da8db7928a56c9f0c8ead555abf0ab38103198533b5c4f9f8bb6e5e,10,0.35,2,1539095140226,Politics,0.24499999999999997,0.46
9jP64uswC5zpjcA85,d6eccbc82da8db7928a56c9f0c8ead555abf0ab38103198533b5c4f9f8bb6e5e,11,0.3,2,1539095140227,Politics,0.18,0.48
pKsaejhapep38Tc5x,d6eccbc82da8db7928a56c9f0c8ead555abf0ab38103198533b5c4f9f8bb6e5e,12,0.3,2,1539095140228,Politics,0.18,0.505
6Y2RsuC6YikTH6HkG,d6eccbc82da8db7928a56c9f0c8ead555abf0ab38103198533b5c4f9f8bb6e5e,13,0.7,2,1539095195232,Entertainment,0.9799999999999999,0.515
WgRJkAEwXRyDhLe7c,d6eccbc82da8db7928a56c9f0c8ead555abf0ab38103198533b5c4f9f8bb6e5e,14,0.41,2,1539095195234,Entertainment,0.6962000000000002,0.595
qrhKf3gYwHeGgquMv,d6eccbc82da8db7928a56c9f0c8ead555abf0ab38103198533b5c4f9f8bb6e5e,15,0.4,2,1539095195234,Entertainment,0.32000000000000006,0.545
btZk4YeZDRdtmZ7mS,d6eccbc82da8db7928a56c9f0c8ead555abf0ab38103198533b5c4f9f8bb6e5e,16,0.41,2,1539095195236,Entertainment,0.6962000000000002,0.515
BhPA2HSTa7i3fNGmo,d6eccbc82da8db7928a56c9f0c8ead555abf0ab38103198533b5c4f9f8bb6e5e,17,0.3,2,1539095195237,Entertainment,0.18,0.515
kMWjgQBkrifE3yGQv,d6eccbc82da8db7928a56c9f0c8ead555abf0ab38103198533b5c4f9f8bb6e5e,18,0.45,2,1539095195238,Entertainment,0.405,0.48
yAsa5bmEETDNQps3R,6b12b9e7e6c57202e66916183c5a128a84d266713a2007acdc9a80a7f4b2ad5b,1,0.78,2,1539096394229,Sports,0.09679999999999998,0.63
MSKqzGfLuqfCgEErK,6b12b9e7e6c57202e66916183c5a128a84d266713a2007acdc9a80a7f4b2ad5b,2,0.11,2,1539096394232,Sports,0.0242,0.4
ZDXCGauCAbJbT8yyf,6b12b9e7e6c57202e66916183c5a128a84d266713a2007acdc9a80a7f4b2ad5b,3,0.71,2,1539096394234,Sports,1.0082,0.585
3RqLtQgnhpEkAuGAw,6b12b9e7e6c57202e66916183c5a128a84d266713a2007acdc9a80a7f4b2ad5b,4,0.76,2,1539096394235,Sports,0.1152,0.725
PNjEALMEEzkhmzQRv,6b12b9e7e6c57202e66916183c5a128a84d266713a2007acdc9a80a7f4b2ad5b,5,0,2,1539096394236,Sports,0,0.4
EYYSGNrXpW2idGxtK,6b12b9e7e6c57202e66916183c5a128a84d266713a2007acdc9a80a7f4b2ad5b,6,0,2,1539096394237,Sports,0,0.375
vgxQCX46NnDeMhMNy,6b12b9e7e6c57202e66916183c5a128a84d266713a2007acdc9a80a7f4b2ad5b,7,1,2,1539096488771,Politics,2,0.675
Hz9tEgYCTjDuBzsdP,6b12b9e7e6c57202e66916183c5a128a84d266713a2007acdc9a80a7f4b2ad5b,8,0.53,2,1539096488772,Politics,0.44179999999999997,0.74
8j7pnKdyZ24Pi6CRN,6b12b9e7e6c57202e66916183c5a128a84d266713a2007acdc9a80a7f4b2ad5b,9,0.7,2,1539096488773,Politics,0.9799999999999999,0.66
ergAQRseoP8e2yduE,6b12b9e7e6c57202e66916183c5a128a84d266713a2007acdc9a80a7f4b2ad5b,10,0,2,1539096488775,Politics,0,0.45
BCD9AeqexEAgP2wQ4,6b12b9e7e6c57202e66916183c5a128a84d266713a2007acdc9a80a7f4b2ad5b,11,0,2,1539096488775,Politics,0,0.48
Mn33wFmFfhD6R6JAJ,6b12b9e7e6c57202e66916183c5a128a84d266713a2007acdc9a80a7f4b2ad5b,12,0,2,1539096488775,Politics,0,0.48
CQQFbzLZyWuN2q7wc,6b12b9e7e6c57202e66916183c5a128a84d266713a2007acdc9a80a7f4b2ad5b,13,0,2,1539096694564,Entertainment,0,0.41
nST7zcfyn79DzNKpd,6b12b9e7e6c57202e66916183c5a128a84d266713a2007acdc9a80a7f4b2ad5b,14,1,2,1539096694568,Entertainment,0,0.685
fM9TbrtXcQ6bFoWaT,6b12b9e7e6c57202e66916183c5a128a84d266713a2007acdc9a80a7f4b2ad5b,15,0,2,1539096694568,Entertainment,0,0.415
9sngtouCeEmZ4sGCD,6b12b9e7e6c57202e66916183c5a128a84d266713a2007acdc9a80a7f4b2ad5b,16,0.93,2,1539096694569,Entertainment,0.009799999999999986,0.585
hK5R8TJ9wuqWL9y6W,6b12b9e7e6c57202e66916183c5a128a84d266713a2007acdc9a80a7f4b2ad5b,17,0.06,2,1539096694570,Entertainment,0.0072,0.415
WrHPhpgY4ho3TZBej,6b12b9e7e6c57202e66916183c5a128a84d266713a2007acdc9a80a7f4b2ad5b,18,0.06,2,1539096694570,Entertainment,0.0072,0.395
xqQgNzmYnXfyaeiNz,db47b12041d552455590271a5bea50ec7d9f8f6908b1b93aefde3a96f3ad7aa5,1,0.61,2,1539097478642,Sports,0.3042,0.51
LHsaTyse3miA6yQjZ,db47b12041d552455590271a5bea50ec7d9f8f6908b1b93aefde3a96f3ad7aa5,2,0.64,2,1539097478645,Sports,0.8192,0.54
gXRqFQ7jbZE5mx4t9,db47b12041d552455590271a5bea50ec7d9f8f6908b1b93aefde3a96f3ad7aa5,3,0.61,2,1539097478648,Sports,0.7442,0.425
9oXSBYWTRdR3Eq3Wg,db47b12041d552455590271a5bea50ec7d9f8f6908b1b93aefde3a96f3ad7aa5,4,0.58,2,1539097478650,Sports,0.35280000000000006,0.565
Tv4QheDoW5fRYfszw,db47b12041d552455590271a5bea50ec7d9f8f6908b1b93aefde3a96f3ad7aa5,5,0.61,2,1539097478652,Sports,0.7442,0.455
MNxY9P4FcW6Pe8LsH,db47b12041d552455590271a5bea50ec7d9f8f6908b1b93aefde3a96f3ad7aa5,6,0.59,2,1539097478654,Sports,0.6961999999999999,0.52
59cgRJDf5RGzZArED,db47b12041d552455590271a5bea50ec7d9f8f6908b1b93aefde3a96f3ad7aa5,7,0.59,2,1539097509450,Politics,0.6961999999999999,0.63
q7fgTTDoAfkvnkf4k,db47b12041d552455590271a5bea50ec7d9f8f6908b1b93aefde3a96f3ad7aa5,8,0.55,2,1539097509456,Politics,0.4049999999999999,0.585
8XsAcKGECRDyYdx7C,db47b12041d552455590271a5bea50ec7d9f8f6908b1b93aefde3a96f3ad7aa5,9,0.49,2,1539097509460,Politics,0.48019999999999996,0.545
cQ2Cxpsj9a8QNCnMw,db47b12041d552455590271a5bea50ec7d9f8f6908b1b93aefde3a96f3ad7aa5,10,0.26,2,1539097509463,Politics,0.13520000000000001,0.385
HCoukNvqBWsa8LrzE,db47b12041d552455590271a5bea50ec7d9f8f6908b1b93aefde3a96f3ad7aa5,11,0.48,2,1539097509466,Politics,0.4608,0.445
Yzwti6Shn7hDWCe3t,db47b12041d552455590271a5bea50ec7d9f8f6908b1b93aefde3a96f3ad7aa5,12,0.23,2,1539097509468,Politics,0.1058,0.375
TQgQcfxGp6bqLwvrB,db47b12041d552455590271a5bea50ec7d9f8f6908b1b93aefde3a96f3ad7aa5,13,0.45,2,1539097538504,Entertainment,0.405,0.585
wSvH8KhMrbM93Tu9b,db47b12041d552455590271a5bea50ec7d9f8f6908b1b93aefde3a96f3ad7aa5,14,0.14,2,1539097538506,Entertainment,1.4791999999999998,0.185
2tCmyBtuKMJkc7rZw,db47b12041d552455590271a5bea50ec7d9f8f6908b1b93aefde3a96f3ad7aa5,15,0.39,2,1539097538507,Entertainment,0.3042,0.595
KsTfSTrnn5JP2hdmJ,db47b12041d552455590271a5bea50ec7d9f8f6908b1b93aefde3a96f3ad7aa5,16,0.41,2,1539097538509,Entertainment,0.6962000000000002,0.53
5wTfQquqEjCFMNT3J,db47b12041d552455590271a5bea50ec7d9f8f6908b1b93aefde3a96f3ad7aa5,17,0.48,2,1539097538511,Entertainment,0.4608,0.49
EvFBA9NYeMB8sxmCF,db47b12041d552455590271a5bea50ec7d9f8f6908b1b93aefde3a96f3ad7aa5,18,0.36,2,1539097538516,Entertainment,0.2592,0.595
8Hdc7ZNPxuBBbePRq,76dbb34a07a2b301b1aceda3b78a5182a1dac388198fb856a7aa7096c3b35e21,1,0.35,2,1539098029183,Sports,0.8450000000000001,0.685
TMDkiba8L2SYiMYKA,76dbb34a07a2b301b1aceda3b78a5182a1dac388198fb856a7aa7096c3b35e21,2,0.91,2,1539098029185,Sports,1.6562000000000001,0.635
crH63Ti7FxZpF9C3N,76dbb34a07a2b301b1aceda3b78a5182a1dac388198fb856a7aa7096c3b35e21,3,0.25,2,1539098029186,Sports,0.125,0.56
PuDoiNLypSv2eEPvT,76dbb34a07a2b301b1aceda3b78a5182a1dac388198fb856a7aa7096c3b35e21,4,0.85,2,1539098029187,Sports,0.04500000000000001,0.685
ADzQfkKFDimukWhGx,76dbb34a07a2b301b1aceda3b78a5182a1dac388198fb856a7aa7096c3b35e21,5,0.55,2,1539098029188,Sports,0.6050000000000001,0.605
eXtXzGLFSXpSGNviY,76dbb34a07a2b301b1aceda3b78a5182a1dac388198fb856a7aa7096c3b35e21,6,0.36,2,1539098029189,Sports,0.2592,0.675
7tdzBP6x3jFcEeLZm,76dbb34a07a2b301b1aceda3b78a5182a1dac388198fb856a7aa7096c3b35e21,7,0.81,2,1539098045569,Politics,1.3122000000000003,0.6
iCyxNiMCiq548zLYB,76dbb34a07a2b301b1aceda3b78a5182a1dac388198fb856a7aa7096c3b35e21,8,0.74,2,1539098045570,Politics,0.13520000000000001,0.585
cNnHhByvRd3yb9b2M,76dbb34a07a2b301b1aceda3b78a5182a1dac388198fb856a7aa7096c3b35e21,9,0.08,2,1539098045570,Politics,0.0128,0.27
wKZeRCkEP2s2kwnQk,76dbb34a07a2b301b1aceda3b78a5182a1dac388198fb856a7aa7096c3b35e21,10,0.14,2,1539098045571,Politics,0.039200000000000006,0.62
naT8P7QkhnTecorox,76dbb34a07a2b301b1aceda3b78a5182a1dac388198fb856a7aa7096c3b35e21,11,0.19,2,1539098045572,Politics,0.0722,0.57
TNE7iSNq2T8c9HjSQ,76dbb34a07a2b301b1aceda3b78a5182a1dac388198fb856a7aa7096c3b35e21,12,0.14,2,1539098045572,Politics,0.039200000000000006,0.605
JsCDyWR7xR3XBdE6m,76dbb34a07a2b301b1aceda3b78a5182a1dac388198fb856a7aa7096c3b35e21,13,0.29,2,1539098062601,Entertainment,0.1682,0.385
fHigWQKEmgML3jy4J,76dbb34a07a2b301b1aceda3b78a5182a1dac388198fb856a7aa7096c3b35e21,14,0.95,2,1539098062602,Entertainment,0.005000000000000009,0.615
EDZMFQTTFkbmKb5mP,76dbb34a07a2b301b1aceda3b78a5182a1dac388198fb856a7aa7096c3b35e21,15,0.23,2,1539098062602,Entertainment,0.1058,0.44
CiQLSzjWPJKXucPqH,76dbb34a07a2b301b1aceda3b78a5182a1dac388198fb856a7aa7096c3b35e21,16,0.39,2,1539098062604,Entertainment,0.7442,0.69
qxwbGjZLZCj5DS2E8,76dbb34a07a2b301b1aceda3b78a5182a1dac388198fb856a7aa7096c3b35e21,17,0.09,2,1539098062605,Entertainment,0.0162,0.295
JTDWYrD9aHizWLk2N,76dbb34a07a2b301b1aceda3b78a5182a1dac388198fb856a7aa7096c3b35e21,18,0.61,2,1539098062605,Entertainment,0.7442,0.575
dDyaLLiBhCJFyZNuL,be8a7a9e733bff9ad6637fb41eb68c7793a092fd94a17962eeca84a86be4335f,1,0.5,2,1539099863987,Sports,0.5,0.56
GmgSg74rEYKdDhWad,be8a7a9e733bff9ad6637fb41eb68c7793a092fd94a17962eeca84a86be4335f,2,0.5,2,1539099863995,Sports,0.5,0.575
uwAuxJFvYqgzRjAr7,be8a7a9e733bff9ad6637fb41eb68c7793a092fd94a17962eeca84a86be4335f,3,0.74,2,1539099863998,Sports,1.0952,0.43
EFQe2TMpS6JvpT7uh,be8a7a9e733bff9ad6637fb41eb68c7793a092fd94a17962eeca84a86be4335f,4,0.13,2,1539099864e3,Sports,1.5138,0.205
sT5wcwwtQF2P8JmLz,be8a7a9e733bff9ad6637fb41eb68c7793a092fd94a17962eeca84a86be4335f,5,0.49,2,1539099864002,Sports,0.48019999999999996,0.575
yRYmDkhdXrSKcRMtL,be8a7a9e733bff9ad6637fb41eb68c7793a092fd94a17962eeca84a86be4335f,6,0.44,2,1539099864003,Sports,0.3872,0.545
udpM2KaaTJx4yynfH,be8a7a9e733bff9ad6637fb41eb68c7793a092fd94a17962eeca84a86be4335f,7,0.5,2,1539099889734,Politics,0.5,0.625
qDaBsLwvzTnbTbeXn,be8a7a9e733bff9ad6637fb41eb68c7793a092fd94a17962eeca84a86be4335f,8,0.56,2,1539099889736,Politics,0.38719999999999993,0.575
rQdSFi3jHuPQoFoBb,be8a7a9e733bff9ad6637fb41eb68c7793a092fd94a17962eeca84a86be4335f,9,0.77,2,1539099889737,Politics,1.1858,0.485
4cHjWuJqb2uaeSbEW,be8a7a9e733bff9ad6637fb41eb68c7793a092fd94a17962eeca84a86be4335f,10,0.67,2,1539099889738,Politics,0.8978000000000002,0.405
XX9RbBLyY5n2gCtKL,be8a7a9e733bff9ad6637fb41eb68c7793a092fd94a17962eeca84a86be4335f,11,0.41,2,1539099889739,Politics,0.33619999999999994,0.435
5Yrgqv3Cu66iCCFoC,be8a7a9e733bff9ad6637fb41eb68c7793a092fd94a17962eeca84a86be4335f,12,0.17,2,1539099889743,Politics,0.05780000000000001,0.555
bWS3TAYrAWTpCxYki,9b3e0ec3811253fd7001180d437a0403a0b48b1426dd86f5475fc3984875768c,1,0.9,2,1539099937689,Sports,0.01999999999999999,0.615
2QJ3q5Ms9Ck5H9DsT,9b3e0ec3811253fd7001180d437a0403a0b48b1426dd86f5475fc3984875768c,2,0.01,2,1539099937691,Sports,2e-4,0.245
yXqTh3C9WxfbLhN82,9b3e0ec3811253fd7001180d437a0403a0b48b1426dd86f5475fc3984875768c,3,0.92,2,1539099937692,Sports,1.6928,0.585
ybS9La6iej7RhMsid,9b3e0ec3811253fd7001180d437a0403a0b48b1426dd86f5475fc3984875768c,4,0.8,2,1539099937693,Sports,0.07999999999999996,0.72
jouzt2hA6aETxrXBW,9b3e0ec3811253fd7001180d437a0403a0b48b1426dd86f5475fc3984875768c,5,0.13,2,1539099937693,Sports,0.033800000000000004,0.46
HnttAuN829m6vFfop,9b3e0ec3811253fd7001180d437a0403a0b48b1426dd86f5475fc3984875768c,6,0.81,2,1539099937693,Sports,1.3122000000000003,0.63
pye7W54PZmFNQZmTZ,be8a7a9e733bff9ad6637fb41eb68c7793a092fd94a17962eeca84a86be4335f,13,0.68,2,1539099944508,Entertainment,0.9248000000000002,0.48
r9Qxbsybqk3f8rzyC,be8a7a9e733bff9ad6637fb41eb68c7793a092fd94a17962eeca84a86be4335f,14,0.42,2,1539099944509,Entertainment,0.6728000000000002,0.555
CCDywceGo6H5Dchgs,be8a7a9e733bff9ad6637fb41eb68c7793a092fd94a17962eeca84a86be4335f,15,0.5,2,1539099944509,Entertainment,0.5,0.575
z5vokNobP5NpeH7c6,be8a7a9e733bff9ad6637fb41eb68c7793a092fd94a17962eeca84a86be4335f,16,0.73,2,1539099944511,Entertainment,0.1458,0.485
s9qBt7j4Kg2QFyF7z,be8a7a9e733bff9ad6637fb41eb68c7793a092fd94a17962eeca84a86be4335f,17,0.53,2,1539099944512,Entertainment,0.5618000000000001,0.5
E77ttxve4kwdQCkyj,be8a7a9e733bff9ad6637fb41eb68c7793a092fd94a17962eeca84a86be4335f,18,0.55,2,1539099944512,Entertainment,0.6050000000000001,0.56
wpFM7HEsg9Qqsm5oM,9b3e0ec3811253fd7001180d437a0403a0b48b1426dd86f5475fc3984875768c,7,1,2,1539099950910,Politics,2,0.71
QzggBjprX7Cxvk7ny,9b3e0ec3811253fd7001180d437a0403a0b48b1426dd86f5475fc3984875768c,8,0.02,2,1539099950912,Politics,1.9207999999999998,0.315
Az8bSZRfJp3qmbCrP,9b3e0ec3811253fd7001180d437a0403a0b48b1426dd86f5475fc3984875768c,9,0.13,2,1539099950915,Politics,0.033800000000000004,0.445
ssk3FooP6Sep9AJdQ,9b3e0ec3811253fd7001180d437a0403a0b48b1426dd86f5475fc3984875768c,10,0.89,2,1539099950916,Politics,1.5842,0.485
xdwCFFLb4RykNMPra,9b3e0ec3811253fd7001180d437a0403a0b48b1426dd86f5475fc3984875768c,11,0.04,2,1539099950918,Politics,0.0032,0.435
GcSQubszPu26NKRv4,9b3e0ec3811253fd7001180d437a0403a0b48b1426dd86f5475fc3984875768c,12,0.06,2,1539099950919,Politics,0.0072,0.465
8FygWsLLbtefoPbeX,9b3e0ec3811253fd7001180d437a0403a0b48b1426dd86f5475fc3984875768c,13,0.97,2,1539099976212,Entertainment,1.8818,0.64
AWuFzteQ5SK5Xs2np,9b3e0ec3811253fd7001180d437a0403a0b48b1426dd86f5475fc3984875768c,14,0.9,2,1539099976214,Entertainment,0.01999999999999999,0.655
zxMG3KETvwvThh3fz,9b3e0ec3811253fd7001180d437a0403a0b48b1426dd86f5475fc3984875768c,15,0.01,2,1539099976215,Entertainment,2e-4,0.33
tx3kFAuC7CGSb3vyb,9b3e0ec3811253fd7001180d437a0403a0b48b1426dd86f5475fc3984875768c,16,0.01,2,1539099976215,Entertainment,1.9602,0.325
BsJ9f9MG6iaZRvQei,9b3e0ec3811253fd7001180d437a0403a0b48b1426dd86f5475fc3984875768c,17,0.93,2,1539099976216,Entertainment,1.7298000000000002,0.585
H9WvynfKNYgaAFqRA,9b3e0ec3811253fd7001180d437a0403a0b48b1426dd86f5475fc3984875768c,18,0.93,2,1539099976217,Entertainment,1.7298000000000002,0.595
Z8PEogLamowWokqzM,de2bd5ad7efc0919bcd0bcb4a51d0d53706bee7c0db8c1aac4272dd08cb8a488,1,0.66,2,1539100110772,Sports,0.23119999999999996,0.54
2AFTvBPFiXYJvs6ox,de2bd5ad7efc0919bcd0bcb4a51d0d53706bee7c0db8c1aac4272dd08cb8a488,2,0.82,2,1539100110776,Sports,1.3447999999999998,0.51
ijfeiAKPjp3jtuAZX,de2bd5ad7efc0919bcd0bcb4a51d0d53706bee7c0db8c1aac4272dd08cb8a488,3,0.39,2,1539100110778,Sports,0.3042,0.51
Lr6pueDM2ANk3qrpP,de2bd5ad7efc0919bcd0bcb4a51d0d53706bee7c0db8c1aac4272dd08cb8a488,4,0.65,2,1539100110780,Sports,0.24499999999999997,0.6
HauognWXBgy33xcye,de2bd5ad7efc0919bcd0bcb4a51d0d53706bee7c0db8c1aac4272dd08cb8a488,5,0.74,2,1539100110781,Sports,1.0952,0.44
22RR5GwDK5gRubhZG,de2bd5ad7efc0919bcd0bcb4a51d0d53706bee7c0db8c1aac4272dd08cb8a488,6,0.77,2,1539100110784,Sports,1.1858,0.48
NdMcA3AR3jrM2m6Kc,de2bd5ad7efc0919bcd0bcb4a51d0d53706bee7c0db8c1aac4272dd08cb8a488,7,0.47,2,1539100126686,Politics,0.44179999999999997,0.6
j7fDQLEziZRGM63A2,de2bd5ad7efc0919bcd0bcb4a51d0d53706bee7c0db8c1aac4272dd08cb8a488,8,0.62,2,1539100126688,Politics,0.2888,0.56
6EmSPzaHHvSLhZZ7i,de2bd5ad7efc0919bcd0bcb4a51d0d53706bee7c0db8c1aac4272dd08cb8a488,9,0.44,2,1539100126691,Politics,0.3872,0.525
dYb234yausE2WMwSx,de2bd5ad7efc0919bcd0bcb4a51d0d53706bee7c0db8c1aac4272dd08cb8a488,10,0.64,2,1539100126692,Politics,0.8192,0.35
CTvRRqeK2wzRnhkME,de2bd5ad7efc0919bcd0bcb4a51d0d53706bee7c0db8c1aac4272dd08cb8a488,11,0.4,2,1539100126696,Politics,0.32000000000000006,0.45
Rvx6pQFJZYkHFf3f6,de2bd5ad7efc0919bcd0bcb4a51d0d53706bee7c0db8c1aac4272dd08cb8a488,12,0.4,2,1539100126697,Politics,0.32000000000000006,0.4
ExG3DLmjzruEy2wWK,de2bd5ad7efc0919bcd0bcb4a51d0d53706bee7c0db8c1aac4272dd08cb8a488,13,0.73,2,1539100139627,Entertainment,1.0657999999999999,0.515
ETgqrnxETvLvAFiYr,de2bd5ad7efc0919bcd0bcb4a51d0d53706bee7c0db8c1aac4272dd08cb8a488,14,0.6,2,1539100139634,Entertainment,0.32000000000000006,0.495
nurMvRfrGE2n34w53,de2bd5ad7efc0919bcd0bcb4a51d0d53706bee7c0db8c1aac4272dd08cb8a488,15,0.42,2,1539100139639,Entertainment,0.35279999999999995,0.52
kf8qBRC3WkiK7Be9f,de2bd5ad7efc0919bcd0bcb4a51d0d53706bee7c0db8c1aac4272dd08cb8a488,16,0.4,2,1539100139641,Entertainment,0.72,0.565
A7JqXKNoYXS4Qb9hz,de2bd5ad7efc0919bcd0bcb4a51d0d53706bee7c0db8c1aac4272dd08cb8a488,17,0.36,2,1539100139643,Entertainment,0.2592,0.57
4D45LvzuRjygyzHQK,de2bd5ad7efc0919bcd0bcb4a51d0d53706bee7c0db8c1aac4272dd08cb8a488,18,0.57,2,1539100139645,Entertainment,0.6497999999999999,0.475
t4AjYddAvwWQFWh97,175ce2337586013b413a4166b362798bc93e486d951eff1b3ca53a78fbef624f,1,0.75,2,1539101031652,Sports,0.125,0.485
GGuDRbrdBkcsRJzeM,175ce2337586013b413a4166b362798bc93e486d951eff1b3ca53a78fbef624f,2,0.76,2,1539101031652,Sports,1.1552,0.555
rs9krmsvnkqsx4N8J,175ce2337586013b413a4166b362798bc93e486d951eff1b3ca53a78fbef624f,3,0.76,2,1539101031653,Sports,1.1552,0.36
mBgZiDPamR7NWAD28,175ce2337586013b413a4166b362798bc93e486d951eff1b3ca53a78fbef624f,4,0.41,2,1539101031653,Sports,0.6962000000000002,0.6
WzCwcLuDBDG3XEtjj,175ce2337586013b413a4166b362798bc93e486d951eff1b3ca53a78fbef624f,5,0.42,2,1539101031654,Sports,0.35279999999999995,0.51
hTdMEnEJMcyt58GD5,175ce2337586013b413a4166b362798bc93e486d951eff1b3ca53a78fbef624f,6,0.5,2,1539101031655,Sports,0.5,0.57
5KcptD3mAKwW5952P,175ce2337586013b413a4166b362798bc93e486d951eff1b3ca53a78fbef624f,7,0.7,2,1539101072291,Politics,0.9799999999999999,0.615
cdn2tQFj7g8eueiqq,175ce2337586013b413a4166b362798bc93e486d951eff1b3ca53a78fbef624f,8,0.4,2,1539101072291,Politics,0.72,0.61
3uhrStAzedw84qkQo,175ce2337586013b413a4166b362798bc93e486d951eff1b3ca53a78fbef624f,9,0.65,2,1539101072292,Politics,0.8450000000000001,0.48
DyxpsfrHmuXtMFoyF,175ce2337586013b413a4166b362798bc93e486d951eff1b3ca53a78fbef624f,10,0.75,2,1539101072292,Politics,1.125,0.35
aMggheBcW5bjgx8G4,175ce2337586013b413a4166b362798bc93e486d951eff1b3ca53a78fbef624f,11,0.69,2,1539101072292,Politics,0.9521999999999998,0.43
MnhawfXpcABbjFdNg,175ce2337586013b413a4166b362798bc93e486d951eff1b3ca53a78fbef624f,12,0.7,2,1539101072292,Politics,0.9799999999999999,0.295
xvnN54b3NKy6FfiRB,6f75ad69f057159961f4d43127ab913058204e8777471928399fd41a3a1a999f,1,0.23,2,1539101098439,Sports,1.1858,0.475
JRGDiKzPCq3Njczgn,6f75ad69f057159961f4d43127ab913058204e8777471928399fd41a3a1a999f,2,0.54,2,1539101098443,Sports,0.5832,0.775
u8zS3XEXrCd28SBZQ,6f75ad69f057159961f4d43127ab913058204e8777471928399fd41a3a1a999f,3,0.12,2,1539101098445,Sports,0.0288,0.525
FRRSDSQxq5egLPjBQ,6f75ad69f057159961f4d43127ab913058204e8777471928399fd41a3a1a999f,4,0.68,2,1539101098446,Sports,0.20479999999999993,0.745
CEoYaXKP4ZssudncN,6f75ad69f057159961f4d43127ab913058204e8777471928399fd41a3a1a999f,5,0.55,2,1539101098447,Sports,0.6050000000000001,0.67
ANFHtxRhQpQwwNmSD,6f75ad69f057159961f4d43127ab913058204e8777471928399fd41a3a1a999f,6,0.21,2,1539101098448,Sports,0.08819999999999999,0.54
ZXFadGyRsXiS6QDqN,6f75ad69f057159961f4d43127ab913058204e8777471928399fd41a3a1a999f,7,0.63,2,1539101106514,Politics,0.7938000000000001,0.75
L6Masf82TLSBr6q4Y,6f75ad69f057159961f4d43127ab913058204e8777471928399fd41a3a1a999f,8,0.23,2,1539101106516,Politics,1.1858,0.475
LBadG8gQrRiaFwYmg,6f75ad69f057159961f4d43127ab913058204e8777471928399fd41a3a1a999f,9,0.03,2,1539101106517,Politics,0.0018,0.34
rCiPZxNNHe2JruE85,6f75ad69f057159961f4d43127ab913058204e8777471928399fd41a3a1a999f,10,0.1,2,1539101106518,Politics,0.020000000000000004,0.555
yKwjaGBhAafwrya6a,6f75ad69f057159961f4d43127ab913058204e8777471928399fd41a3a1a999f,11,0.06,2,1539101106520,Politics,0.0072,0.465
4FEc6ejKhFBkCa685,6f75ad69f057159961f4d43127ab913058204e8777471928399fd41a3a1a999f,12,0.06,2,1539101106521,Politics,0.0072,0.475
J3kpFEiFPXKpoTpQa,6f75ad69f057159961f4d43127ab913058204e8777471928399fd41a3a1a999f,13,0.23,2,1539101112057,Entertainment,0.1058,0.45
rrwWttJiuzvhyJsZD,6f75ad69f057159961f4d43127ab913058204e8777471928399fd41a3a1a999f,14,0.16,2,1539101112059,Entertainment,1.4111999999999998,0.33
DdGhQbHspBNoKZ2au,6f75ad69f057159961f4d43127ab913058204e8777471928399fd41a3a1a999f,15,0.05,2,1539101112062,Entertainment,0.005000000000000001,0.33
phZSNJ4FhWuBRzJan,6f75ad69f057159961f4d43127ab913058204e8777471928399fd41a3a1a999f,16,0.33,2,1539101112062,Entertainment,0.8977999999999998,0.77
sbfFt7QNqRBz5pJ9M,6f75ad69f057159961f4d43127ab913058204e8777471928399fd41a3a1a999f,17,0.13,2,1539101112063,Entertainment,0.033800000000000004,0.515
5vkSezZ7LQKJEWfmo,6f75ad69f057159961f4d43127ab913058204e8777471928399fd41a3a1a999f,18,0.09,2,1539101112064,Entertainment,0.0162,0.36
64L3t8ZMW9xHtPiRr,175ce2337586013b413a4166b362798bc93e486d951eff1b3ca53a78fbef624f,13,0.7,2,1539101122218,Entertainment,0.9799999999999999,0.53
M3rX9Sy2HNjvHxSaB,175ce2337586013b413a4166b362798bc93e486d951eff1b3ca53a78fbef624f,14,0.49,2,1539101122219,Entertainment,0.5202,0.585
bWYKBopTJS3aZebM8,175ce2337586013b413a4166b362798bc93e486d951eff1b3ca53a78fbef624f,15,0.7,2,1539101122219,Entertainment,0.9799999999999999,0.49
xwehA8mZuEBAFdcGh,175ce2337586013b413a4166b362798bc93e486d951eff1b3ca53a78fbef624f,16,0.4,2,1539101122220,Entertainment,0.72,0.525
pwKWTNMtakdeHi4fE,175ce2337586013b413a4166b362798bc93e486d951eff1b3ca53a78fbef624f,17,0.68,2,1539101122220,Entertainment,0.9248000000000002,0.485
8g9pA2aFPZ2gYYQrn,175ce2337586013b413a4166b362798bc93e486d951eff1b3ca53a78fbef624f,18,0.65,2,1539101122221,Entertainment,0.8450000000000001,0.45
rpnPWYQvKb8AGYr96,06be6bcee32c323f60f880beff9dbc8c8a0b49259f7e0443a228ef180191a3d2,1,0.3,2,1539102912821,Sports,0.9799999999999999,0.65
ydDcZENgaFhSwqZaf,06be6bcee32c323f60f880beff9dbc8c8a0b49259f7e0443a228ef180191a3d2,2,0.75,2,1539102912822,Sports,1.125,0.61
DYP7sqF7n6g5opyeX,06be6bcee32c323f60f880beff9dbc8c8a0b49259f7e0443a228ef180191a3d2,3,0.3,2,1539102912823,Sports,0.18,0.61
QJ95QP4sFoXbrA2Tr,06be6bcee32c323f60f880beff9dbc8c8a0b49259f7e0443a228ef180191a3d2,4,0.65,2,1539102912823,Sports,0.24499999999999997,0.585
MER59gEQ7Hbg7qeTP,06be6bcee32c323f60f880beff9dbc8c8a0b49259f7e0443a228ef180191a3d2,5,0.3,2,1539102912824,Sports,0.18,0.585
eKtc9ZhXYKKSesCrs,06be6bcee32c323f60f880beff9dbc8c8a0b49259f7e0443a228ef180191a3d2,6,0.3,2,1539102912825,Sports,0.18,0.615
EbDBFbhvX9aSX5rDX,06be6bcee32c323f60f880beff9dbc8c8a0b49259f7e0443a228ef180191a3d2,7,0.8,2,1539102985721,Politics,1.2800000000000002,0.575
XuugT5wh6nT9xE5oh,06be6bcee32c323f60f880beff9dbc8c8a0b49259f7e0443a228ef180191a3d2,8,0.8,2,1539102985721,Politics,0.07999999999999996,0.605
hdFBAhXEnEaZ3RK8a,06be6bcee32c323f60f880beff9dbc8c8a0b49259f7e0443a228ef180191a3d2,9,0.5,2,1539102985721,Politics,0.5,0.565
prLQqE75yJY5otKcc,06be6bcee32c323f60f880beff9dbc8c8a0b49259f7e0443a228ef180191a3d2,10,0.25,2,1539102985722,Politics,0.125,0.365
j7eHRFymncoJZkRAz,06be6bcee32c323f60f880beff9dbc8c8a0b49259f7e0443a228ef180191a3d2,11,0.25,2,1539102985722,Politics,0.125,0.44
TL5cWQzxnHkrQyd2T,06be6bcee32c323f60f880beff9dbc8c8a0b49259f7e0443a228ef180191a3d2,12,0.25,2,1539102985722,Politics,0.125,0.4
auCLPZvzkcDWZ9G6q,06be6bcee32c323f60f880beff9dbc8c8a0b49259f7e0443a228ef180191a3d2,13,0.85,2,1539103017783,Entertainment,1.4449999999999998,0.53
oShy7yCruDugewTBb,06be6bcee32c323f60f880beff9dbc8c8a0b49259f7e0443a228ef180191a3d2,14,0.85,2,1539103017784,Entertainment,0.04500000000000001,0.615
Bsp85pYqRncqdxRxv,06be6bcee32c323f60f880beff9dbc8c8a0b49259f7e0443a228ef180191a3d2,15,0.85,2,1539103017785,Entertainment,1.4449999999999998,0.49
kT2rybAdpzZibu42d,06be6bcee32c323f60f880beff9dbc8c8a0b49259f7e0443a228ef180191a3d2,16,0.25,2,1539103017785,Entertainment,1.125,0.365
48zz4kQTzuzAJdwfy,06be6bcee32c323f60f880beff9dbc8c8a0b49259f7e0443a228ef180191a3d2,17,1,2,1539103017785,Entertainment,2,0.49
4urP6YEvWnouHpBNo,06be6bcee32c323f60f880beff9dbc8c8a0b49259f7e0443a228ef180191a3d2,18,0.81,2,1539103017786,Entertainment,1.3122000000000003,0.445
xhjBcRD7sksHdzzpb,44bb137799a5e3fcf02bf985a5e122e366ff1f83b428486a270f0d918e2c9a3a,1,0.83,2,1539104695333,Sports,0.057800000000000025,0.535
Eg9eu75KA937EjweW,44bb137799a5e3fcf02bf985a5e122e366ff1f83b428486a270f0d918e2c9a3a,2,0.76,2,1539104695333,Sports,1.1552,0.615
FFTaBC8rsoySo4ZJz,44bb137799a5e3fcf02bf985a5e122e366ff1f83b428486a270f0d918e2c9a3a,3,0.71,2,1539104695333,Sports,1.0082,0.49
AzZ2tLcA3jgM363b4,44bb137799a5e3fcf02bf985a5e122e366ff1f83b428486a270f0d918e2c9a3a,4,0.65,2,1539104695334,Sports,0.24499999999999997,0.655
LzFELBz4TPMLoN2sz,44bb137799a5e3fcf02bf985a5e122e366ff1f83b428486a270f0d918e2c9a3a,5,0.22,2,1539104695334,Sports,0.0968,0.5
TF8PsPnix4n86FmvF,44bb137799a5e3fcf02bf985a5e122e366ff1f83b428486a270f0d918e2c9a3a,6,0.15,2,1539104695334,Sports,0.045,0.38
XBK8D49DQu5D4i9Pq,44bb137799a5e3fcf02bf985a5e122e366ff1f83b428486a270f0d918e2c9a3a,7,0.63,2,1539104713756,Politics,0.7938000000000001,0.6
YB5AKHstQHffKRGRC,44bb137799a5e3fcf02bf985a5e122e366ff1f83b428486a270f0d918e2c9a3a,8,0.31,2,1539104713757,Politics,0.9521999999999998,0.675
fejJC7js6NffRpwog,44bb137799a5e3fcf02bf985a5e122e366ff1f83b428486a270f0d918e2c9a3a,9,0.64,2,1539104713757,Politics,0.8192,0.585
SSSXesz3d8oqfopJY,44bb137799a5e3fcf02bf985a5e122e366ff1f83b428486a270f0d918e2c9a3a,10,0.2,2,1539104713757,Politics,0.08000000000000002,0.46
rL6NHcKBtxYqbnA6G,44bb137799a5e3fcf02bf985a5e122e366ff1f83b428486a270f0d918e2c9a3a,11,0.11,2,1539104713758,Politics,0.0242,0.47
BzPDtvKQjANmcNj9s,44bb137799a5e3fcf02bf985a5e122e366ff1f83b428486a270f0d918e2c9a3a,12,0.2,2,1539104713758,Politics,0.08000000000000002,0.42
oi52cejfYCNGuENhT,44bb137799a5e3fcf02bf985a5e122e366ff1f83b428486a270f0d918e2c9a3a,13,0.79,2,1539104728232,Entertainment,1.2482000000000002,0.55
ufaDA98JoMRfzaQA3,44bb137799a5e3fcf02bf985a5e122e366ff1f83b428486a270f0d918e2c9a3a,14,0.96,2,1539104728232,Entertainment,0.003200000000000006,0.58
WEMAqcpgtfzdykiQB,44bb137799a5e3fcf02bf985a5e122e366ff1f83b428486a270f0d918e2c9a3a,15,0.55,2,1539104728232,Entertainment,0.6050000000000001,0.555
bTL4g9XaZsQK9Ze5v,44bb137799a5e3fcf02bf985a5e122e366ff1f83b428486a270f0d918e2c9a3a,16,0.77,2,1539104728232,Entertainment,0.10579999999999998,0.595
F6YFu8emHT4Hn6uSm,44bb137799a5e3fcf02bf985a5e122e366ff1f83b428486a270f0d918e2c9a3a,17,0.78,2,1539104728233,Entertainment,1.2168,0.525
TA9Wd8CiJfN7n2TZS,44bb137799a5e3fcf02bf985a5e122e366ff1f83b428486a270f0d918e2c9a3a,18,0.79,2,1539104728233,Entertainment,1.2482000000000002,0.465
K8ae5dsubGzuJEPdp,4c93553cb5b0e53cea4114fb2523b31e4c1d8b87f125eab3b61c0d9bd1b45102,1,0.6,2,1539104741688,Sports,0.32000000000000006,0.61
Td8favuZZGdBZWxBH,4c93553cb5b0e53cea4114fb2523b31e4c1d8b87f125eab3b61c0d9bd1b45102,2,0.65,2,1539104741689,Sports,0.8450000000000001,0.6
enRijMBj5WWbxvLTA,4c93553cb5b0e53cea4114fb2523b31e4c1d8b87f125eab3b61c0d9bd1b45102,3,0.1,2,1539104741689,Sports,0.020000000000000004,0.46
Ef7mtyXLYvC8owwNA,4c93553cb5b0e53cea4114fb2523b31e4c1d8b87f125eab3b61c0d9bd1b45102,4,0.57,2,1539104741690,Sports,0.3698000000000001,0.635
WWgjzMnxpynXAnydr,4c93553cb5b0e53cea4114fb2523b31e4c1d8b87f125eab3b61c0d9bd1b45102,5,0.2,2,1539104741691,Sports,0.08000000000000002,0.45
D26zkxPZirGZK3d7c,4c93553cb5b0e53cea4114fb2523b31e4c1d8b87f125eab3b61c0d9bd1b45102,6,0.32,2,1539104741691,Sports,0.2048,0.62
mrDnrToYYzKxzzhbm,4c93553cb5b0e53cea4114fb2523b31e4c1d8b87f125eab3b61c0d9bd1b45102,7,0.9,2,1539104770338,Politics,1.62,0.62
rY4hTnAdCGDxgkXZR,4c93553cb5b0e53cea4114fb2523b31e4c1d8b87f125eab3b61c0d9bd1b45102,8,0.73,2,1539104770338,Politics,0.1458,0.595
oMyaRwLTqH48tMzGu,4c93553cb5b0e53cea4114fb2523b31e4c1d8b87f125eab3b61c0d9bd1b45102,9,0.57,2,1539104770338,Politics,0.6497999999999999,0.63
CHuWtrHKvc9R3eHTg,4c93553cb5b0e53cea4114fb2523b31e4c1d8b87f125eab3b61c0d9bd1b45102,10,0.1,2,1539104770340,Politics,0.020000000000000004,0.53
SyxtN7Tmcu5DeEQE3,4c93553cb5b0e53cea4114fb2523b31e4c1d8b87f125eab3b61c0d9bd1b45102,11,0.41,2,1539104770340,Politics,0.33619999999999994,0.505
cwtywAJDc7og9NBz7,4c93553cb5b0e53cea4114fb2523b31e4c1d8b87f125eab3b61c0d9bd1b45102,12,0.19,2,1539104770340,Politics,0.0722,0.535
KKdmRRMRj4Ccjw4zM,4c93553cb5b0e53cea4114fb2523b31e4c1d8b87f125eab3b61c0d9bd1b45102,13,0.38,2,1539104791769,Entertainment,0.2888,0.615
AoYc3DG5xW72EyTX3,4c93553cb5b0e53cea4114fb2523b31e4c1d8b87f125eab3b61c0d9bd1b45102,14,0.75,2,1539104791770,Entertainment,0.125,0.665
fP5hzftnZuGQPHoyG,4c93553cb5b0e53cea4114fb2523b31e4c1d8b87f125eab3b61c0d9bd1b45102,15,0.23,2,1539104791770,Entertainment,0.1058,0.455
mi3a4a454s2kK3H5H,4c93553cb5b0e53cea4114fb2523b31e4c1d8b87f125eab3b61c0d9bd1b45102,16,0.7,2,1539104791771,Entertainment,0.18000000000000005,0.58
uupnoNWDksCByJEvy,4c93553cb5b0e53cea4114fb2523b31e4c1d8b87f125eab3b61c0d9bd1b45102,17,0.06,2,1539104791771,Entertainment,0.0072,0.295
9JecqXvKxBSL5ATL8,4c93553cb5b0e53cea4114fb2523b31e4c1d8b87f125eab3b61c0d9bd1b45102,18,0.32,2,1539104791772,Entertainment,0.2048,0.59
WXRnHY3GNBHGfPQLC,5e614f88c95a4480ab8c4a60c00df87903a559d8c74c86a1fcd0286e67b87c4b,1,0.61,2,1539105909872,Sports,0.3042,0.655
5aKEvzJRTvfkk9fbK,5e614f88c95a4480ab8c4a60c00df87903a559d8c74c86a1fcd0286e67b87c4b,2,0.58,2,1539105909874,Sports,0.6728,0.68
XK9P8uspbggPNzHS4,5e614f88c95a4480ab8c4a60c00df87903a559d8c74c86a1fcd0286e67b87c4b,3,0.02,2,1539105909875,Sports,8e-4,0.365
5RaztYm2womC69n5w,5e614f88c95a4480ab8c4a60c00df87903a559d8c74c86a1fcd0286e67b87c4b,4,0.64,2,1539105909876,Sports,0.2592,0.65
rffgDi4WHoZd87yTD,5e614f88c95a4480ab8c4a60c00df87903a559d8c74c86a1fcd0286e67b87c4b,5,0.49,2,1539105909877,Sports,0.48019999999999996,0.675
Ca3FuARiSFCg77b7u,5e614f88c95a4480ab8c4a60c00df87903a559d8c74c86a1fcd0286e67b87c4b,6,0.37,2,1539105909878,Sports,0.2738,0.68
abNQiXDApttqesrPf,5e614f88c95a4480ab8c4a60c00df87903a559d8c74c86a1fcd0286e67b87c4b,7,0.74,2,1539105946858,Politics,1.0952,0.66
atrPFohAp4CgXTXFd,5e614f88c95a4480ab8c4a60c00df87903a559d8c74c86a1fcd0286e67b87c4b,8,0.58,2,1539105946865,Politics,0.35280000000000006,0.61
54CrES9h9hL3ZQAe4,5e614f88c95a4480ab8c4a60c00df87903a559d8c74c86a1fcd0286e67b87c4b,9,0.78,2,1539105946868,Politics,1.2168,0.605
6cbsNsRRjHixcJdFt,5e614f88c95a4480ab8c4a60c00df87903a559d8c74c86a1fcd0286e67b87c4b,10,0.1,2,1539105946870,Politics,0.020000000000000004,0.545
ktBTaENY7y6TvZ8Z9,5e614f88c95a4480ab8c4a60c00df87903a559d8c74c86a1fcd0286e67b87c4b,11,0.1,2,1539105946872,Politics,0.020000000000000004,0.55
RR5SjrRWSr5KdEQbG,5e614f88c95a4480ab8c4a60c00df87903a559d8c74c86a1fcd0286e67b87c4b,12,0.1,2,1539105946872,Politics,0.020000000000000004,0.56
a8LAto549tM2YkjCX,5e614f88c95a4480ab8c4a60c00df87903a559d8c74c86a1fcd0286e67b87c4b,13,0.41,2,1539105966441,Entertainment,0.33619999999999994,0.605
owhYpZStf55GAKPtv,5e614f88c95a4480ab8c4a60c00df87903a559d8c74c86a1fcd0286e67b87c4b,14,1,2,1539105966442,Entertainment,0,0.605
yeD6bjG6W2RKre4NS,5e614f88c95a4480ab8c4a60c00df87903a559d8c74c86a1fcd0286e67b87c4b,15,0.1,2,1539105966442,Entertainment,0.020000000000000004,0.375
PZkNSn9w79tPwtMzD,5e614f88c95a4480ab8c4a60c00df87903a559d8c74c86a1fcd0286e67b87c4b,16,0.26,2,1539105966443,Entertainment,1.0952,0.47
saRcjohqxaMyvuMcr,5e614f88c95a4480ab8c4a60c00df87903a559d8c74c86a1fcd0286e67b87c4b,17,1,2,1539105966444,Entertainment,2,0.49
59b9YtZx9XrBQhEbE,5e614f88c95a4480ab8c4a60c00df87903a559d8c74c86a1fcd0286e67b87c4b,18,0.05,2,1539105966449,Entertainment,0.005000000000000001,0.31
wj3CFyAowuPkCBJSG,461637ea1c95d6b45e0ccb3593ee96164fe5da6476f60182638a0a7294070e18,1,0.18,2,1539107157847,Sports,1.3448000000000002,0.375
KbXMgD2KysCLHZD7e,461637ea1c95d6b45e0ccb3593ee96164fe5da6476f60182638a0a7294070e18,2,0.14,2,1539107157849,Sports,0.039200000000000006,0.38
RSD7bX262zY3y5XdQ,461637ea1c95d6b45e0ccb3593ee96164fe5da6476f60182638a0a7294070e18,3,0.18,2,1539107157850,Sports,0.0648,0.57
ygyuEqoAKNpYH8ke9,461637ea1c95d6b45e0ccb3593ee96164fe5da6476f60182638a0a7294070e18,4,0.71,2,1539107157850,Sports,0.16820000000000004,0.725
35CZDQRQQTSHXby93,461637ea1c95d6b45e0ccb3593ee96164fe5da6476f60182638a0a7294070e18,5,0.11,2,1539107157851,Sports,0.0242,0.5
7HNYiWFGuXebW9AGs,461637ea1c95d6b45e0ccb3593ee96164fe5da6476f60182638a0a7294070e18,6,0,2,1539107157851,Sports,0,0.36
iKh2wP93gZaz3KDiK,e4912acef8d20851ad59933d7f08fa6a9025b1e7dc1b2f04bb2135306c4dc69d,1,0.65,3,1538802019436,Sports,0.24499999999999997,0.565
ZXZZCtw5YJRqbr8st,e4912acef8d20851ad59933d7f08fa6a9025b1e7dc1b2f04bb2135306c4dc69d,2,0.44,3,1538802019438,Sports,0.3872,0.58
mtLXw2sKFg2cGnkik,e4912acef8d20851ad59933d7f08fa6a9025b1e7dc1b2f04bb2135306c4dc69d,3,0.39,3,1538802019438,Sports,0.3042,0.505
TZbu9ybiMA5XZhx9C,e4912acef8d20851ad59933d7f08fa6a9025b1e7dc1b2f04bb2135306c4dc69d,4,0.65,3,1538802019439,Sports,0.24499999999999997,0.595
jTesREKgmi7NSeQD3,e4912acef8d20851ad59933d7f08fa6a9025b1e7dc1b2f04bb2135306c4dc69d,5,0.65,3,1538802019439,Sports,0.8450000000000001,0.42
7NKTfjP7xZWqP49RX,e4912acef8d20851ad59933d7f08fa6a9025b1e7dc1b2f04bb2135306c4dc69d,6,0.41,3,1538802019439,Sports,0.33619999999999994,0.58
aMWHuHaRfcW8HQZKn,e4912acef8d20851ad59933d7f08fa6a9025b1e7dc1b2f04bb2135306c4dc69d,7,0.61,3,1538802071696,Politics,0.7442,0.58
h6QzpaJz3QT7oH35B,e4912acef8d20851ad59933d7f08fa6a9025b1e7dc1b2f04bb2135306c4dc69d,8,0.44,3,1538802071697,Politics,0.6272000000000001,0.575
m8GzwXWb3gCyqPLYw,e4912acef8d20851ad59933d7f08fa6a9025b1e7dc1b2f04bb2135306c4dc69d,9,0.39,3,1538802071697,Politics,0.3042,0.565
BgPr9TAbXrgyhP4MR,e4912acef8d20851ad59933d7f08fa6a9025b1e7dc1b2f04bb2135306c4dc69d,10,0.2,3,1538802071697,Politics,0.08000000000000002,0.34
tzzyRi8LhYNHnQWqo,e4912acef8d20851ad59933d7f08fa6a9025b1e7dc1b2f04bb2135306c4dc69d,11,0.25,3,1538802071697,Politics,0.125,0.425
jkbzZKwJPc2avrZZa,e4912acef8d20851ad59933d7f08fa6a9025b1e7dc1b2f04bb2135306c4dc69d,12,0.28,3,1538802071697,Politics,0.15680000000000002,0.375
Zf4Wymukz5npLLLWr,e4912acef8d20851ad59933d7f08fa6a9025b1e7dc1b2f04bb2135306c4dc69d,13,0.44,3,1538802103972,Entertainment,0.3872,0.52
K677MgaAYiFX24MGG,e4912acef8d20851ad59933d7f08fa6a9025b1e7dc1b2f04bb2135306c4dc69d,14,0.58,3,1538802103972,Entertainment,0.35280000000000006,0.61
4Jir3x5Cpurb9tM9G,e4912acef8d20851ad59933d7f08fa6a9025b1e7dc1b2f04bb2135306c4dc69d,15,0.45,3,1538802103972,Entertainment,0.405,0.535
gbbQCtHia226qDLod,e4912acef8d20851ad59933d7f08fa6a9025b1e7dc1b2f04bb2135306c4dc69d,16,0.6,3,1538802103972,Entertainment,0.32000000000000006,0.57
dN9j6zW5MAbrdTBGb,e4912acef8d20851ad59933d7f08fa6a9025b1e7dc1b2f04bb2135306c4dc69d,17,0.62,3,1538802103972,Entertainment,0.7688,0.425
fxQZsGrERrhLHCGiN,e4912acef8d20851ad59933d7f08fa6a9025b1e7dc1b2f04bb2135306c4dc69d,18,0.44,3,1538802103973,Entertainment,0.3872,0.55
uDqjNfcMygRSqAjmf,b188ef41a65985818e3397ae9fec3d56f085703e25245c6ad1b73f687026375e,1,0.33,3,1538802154768,Sports,0.8977999999999998,0.625
nQSF42fo5b3vNtr8j,b188ef41a65985818e3397ae9fec3d56f085703e25245c6ad1b73f687026375e,2,0.77,3,1538802154770,Sports,1.1858,0.555
YvAMv37AqukMbBuoc,b188ef41a65985818e3397ae9fec3d56f085703e25245c6ad1b73f687026375e,3,0.66,3,1538802154773,Sports,0.8712000000000001,0.52
euMFMKLtX3jFzdJSa,b188ef41a65985818e3397ae9fec3d56f085703e25245c6ad1b73f687026375e,4,0.66,3,1538802154775,Sports,0.23119999999999996,0.625
qQd57LqGfoD8bC5RP,b188ef41a65985818e3397ae9fec3d56f085703e25245c6ad1b73f687026375e,5,0.17,3,1538802154777,Sports,0.05780000000000001,0.435
xiyrrqQ3arjxuHWLW,b188ef41a65985818e3397ae9fec3d56f085703e25245c6ad1b73f687026375e,6,0,3,1538802154778,Sports,0,0.25
cNYHzhwZhQKY4pQfh,b188ef41a65985818e3397ae9fec3d56f085703e25245c6ad1b73f687026375e,7,0.29,3,1538802182069,Politics,0.1682,0.355
mT7qXYoP2MeSLo29H,b188ef41a65985818e3397ae9fec3d56f085703e25245c6ad1b73f687026375e,8,0.33,3,1538802182071,Politics,0.8977999999999998,0.63
JR8dvDkSiyp4fZEpp,b188ef41a65985818e3397ae9fec3d56f085703e25245c6ad1b73f687026375e,9,0.71,3,1538802182072,Politics,1.0082,0.515
GKonEX6bDmMCH7BHd,b188ef41a65985818e3397ae9fec3d56f085703e25245c6ad1b73f687026375e,10,0.16,3,1538802182074,Politics,0.0512,0.49
nZuQf73LuGZBvBLhp,b188ef41a65985818e3397ae9fec3d56f085703e25245c6ad1b73f687026375e,11,0.32,3,1538802182075,Politics,0.2048,0.605
mJngjCkGhPFjKSSmk,b188ef41a65985818e3397ae9fec3d56f085703e25245c6ad1b73f687026375e,12,0.22,3,1538802182080,Politics,0.0968,0.475
fGtPHBHr5enYeSe2K,c2417d8ead432303efa1e14882a51891f7b1d4259c53813e7ae3fd9401db86ac,1,0.42,3,1538802199616,Sports,0.6728000000000002,0.595
ZPQWr5Sc6FQbEzN8C,c2417d8ead432303efa1e14882a51891f7b1d4259c53813e7ae3fd9401db86ac,2,0.74,3,1538802199631,Sports,1.0952,0.555
Zd7HWxbbWJR5PMeRu,c2417d8ead432303efa1e14882a51891f7b1d4259c53813e7ae3fd9401db86ac,3,0.86,3,1538802199633,Sports,1.4791999999999998,0.475
8iSey5JmsquiPm6tE,c2417d8ead432303efa1e14882a51891f7b1d4259c53813e7ae3fd9401db86ac,4,0.35,3,1538802199635,Sports,0.8450000000000001,0.665
jMD8znBmiX8fxgP4R,c2417d8ead432303efa1e14882a51891f7b1d4259c53813e7ae3fd9401db86ac,5,0.08,3,1538802199636,Sports,0.0128,0.265
zqPNiN3N8DNPJ8PtS,c2417d8ead432303efa1e14882a51891f7b1d4259c53813e7ae3fd9401db86ac,6,0.21,3,1538802199637,Sports,0.08819999999999999,0.43
jtkA9kDScLcoMMogZ,b188ef41a65985818e3397ae9fec3d56f085703e25245c6ad1b73f687026375e,13,0.4,3,1538802203995,Entertainment,0.32000000000000006,0.56
ByDiRmxyn4nJ9BBNB,b188ef41a65985818e3397ae9fec3d56f085703e25245c6ad1b73f687026375e,14,0.33,3,1538802203996,Entertainment,0.8977999999999998,0.68
wRMbc7HZfXBQxxdBi,b188ef41a65985818e3397ae9fec3d56f085703e25245c6ad1b73f687026375e,15,0.56,3,1538802203998,Entertainment,0.6272000000000001,0.625
acw5k84iwr9TF7mrn,b188ef41a65985818e3397ae9fec3d56f085703e25245c6ad1b73f687026375e,16,0.67,3,1538802203999,Entertainment,0.21779999999999994,0.495
uPNCheGeqdqr22FYu,b188ef41a65985818e3397ae9fec3d56f085703e25245c6ad1b73f687026375e,17,0.69,3,1538802204e3,Entertainment,0.9521999999999998,0.56
7jECmWWnciZR8mCFh,b188ef41a65985818e3397ae9fec3d56f085703e25245c6ad1b73f687026375e,18,0.28,3,1538802204001,Entertainment,0.15680000000000002,0.475
R4LLtTAkG27zbSGCr,c2417d8ead432303efa1e14882a51891f7b1d4259c53813e7ae3fd9401db86ac,7,0.88,3,1538802251187,Politics,1.5488,0.62
3j7gEftfyzFD7Gdu9,c2417d8ead432303efa1e14882a51891f7b1d4259c53813e7ae3fd9401db86ac,8,0.39,3,1538802251190,Politics,0.7442,0.64
QjJrKZi6qkeTAHybJ,c2417d8ead432303efa1e14882a51891f7b1d4259c53813e7ae3fd9401db86ac,9,0.12,3,1538802251192,Politics,0.0288,0.345
BMD9DZSQhWEe383vs,c2417d8ead432303efa1e14882a51891f7b1d4259c53813e7ae3fd9401db86ac,10,0.37,3,1538802251194,Politics,0.2738,0.47
poAmbfCQnkmLSE8jt,c2417d8ead432303efa1e14882a51891f7b1d4259c53813e7ae3fd9401db86ac,11,0.09,3,1538802251196,Politics,0.0162,0.25
6ScLQLZ6nzNn6qSRN,c2417d8ead432303efa1e14882a51891f7b1d4259c53813e7ae3fd9401db86ac,12,0.71,3,1538802251197,Politics,1.0082,0.335
mwBkjSxFbqjW9XyBn,f1322b900a4f77cf374e9eae112578450439a3620cd01d3779d75201af5d5516,1,0.75,3,1538802303787,Sports,0.125,0.515
xPi6FRM5zyp3mhpdF,f1322b900a4f77cf374e9eae112578450439a3620cd01d3779d75201af5d5516,2,0.37,3,1538802303788,Sports,0.2738,0.575
dsLdK7ivxcnJwERqT,f1322b900a4f77cf374e9eae112578450439a3620cd01d3779d75201af5d5516,3,0.5,3,1538802303789,Sports,0.5,0.445
o56tgTDTKvPkphu8p,f1322b900a4f77cf374e9eae112578450439a3620cd01d3779d75201af5d5516,4,0.8,3,1538802303789,Sports,0.07999999999999996,0.59
TCADdAnnXqdvgxz5Y,f1322b900a4f77cf374e9eae112578450439a3620cd01d3779d75201af5d5516,5,0.7,3,1538802303790,Sports,0.9799999999999999,0.415
5gY4v2Fbm4aAwkTQc,f1322b900a4f77cf374e9eae112578450439a3620cd01d3779d75201af5d5516,6,0.33,3,1538802303791,Sports,0.21780000000000002,0.565
EfebWCLvaf2WRpMi7,c2417d8ead432303efa1e14882a51891f7b1d4259c53813e7ae3fd9401db86ac,13,0.58,3,1538802345137,Entertainment,0.6728,0.56
qYY5Sn5xziCJcGaHo,c2417d8ead432303efa1e14882a51891f7b1d4259c53813e7ae3fd9401db86ac,14,0.62,3,1538802345155,Entertainment,0.2888,0.63
GNoSzYtWqwJavwQ49,c2417d8ead432303efa1e14882a51891f7b1d4259c53813e7ae3fd9401db86ac,15,0.34,3,1538802345157,Entertainment,0.23120000000000004,0.64
9RvcNmL4HaoGaM73X,c2417d8ead432303efa1e14882a51891f7b1d4259c53813e7ae3fd9401db86ac,16,0.31,3,1538802345157,Entertainment,0.9521999999999998,0.625
FhXXqudKRwpXPCFn7,c2417d8ead432303efa1e14882a51891f7b1d4259c53813e7ae3fd9401db86ac,17,0.76,3,1538802345158,Entertainment,1.1552,0.48
fJWMJZu46ipq8uhyS,c2417d8ead432303efa1e14882a51891f7b1d4259c53813e7ae3fd9401db86ac,18,0.29,3,1538802345158,Entertainment,0.1682,0.33
SpptjwkAWKPrMgeo6,f1322b900a4f77cf374e9eae112578450439a3620cd01d3779d75201af5d5516,7,0.56,3,1538802495250,Politics,0.6272000000000001,0.555
3Y5jR4emiZ9JA4Kmp,f1322b900a4f77cf374e9eae112578450439a3620cd01d3779d75201af5d5516,8,0.81,3,1538802495251,Politics,0.07219999999999996,0.485
6nRsfQgFSduemjzxr,f1322b900a4f77cf374e9eae112578450439a3620cd01d3779d75201af5d5516,9,0.34,3,1538802495251,Politics,0.23120000000000004,0.51
eNWHY7RpgSKvm6rKh,f1322b900a4f77cf374e9eae112578450439a3620cd01d3779d75201af5d5516,10,0.51,3,1538802495252,Politics,0.5202,0.39
tcvzLnDNf8xg4kxPG,f1322b900a4f77cf374e9eae112578450439a3620cd01d3779d75201af5d5516,11,0.36,3,1538802495253,Politics,0.2592,0.495
vuhPHW6XjqTwSec7z,f1322b900a4f77cf374e9eae112578450439a3620cd01d3779d75201af5d5516,12,0.61,3,1538802495254,Politics,0.7442,0.26
wzRD4RTHGgejqx3Bh,f1322b900a4f77cf374e9eae112578450439a3620cd01d3779d75201af5d5516,13,0.66,3,1538802566082,Entertainment,0.8712000000000001,0.455
hY8hKCE5pbkKHTzKe,f1322b900a4f77cf374e9eae112578450439a3620cd01d3779d75201af5d5516,14,0.5,3,1538802566082,Entertainment,0.5,0.575
cHebMMfCGFF7YEF2z,f1322b900a4f77cf374e9eae112578450439a3620cd01d3779d75201af5d5516,15,0.36,3,1538802566083,Entertainment,0.2592,0.56
JEEGWxcnKYYZ5h63x,f1322b900a4f77cf374e9eae112578450439a3620cd01d3779d75201af5d5516,16,0.66,3,1538802566084,Entertainment,0.23119999999999996,0.46
djJLTb2Qndzv8B6Sj,f1322b900a4f77cf374e9eae112578450439a3620cd01d3779d75201af5d5516,17,0.53,3,1538802566085,Entertainment,0.5618000000000001,0.42
8v9aSfTjXPLvnx6mj,f1322b900a4f77cf374e9eae112578450439a3620cd01d3779d75201af5d5516,18,0.49,3,1538802566085,Entertainment,0.48019999999999996,0.465
tDsKFuWzChknhzSou,f97b7c6dd1cfacf651961387ee813d121b5d11b2af33ba94034797a672851a78,1,0,3,1538802726564,Sports,2,0.24
LiixJFdybFTL42Eoe,f97b7c6dd1cfacf651961387ee813d121b5d11b2af33ba94034797a672851a78,2,0.8,3,1538802726564,Sports,1.2800000000000002,0.56
z82bDnLwXdu8rwDk9,f97b7c6dd1cfacf651961387ee813d121b5d11b2af33ba94034797a672851a78,3,0.98,3,1538802726565,Sports,1.9207999999999998,0.425
WdaKdcYwEAfRebrqd,f97b7c6dd1cfacf651961387ee813d121b5d11b2af33ba94034797a672851a78,4,1,3,1538802726566,Sports,0,0.6
xQMH6RexNq6XrhBsk,f97b7c6dd1cfacf651961387ee813d121b5d11b2af33ba94034797a672851a78,5,1,3,1538802726566,Sports,2,0.505
a65PbXJ7oLzkCqGoM,f97b7c6dd1cfacf651961387ee813d121b5d11b2af33ba94034797a672851a78,6,1,3,1538802726566,Sports,2,0.6
rk3PmK2G4JNRT7irj,f97b7c6dd1cfacf651961387ee813d121b5d11b2af33ba94034797a672851a78,7,1,3,1538802733777,Politics,2,0.65
y94y74cKRkAzp4Dc5,f97b7c6dd1cfacf651961387ee813d121b5d11b2af33ba94034797a672851a78,8,1,3,1538802733777,Politics,0,0.555
j8opyAMPEJzhL4HkE,f97b7c6dd1cfacf651961387ee813d121b5d11b2af33ba94034797a672851a78,9,1,3,1538802733778,Politics,2,0.51
bhudvomj3TFXHCMPM,f97b7c6dd1cfacf651961387ee813d121b5d11b2af33ba94034797a672851a78,10,1,3,1538802733778,Politics,2,0.38
E7sLuY77AfoRmqYQ5,f97b7c6dd1cfacf651961387ee813d121b5d11b2af33ba94034797a672851a78,11,1,3,1538802733779,Politics,2,0.45
CpmGSfyLHMGqMy4zF,f97b7c6dd1cfacf651961387ee813d121b5d11b2af33ba94034797a672851a78,12,1,3,1538802733779,Politics,2,0.345
9npvHFu8SZEfm3FTo,f97b7c6dd1cfacf651961387ee813d121b5d11b2af33ba94034797a672851a78,13,1,3,1538802740146,Entertainment,2,0.565
hjisTE3bWsLBB3scL,f97b7c6dd1cfacf651961387ee813d121b5d11b2af33ba94034797a672851a78,14,1,3,1538802740146,Entertainment,0,0.61
cYtzZuqcBzLW7KpSt,f97b7c6dd1cfacf651961387ee813d121b5d11b2af33ba94034797a672851a78,15,1,3,1538802740146,Entertainment,2,0.5
E56a6ufuTkNTzNZfu,f97b7c6dd1cfacf651961387ee813d121b5d11b2af33ba94034797a672851a78,16,1,3,1538802740146,Entertainment,0,0.505
C85NCNFW6uZk3mXLx,f97b7c6dd1cfacf651961387ee813d121b5d11b2af33ba94034797a672851a78,17,1,3,1538802740148,Entertainment,2,0.505
Wjrk5nKfQvNmqK2ut,f97b7c6dd1cfacf651961387ee813d121b5d11b2af33ba94034797a672851a78,18,1,3,1538802740148,Entertainment,2,0.5
kQBnMDi2rQKsJWbLe,de7fe355a5f8fddd5893896237460afc40612374eab93dd86fdf2e87dabab3bb,1,0.33,3,1538803627044,Sports,0.8977999999999998,0.63
vYBKZkNo4835F9M9S,de7fe355a5f8fddd5893896237460afc40612374eab93dd86fdf2e87dabab3bb,2,0.67,3,1538803627050,Sports,0.8978000000000002,0.575
gWbqn93qLsruPSbxX,de7fe355a5f8fddd5893896237460afc40612374eab93dd86fdf2e87dabab3bb,3,0.24,3,1538803627058,Sports,0.1152,0.36
2qvqE9nPXN4kt68q8,de7fe355a5f8fddd5893896237460afc40612374eab93dd86fdf2e87dabab3bb,4,0.73,3,1538803627064,Sports,0.1458,0.56
viPTbcFeSeMBcPodD,de7fe355a5f8fddd5893896237460afc40612374eab93dd86fdf2e87dabab3bb,5,0.75,3,1538803627070,Sports,1.125,0.42
em4XpJBPrkbdu27na,de7fe355a5f8fddd5893896237460afc40612374eab93dd86fdf2e87dabab3bb,6,0.35,3,1538803627074,Sports,0.24499999999999997,0.6
NWNuTP7N7R6D8nqTP,de7fe355a5f8fddd5893896237460afc40612374eab93dd86fdf2e87dabab3bb,7,0.26,3,1538803633474,Politics,0.13520000000000001,0.315
sSqn44wwJoqYTiL7g,de7fe355a5f8fddd5893896237460afc40612374eab93dd86fdf2e87dabab3bb,8,0.72,3,1538803633480,Politics,0.15680000000000002,0.54
Ha7aZFMJXh75SsHDr,de7fe355a5f8fddd5893896237460afc40612374eab93dd86fdf2e87dabab3bb,9,0.32,3,1538803633484,Politics,0.2048,0.605
PCFpGBzvQcmfSryYe,de7fe355a5f8fddd5893896237460afc40612374eab93dd86fdf2e87dabab3bb,10,0.67,3,1538803633490,Politics,0.8978000000000002,0.385
zyP39iSYmvdCnjtSa,de7fe355a5f8fddd5893896237460afc40612374eab93dd86fdf2e87dabab3bb,11,0.26,3,1538803633502,Politics,0.13520000000000001,0.395
C7cbcphESe4psQcde,de7fe355a5f8fddd5893896237460afc40612374eab93dd86fdf2e87dabab3bb,12,0.71,3,1538803633504,Politics,1.0082,0.275
RvXytjJuqxnxcKjLB,de7fe355a5f8fddd5893896237460afc40612374eab93dd86fdf2e87dabab3bb,13,0.32,3,1538803641228,Entertainment,0.2048,0.605
WbnBcfPxxEzwQD9yL,de7fe355a5f8fddd5893896237460afc40612374eab93dd86fdf2e87dabab3bb,14,0.38,3,1538803641232,Entertainment,0.7688,0.655
hqFQ4CS7ufHz28znW,de7fe355a5f8fddd5893896237460afc40612374eab93dd86fdf2e87dabab3bb,15,0.74,3,1538803641238,Entertainment,1.0952,0.515
vNSZQBhvsqfsQiPjs,de7fe355a5f8fddd5893896237460afc40612374eab93dd86fdf2e87dabab3bb,16,0.88,3,1538803641242,Entertainment,0.0288,0.48
42qCedyGgTswquHCJ,de7fe355a5f8fddd5893896237460afc40612374eab93dd86fdf2e87dabab3bb,17,0.4,3,1538803641244,Entertainment,0.32000000000000006,0.56
Ekre4nbgprCJZb3Xe,de7fe355a5f8fddd5893896237460afc40612374eab93dd86fdf2e87dabab3bb,18,0.72,3,1538803641248,Entertainment,1.0368,0.375
dvEycLnn8H4ekdgtK,3f00dc9faf9c94bbf8e3e03cba2122a5b68a59a0fdf2c4c567701244035813eb,13,0.81,3,1538803778987,Entertainment,1.3122000000000003,0.525
zWfP6xpYhaLunXf3C,3f00dc9faf9c94bbf8e3e03cba2122a5b68a59a0fdf2c4c567701244035813eb,14,0.1,3,1538803778990,Entertainment,1.62,0.245
ym4LnyzT7uLcN8pNC,3f00dc9faf9c94bbf8e3e03cba2122a5b68a59a0fdf2c4c567701244035813eb,15,0.31,3,1538803778990,Entertainment,0.1922,0.58
sFQRoqptA9PMj7sdB,3f00dc9faf9c94bbf8e3e03cba2122a5b68a59a0fdf2c4c567701244035813eb,16,0.4,3,1538803778990,Entertainment,0.72,0.505
E3K4GY27b4BRtxW2n,3f00dc9faf9c94bbf8e3e03cba2122a5b68a59a0fdf2c4c567701244035813eb,17,0.17,3,1538803778991,Entertainment,0.05780000000000001,0.275
XsWfS4WPb6kriTtKq,3f00dc9faf9c94bbf8e3e03cba2122a5b68a59a0fdf2c4c567701244035813eb,18,0.53,3,1538803778992,Entertainment,0.5618000000000001,0.49
ZQ9iXiSHZ6essFCGa,69190bad05c2a2b054fb5aeb6e50d12eb99fcfc88975a749149dab00feafa139,1,0.6,3,1538804187176,Sports,0.32000000000000006,0.645
RCsgjPm5Q9BbaRyqm,69190bad05c2a2b054fb5aeb6e50d12eb99fcfc88975a749149dab00feafa139,2,0.2,3,1538804187177,Sports,0.08000000000000002,0.38
ZMEE74FSZmwp2bKJ7,69190bad05c2a2b054fb5aeb6e50d12eb99fcfc88975a749149dab00feafa139,3,0.16,3,1538804187177,Sports,0.0512,0.47
hz3hLNN7zbpkKqioD,69190bad05c2a2b054fb5aeb6e50d12eb99fcfc88975a749149dab00feafa139,4,0.75,3,1538804187178,Sports,0.125,0.65
p2q4RnAssspezuNpY,69190bad05c2a2b054fb5aeb6e50d12eb99fcfc88975a749149dab00feafa139,5,0.69,3,1538804187178,Sports,0.9521999999999998,0.48
WGodBqNcKFaRgDKns,69190bad05c2a2b054fb5aeb6e50d12eb99fcfc88975a749149dab00feafa139,6,0.21,3,1538804187179,Sports,0.08819999999999999,0.49
EX8XYjYkja33hELZk,69190bad05c2a2b054fb5aeb6e50d12eb99fcfc88975a749149dab00feafa139,7,0.26,3,1538804215013,Politics,0.13520000000000001,0.41
rmLTCZp3mPrhBQsGC,69190bad05c2a2b054fb5aeb6e50d12eb99fcfc88975a749149dab00feafa139,8,0.06,3,1538804215015,Politics,1.7671999999999999,0.23
ReqZX6CWWicm5PKhX,69190bad05c2a2b054fb5aeb6e50d12eb99fcfc88975a749149dab00feafa139,9,0.8,3,1538804215015,Politics,1.2800000000000002,0.545
4sfYxoWdLHMgpSnpq,69190bad05c2a2b054fb5aeb6e50d12eb99fcfc88975a749149dab00feafa139,10,0.2,3,1538804215017,Politics,0.08000000000000002,0.45
rZBrR9g7kBRvXymsx,69190bad05c2a2b054fb5aeb6e50d12eb99fcfc88975a749149dab00feafa139,11,0.61,3,1538804215017,Politics,0.7442,0.49
XxQfqoE5yy3ihnimz,69190bad05c2a2b054fb5aeb6e50d12eb99fcfc88975a749149dab00feafa139,12,0.12,3,1538804215017,Politics,0.0288,0.54
ihn3sem4e9KMPJpRR,69190bad05c2a2b054fb5aeb6e50d12eb99fcfc88975a749149dab00feafa139,13,0.61,3,1538804340404,Entertainment,0.7442,0.585
vYGtL2b9tRiGtdpMz,69190bad05c2a2b054fb5aeb6e50d12eb99fcfc88975a749149dab00feafa139,14,0.9,3,1538804340405,Entertainment,0.01999999999999999,0.665
FnCjiKncL9yYDbhQj,69190bad05c2a2b054fb5aeb6e50d12eb99fcfc88975a749149dab00feafa139,15,0.15,3,1538804340406,Entertainment,0.045,0.335
7vJgEoX4itYFAqya4,69190bad05c2a2b054fb5aeb6e50d12eb99fcfc88975a749149dab00feafa139,16,0.4,3,1538804340407,Entertainment,0.72,0.595
w3LLTrfBHgrHbtQ4k,69190bad05c2a2b054fb5aeb6e50d12eb99fcfc88975a749149dab00feafa139,17,0.6,3,1538804340408,Entertainment,0.72,0.53
kXfWAKHCu7RmfXBgE,69190bad05c2a2b054fb5aeb6e50d12eb99fcfc88975a749149dab00feafa139,18,0.32,3,1538804340409,Entertainment,0.2048,0.695
uknTgv7mibMpqABW5,93e893974f959832d45cb7827a2498906c5b45b5bb368a900f1f99c8d2d8ed87,1,0.53,3,1538804525703,Sports,0.44179999999999997,0.595
znTqnJeKeJZRBXMpp,93e893974f959832d45cb7827a2498906c5b45b5bb368a900f1f99c8d2d8ed87,2,0.26,3,1538804525713,Sports,0.13520000000000001,0.335
ean8J2iWdvkqa5LkZ,93e893974f959832d45cb7827a2498906c5b45b5bb368a900f1f99c8d2d8ed87,3,0.48,3,1538804525717,Sports,0.4608,0.485
qpGbN4aZJRLpkxMG8,93e893974f959832d45cb7827a2498906c5b45b5bb368a900f1f99c8d2d8ed87,4,0.66,3,1538804525721,Sports,0.23119999999999996,0.575
NhoRwhoaB4KPLPBYS,93e893974f959832d45cb7827a2498906c5b45b5bb368a900f1f99c8d2d8ed87,5,0.39,3,1538804525723,Sports,0.3042,0.59
ktgKfbwGHv8jeT4uQ,93e893974f959832d45cb7827a2498906c5b45b5bb368a900f1f99c8d2d8ed87,6,0.52,3,1538804525726,Sports,0.5408000000000001,0.585
6P9peu7Bz7QNXgXNr,93e893974f959832d45cb7827a2498906c5b45b5bb368a900f1f99c8d2d8ed87,7,0.49,3,1538804653864,Politics,0.48019999999999996,0.61
jYaJq44KNDRJftpea,93e893974f959832d45cb7827a2498906c5b45b5bb368a900f1f99c8d2d8ed87,8,0.58,3,1538804653880,Politics,0.35280000000000006,0.61
NenCi6TaeRPuuwMT3,93e893974f959832d45cb7827a2498906c5b45b5bb368a900f1f99c8d2d8ed87,9,0.59,3,1538804653888,Politics,0.6961999999999999,0.565
cpSHLtoxnThZHa83E,93e893974f959832d45cb7827a2498906c5b45b5bb368a900f1f99c8d2d8ed87,10,0.29,3,1538804653895,Politics,0.1682,0.425
85L33ibKaTB32f4cH,93e893974f959832d45cb7827a2498906c5b45b5bb368a900f1f99c8d2d8ed87,11,0.47,3,1538804653899,Politics,0.44179999999999997,0.495
rPm7GSqmsvHuRSQW9,93e893974f959832d45cb7827a2498906c5b45b5bb368a900f1f99c8d2d8ed87,12,0.27,3,1538804653902,Politics,0.1458,0.365
gXKbKD2FAhdTmMG36,4b7ea5a796fbe5890f01d18972e681b0692df385917c09b3937864989e7c14ed,1,0.24,3,1538804740723,Sports,1.1552,0.415
i7LRKycv3k2aKq8ak,4b7ea5a796fbe5890f01d18972e681b0692df385917c09b3937864989e7c14ed,2,0.75,3,1538804740734,Sports,1.125,0.535
nxm5QP9La6JAAcvpS,4b7ea5a796fbe5890f01d18972e681b0692df385917c09b3937864989e7c14ed,3,0.08,3,1538804740737,Sports,0.0128,0.31
nBLpZtey4yNopq7nM,4b7ea5a796fbe5890f01d18972e681b0692df385917c09b3937864989e7c14ed,4,0.51,3,1538804740740,Sports,0.48019999999999996,0.645
fmRjijXT9F6YkgTLB,4b7ea5a796fbe5890f01d18972e681b0692df385917c09b3937864989e7c14ed,5,0.68,3,1538804740745,Sports,0.9248000000000002,0.545
wQLz5ZLPq7BYn7cfw,4b7ea5a796fbe5890f01d18972e681b0692df385917c09b3937864989e7c14ed,6,0.51,3,1538804740749,Sports,0.5202,0.545
HD67YsbwswhLK3bx3,73b9b885e3ac79c49b6e3ba363310ce7f59b3c1f4ea8efcac4c83eb5353a869f,1,0.42,3,1538804747395,Sports,0.6728000000000002,0.58
XhLDgoC83P6ZPKdiz,73b9b885e3ac79c49b6e3ba363310ce7f59b3c1f4ea8efcac4c83eb5353a869f,2,0.8,3,1538804747398,Sports,1.2800000000000002,0.5
GongC2supYKHWSuyG,73b9b885e3ac79c49b6e3ba363310ce7f59b3c1f4ea8efcac4c83eb5353a869f,3,0.32,3,1538804747398,Sports,0.2048,0.535
Aj4fK2WMYpgADayMN,73b9b885e3ac79c49b6e3ba363310ce7f59b3c1f4ea8efcac4c83eb5353a869f,4,0.19,3,1538804747399,Sports,1.3122000000000003,0.205
4z73Xaau3fhiaLzAM,73b9b885e3ac79c49b6e3ba363310ce7f59b3c1f4ea8efcac4c83eb5353a869f,5,0.7,3,1538804747400,Sports,0.9799999999999999,0.46
ChxoXLZjDNdfhB6t7,73b9b885e3ac79c49b6e3ba363310ce7f59b3c1f4ea8efcac4c83eb5353a869f,6,0.87,3,1538804747402,Sports,1.5138,0.535
xnvPqiKC2K9BHJx6j,c5b74dd3c4d4341bf1ff469f60670a87eaca4d46873b3783ae33da0dd950ebed,1,0.51,3,1538804773701,Sports,0.48019999999999996,0.555
KQpQs2e6984GEhxFF,c5b74dd3c4d4341bf1ff469f60670a87eaca4d46873b3783ae33da0dd950ebed,2,0.61,3,1538804773702,Sports,0.7442,0.515
SYqsC3PDM74d3NkLB,c5b74dd3c4d4341bf1ff469f60670a87eaca4d46873b3783ae33da0dd950ebed,3,0.69,3,1538804773703,Sports,0.9521999999999998,0.37
ZLwLh5khvC3Ds4F6C,c5b74dd3c4d4341bf1ff469f60670a87eaca4d46873b3783ae33da0dd950ebed,4,0.43,3,1538804773703,Sports,0.6498000000000002,0.595
i5FDhmnW5Y2LL5E9W,c5b74dd3c4d4341bf1ff469f60670a87eaca4d46873b3783ae33da0dd950ebed,5,0.39,3,1538804773703,Sports,0.3042,0.555
9rGdQWrznMdRFoTnH,c5b74dd3c4d4341bf1ff469f60670a87eaca4d46873b3783ae33da0dd950ebed,6,0.44,3,1538804773704,Sports,0.3872,0.56
RmPWytucuLSmReEs3,73b9b885e3ac79c49b6e3ba363310ce7f59b3c1f4ea8efcac4c83eb5353a869f,7,0.3,3,1538804773717,Politics,0.18,0.6
A7CwqZejJ8zxauAEh,73b9b885e3ac79c49b6e3ba363310ce7f59b3c1f4ea8efcac4c83eb5353a869f,8,0.17,3,1538804773718,Politics,1.3778,0.31
YceaGLPAj6jc4YFkt,73b9b885e3ac79c49b6e3ba363310ce7f59b3c1f4ea8efcac4c83eb5353a869f,9,0.38,3,1538804773719,Politics,0.2888,0.615
PT67bLR2gZFA42Trx,73b9b885e3ac79c49b6e3ba363310ce7f59b3c1f4ea8efcac4c83eb5353a869f,10,1,3,1538804773721,Politics,2,0.345
hWzxbp5b8upwAYL59,73b9b885e3ac79c49b6e3ba363310ce7f59b3c1f4ea8efcac4c83eb5353a869f,11,0.45,3,1538804773723,Politics,0.405,0.49
CEmtCNfPuC9qPDYQz,73b9b885e3ac79c49b6e3ba363310ce7f59b3c1f4ea8efcac4c83eb5353a869f,12,0.73,3,1538804773725,Politics,1.0657999999999999,0.36
2FXX4S3ZBEnAtJF9C,93e893974f959832d45cb7827a2498906c5b45b5bb368a900f1f99c8d2d8ed87,13,0.47,3,1538804790890,Entertainment,0.44179999999999997,0.515
EbQDK4zPKcDiguNG6,93e893974f959832d45cb7827a2498906c5b45b5bb368a900f1f99c8d2d8ed87,14,0.54,3,1538804790930,Entertainment,0.4231999999999999,0.605
b3mZzchT87Hvf65ag,93e893974f959832d45cb7827a2498906c5b45b5bb368a900f1f99c8d2d8ed87,15,0.49,3,1538804790933,Entertainment,0.48019999999999996,0.535
Hi5q4tuAefJZKhRwr,93e893974f959832d45cb7827a2498906c5b45b5bb368a900f1f99c8d2d8ed87,16,0.54,3,1538804790937,Entertainment,0.4231999999999999,0.585
uhfu7PrQm2rxour6G,93e893974f959832d45cb7827a2498906c5b45b5bb368a900f1f99c8d2d8ed87,17,0.46,3,1538804790939,Entertainment,0.4232,0.51
Fed6kvY3n9r39Q5E4,93e893974f959832d45cb7827a2498906c5b45b5bb368a900f1f99c8d2d8ed87,18,0.59,3,1538804790942,Entertainment,0.6961999999999999,0.51
io4ya7d3oydzgQcRc,73b9b885e3ac79c49b6e3ba363310ce7f59b3c1f4ea8efcac4c83eb5353a869f,13,0.3,3,1538804803012,Entertainment,0.18,0.53
tW3J4Zk7YqYHAzKr6,73b9b885e3ac79c49b6e3ba363310ce7f59b3c1f4ea8efcac4c83eb5353a869f,14,1,3,1538804803013,Entertainment,0,0.545
ASg7pgNSTBMmsPBDc,73b9b885e3ac79c49b6e3ba363310ce7f59b3c1f4ea8efcac4c83eb5353a869f,15,1,3,1538804803015,Entertainment,2,0.53
SLm5KdKh6MZf4vL2B,73b9b885e3ac79c49b6e3ba363310ce7f59b3c1f4ea8efcac4c83eb5353a869f,16,1,3,1538804803015,Entertainment,0,0.51
zEK47HmzsiHmf6pGC,73b9b885e3ac79c49b6e3ba363310ce7f59b3c1f4ea8efcac4c83eb5353a869f,17,0.43,3,1538804803016,Entertainment,0.36979999999999996,0.455
T7YcjXsA9tQiLCdao,73b9b885e3ac79c49b6e3ba363310ce7f59b3c1f4ea8efcac4c83eb5353a869f,18,0.56,3,1538804803018,Entertainment,0.6272000000000001,0.485
emZvv6foaFzFZbju5,4b7ea5a796fbe5890f01d18972e681b0692df385917c09b3937864989e7c14ed,7,1,3,1538804847345,Politics,2,0.57
FQgDfuyHrx82C6dKa,4b7ea5a796fbe5890f01d18972e681b0692df385917c09b3937864989e7c14ed,8,0.81,3,1538804847350,Politics,0.07219999999999996,0.555
cqX3TCd8zcQH8gLES,4b7ea5a796fbe5890f01d18972e681b0692df385917c09b3937864989e7c14ed,9,0.22,3,1538804847353,Politics,0.0968,0.41
a8ncmCz9s4JGZaNDt,4b7ea5a796fbe5890f01d18972e681b0692df385917c09b3937864989e7c14ed,10,0.48,3,1538804847357,Politics,0.4608,0.46
BYcdQfg2gtLE7wr5a,4b7ea5a796fbe5890f01d18972e681b0692df385917c09b3937864989e7c14ed,11,0.52,3,1538804847359,Politics,0.5408000000000001,0.505
ETsKus5oFhdwhg6cR,4b7ea5a796fbe5890f01d18972e681b0692df385917c09b3937864989e7c14ed,12,0.31,3,1538804847361,Politics,0.1922,0.52
2Ge4sXPbaNf2SWCvq,c5b74dd3c4d4341bf1ff469f60670a87eaca4d46873b3783ae33da0dd950ebed,7,0.49,3,1538804856624,Politics,0.48019999999999996,0.59
sjTvyw2JK5DLpQtJC,c5b74dd3c4d4341bf1ff469f60670a87eaca4d46873b3783ae33da0dd950ebed,8,0.65,3,1538804856624,Politics,0.24499999999999997,0.58
gibGXesC2XboSosve,c5b74dd3c4d4341bf1ff469f60670a87eaca4d46873b3783ae33da0dd950ebed,9,0.55,3,1538804856625,Politics,0.6050000000000001,0.53
H3iftDSXHpzp9kshF,c5b74dd3c4d4341bf1ff469f60670a87eaca4d46873b3783ae33da0dd950ebed,10,0.38,3,1538804856625,Politics,0.2888,0.485
w9uQFesJbmcnKWRWm,c5b74dd3c4d4341bf1ff469f60670a87eaca4d46873b3783ae33da0dd950ebed,11,0.51,3,1538804856625,Politics,0.5202,0.45
68ZdSEf3iQZAd4puz,c5b74dd3c4d4341bf1ff469f60670a87eaca4d46873b3783ae33da0dd950ebed,12,0.52,3,1538804856626,Politics,0.5408000000000001,0.405
F3zMPKkWe5tou3voe,c5b74dd3c4d4341bf1ff469f60670a87eaca4d46873b3783ae33da0dd950ebed,13,0.66,3,1538804941682,Entertainment,0.8712000000000001,0.515
Bcy5JbBpPmKdoBw96,c5b74dd3c4d4341bf1ff469f60670a87eaca4d46873b3783ae33da0dd950ebed,14,0.89,3,1538804941683,Entertainment,0.024199999999999996,0.55
432c4r6YXSo9RGgYK,c5b74dd3c4d4341bf1ff469f60670a87eaca4d46873b3783ae33da0dd950ebed,15,0.67,3,1538804941684,Entertainment,0.8978000000000002,0.475
PtAFNrcFBP5HYnJm5,c5b74dd3c4d4341bf1ff469f60670a87eaca4d46873b3783ae33da0dd950ebed,16,0.56,3,1538804941685,Entertainment,0.38719999999999993,0.525
KgxwKRFsNmjc736G8,c5b74dd3c4d4341bf1ff469f60670a87eaca4d46873b3783ae33da0dd950ebed,17,0.61,3,1538804941685,Entertainment,0.7442,0.49
wtBSX6tKbvpv2e4Lq,c5b74dd3c4d4341bf1ff469f60670a87eaca4d46873b3783ae33da0dd950ebed,18,0.52,3,1538804941686,Entertainment,0.5408000000000001,0.515
dLHaWFgRFtwFWJ3Sj,4b7ea5a796fbe5890f01d18972e681b0692df385917c09b3937864989e7c14ed,13,0.64,3,1538805001862,Entertainment,0.8192,0.555
zr7i3BAssEM3kXdtx,4b7ea5a796fbe5890f01d18972e681b0692df385917c09b3937864989e7c14ed,14,1,3,1538805001866,Entertainment,0,0.595
XEhkqiY3y9kXfT9RK,4b7ea5a796fbe5890f01d18972e681b0692df385917c09b3937864989e7c14ed,15,0.81,3,1538805001867,Entertainment,1.3122000000000003,0.545
AiFcqtsYs4CpyhDL9,4b7ea5a796fbe5890f01d18972e681b0692df385917c09b3937864989e7c14ed,16,0.53,3,1538805001871,Entertainment,0.44179999999999997,0.59
gMr9Xp6TfgnsWecr3,4b7ea5a796fbe5890f01d18972e681b0692df385917c09b3937864989e7c14ed,17,0,3,1538805001875,Entertainment,0,0.3
fPcyYZJShvpjyrB4Y,4b7ea5a796fbe5890f01d18972e681b0692df385917c09b3937864989e7c14ed,18,0.51,3,1538805001878,Entertainment,0.5202,0.595
FQzw6etqztQpTf2v3,4262660ec1f6fdf01739fede05514a269afe621aa46dc6bc04a4140e0edab83a,1,0.67,3,1538805017216,Sports,0.21779999999999994,0.62
iphaQY2tTJ5nyKzYG,4262660ec1f6fdf01739fede05514a269afe621aa46dc6bc04a4140e0edab83a,2,0.75,3,1538805017217,Sports,1.125,0.58
sW5RdKqYuGGMF8thn,4262660ec1f6fdf01739fede05514a269afe621aa46dc6bc04a4140e0edab83a,3,0.39,3,1538805017217,Sports,0.3042,0.62
PszcdNWvZN3cLt5zL,4262660ec1f6fdf01739fede05514a269afe621aa46dc6bc04a4140e0edab83a,4,0.26,3,1538805017218,Sports,1.0952,0.41
b6oaKE29DPWW4dgRm,4262660ec1f6fdf01739fede05514a269afe621aa46dc6bc04a4140e0edab83a,5,0.8,3,1538805017218,Sports,1.2800000000000002,0.545
f3dA8FsnLiLiuHNxk,4262660ec1f6fdf01739fede05514a269afe621aa46dc6bc04a4140e0edab83a,6,0.75,3,1538805017219,Sports,1.125,0.645
De5woDaBavdWFEbrf,4262660ec1f6fdf01739fede05514a269afe621aa46dc6bc04a4140e0edab83a,7,0.96,3,1538805166089,Politics,1.8432,0.675
Scakeq2PhL9JidJGr,4262660ec1f6fdf01739fede05514a269afe621aa46dc6bc04a4140e0edab83a,8,0.2,3,1538805166090,Politics,1.2800000000000002,0.52
nZ2MHzMdomBmuk3iz,4262660ec1f6fdf01739fede05514a269afe621aa46dc6bc04a4140e0edab83a,9,0.69,3,1538805166090,Politics,0.9521999999999998,0.57
S3Wua8qyNF9ZffFDD,4262660ec1f6fdf01739fede05514a269afe621aa46dc6bc04a4140e0edab83a,10,0.1,3,1538805166091,Politics,0.020000000000000004,0.51
Bc4WqJes6pjZRCkY2,4262660ec1f6fdf01739fede05514a269afe621aa46dc6bc04a4140e0edab83a,11,0.52,3,1538805166091,Politics,0.5408000000000001,0.515
TeHxWFncgMKcLSsyk,4262660ec1f6fdf01739fede05514a269afe621aa46dc6bc04a4140e0edab83a,12,0.07,3,1538805166092,Politics,0.009800000000000001,0.41
k9CjJHt8XTW6W9yXM,6021519c5cb9b2c3b5e0a36272fe4539e45d07d9f97cc95f2949977e4da7852a,1,0.12,3,1538805226783,Sports,1.5488,0.335
yWLSZxLqfzCLq3jfH,6021519c5cb9b2c3b5e0a36272fe4539e45d07d9f97cc95f2949977e4da7852a,2,0.39,3,1538805226785,Sports,0.3042,0.675
kMkhcCoAphXK5pg6X,6021519c5cb9b2c3b5e0a36272fe4539e45d07d9f97cc95f2949977e4da7852a,3,0.01,3,1538805226785,Sports,2e-4,0.385
pXwjfbqgAiL4EmNPA,6021519c5cb9b2c3b5e0a36272fe4539e45d07d9f97cc95f2949977e4da7852a,4,0.54,3,1538805226786,Sports,0.4231999999999999,0.67
H92d95xkbqGzo8jqm,6021519c5cb9b2c3b5e0a36272fe4539e45d07d9f97cc95f2949977e4da7852a,5,0.15,3,1538805226786,Sports,0.045,0.5
t87fz85rp4cptTrTi,6021519c5cb9b2c3b5e0a36272fe4539e45d07d9f97cc95f2949977e4da7852a,6,0.88,3,1538805226786,Sports,1.5488,0.565
GtXXFncNagtRDAgpv,6021519c5cb9b2c3b5e0a36272fe4539e45d07d9f97cc95f2949977e4da7852a,7,0.69,3,1538805259236,Politics,0.9521999999999998,0.57
9z4kofhEqwiBHMbdj,6021519c5cb9b2c3b5e0a36272fe4539e45d07d9f97cc95f2949977e4da7852a,8,0.25,3,1538805259237,Politics,1.125,0.52
JjzxH7c98aqtagF6L,6021519c5cb9b2c3b5e0a36272fe4539e45d07d9f97cc95f2949977e4da7852a,9,0.51,3,1538805259238,Politics,0.5202,0.6
6AR5zgDDW5QEREuQP,6021519c5cb9b2c3b5e0a36272fe4539e45d07d9f97cc95f2949977e4da7852a,10,0.4,3,1538805259238,Politics,0.32000000000000006,0.475
2LXdwSbAQqiWoWbom,6021519c5cb9b2c3b5e0a36272fe4539e45d07d9f97cc95f2949977e4da7852a,11,0.2,3,1538805259238,Politics,0.08000000000000002,0.505
fnwt3eNMf6w8e6APo,6021519c5cb9b2c3b5e0a36272fe4539e45d07d9f97cc95f2949977e4da7852a,12,0.07,3,1538805259238,Politics,0.009800000000000001,0.395
375KikJXkLWJWyETZ,4262660ec1f6fdf01739fede05514a269afe621aa46dc6bc04a4140e0edab83a,13,0.72,3,1538805268563,Entertainment,1.0368,0.555
QbujaXaenp3aq3WGo,4262660ec1f6fdf01739fede05514a269afe621aa46dc6bc04a4140e0edab83a,14,0.79,3,1538805268563,Entertainment,0.08819999999999997,0.615
KWiTPR4cHgzTNMERY,4262660ec1f6fdf01739fede05514a269afe621aa46dc6bc04a4140e0edab83a,15,0.14,3,1538805268564,Entertainment,0.039200000000000006,0.51
R7JJixJr4eWNxmEQd,4262660ec1f6fdf01739fede05514a269afe621aa46dc6bc04a4140e0edab83a,16,0.08,3,1538805268565,Entertainment,1.6928,0.28
5ntcLrAacyT2d3BxN,4262660ec1f6fdf01739fede05514a269afe621aa46dc6bc04a4140e0edab83a,17,0.24,3,1538805268565,Entertainment,0.1152,0.48
5z9abcorHutu6PZgg,4262660ec1f6fdf01739fede05514a269afe621aa46dc6bc04a4140e0edab83a,18,0.17,3,1538805268566,Entertainment,0.05780000000000001,0.45
8FxSJq4ohbBm8WnF7,6021519c5cb9b2c3b5e0a36272fe4539e45d07d9f97cc95f2949977e4da7852a,13,0.61,3,1538805294576,Entertainment,0.7442,0.58
LsgRMnG7fgX8Svsg9,6021519c5cb9b2c3b5e0a36272fe4539e45d07d9f97cc95f2949977e4da7852a,14,0.14,3,1538805294576,Entertainment,1.4791999999999998,0.28
igK7k2ZK9gAEj5Gum,6021519c5cb9b2c3b5e0a36272fe4539e45d07d9f97cc95f2949977e4da7852a,15,0.75,3,1538805294576,Entertainment,1.125,0.605
QeLG92eELbCTvE3Dh,6021519c5cb9b2c3b5e0a36272fe4539e45d07d9f97cc95f2949977e4da7852a,16,0.63,3,1538805294576,Entertainment,0.2738,0.545
vF3YL8JwsCEcuv8Zg,6021519c5cb9b2c3b5e0a36272fe4539e45d07d9f97cc95f2949977e4da7852a,17,0.33,3,1538805294577,Entertainment,0.21780000000000002,0.625
ZBu8CY6j93yb8Bp4N,6021519c5cb9b2c3b5e0a36272fe4539e45d07d9f97cc95f2949977e4da7852a,18,0.74,3,1538805294578,Entertainment,1.0952,0.515
DPqtJcu6vqqCwLz7z,cf015bce4d0db1d45b88ff16fcd33d27ed0eebd351a0492f493ef9bf4f71d44c,1,0.36,3,1538805551749,Sports,0.8192,0.72
Z3wYwgrSkBffhu7Xd,cf015bce4d0db1d45b88ff16fcd33d27ed0eebd351a0492f493ef9bf4f71d44c,2,0.91,3,1538805551753,Sports,1.6562000000000001,0.665
HnkDp5phpM6axvBRn,cf015bce4d0db1d45b88ff16fcd33d27ed0eebd351a0492f493ef9bf4f71d44c,3,0.18,3,1538805551755,Sports,0.0648,0.545
cvxcwAzH4iHvtWj9G,cf015bce4d0db1d45b88ff16fcd33d27ed0eebd351a0492f493ef9bf4f71d44c,4,0.68,3,1538805551758,Sports,0.20479999999999993,0.72
J6Jm3smwbrP5AkoHt,cf015bce4d0db1d45b88ff16fcd33d27ed0eebd351a0492f493ef9bf4f71d44c,5,0.25,3,1538805551761,Sports,0.125,0.47
zwJ4a5RBfWnQ3rskY,cf015bce4d0db1d45b88ff16fcd33d27ed0eebd351a0492f493ef9bf4f71d44c,6,0.25,3,1538805551763,Sports,0.125,0.53
iMPYsHQ4vDhfek7Qn,cf015bce4d0db1d45b88ff16fcd33d27ed0eebd351a0492f493ef9bf4f71d44c,7,0.77,3,1538805604229,Politics,1.1858,0.645
mTzindaR9YCdcsnbA,cf015bce4d0db1d45b88ff16fcd33d27ed0eebd351a0492f493ef9bf4f71d44c,8,0.21,3,1538805604233,Politics,1.2482000000000002,0.44
6XM3FLnGdqWm3e3jK,cf015bce4d0db1d45b88ff16fcd33d27ed0eebd351a0492f493ef9bf4f71d44c,9,0.76,3,1538805604237,Politics,1.1552,0.53
3u2cAaq7i7t9PNmc5,cf015bce4d0db1d45b88ff16fcd33d27ed0eebd351a0492f493ef9bf4f71d44c,10,0.09,3,1538805604242,Politics,0.0162,0.435
cTZp8txN3Wuh6eaYh,cf015bce4d0db1d45b88ff16fcd33d27ed0eebd351a0492f493ef9bf4f71d44c,11,0.29,3,1538805604246,Politics,0.1682,0.565
BcijAJokevEax5fQN,cf015bce4d0db1d45b88ff16fcd33d27ed0eebd351a0492f493ef9bf4f71d44c,12,0.08,3,1538805604251,Politics,0.0128,0.455
p8f3Gqth4yFYgAkhi,cf015bce4d0db1d45b88ff16fcd33d27ed0eebd351a0492f493ef9bf4f71d44c,13,0.19,3,1538805657072,Entertainment,0.0722,0.405
RwiAEq2YZ8aX4Htj3,cf015bce4d0db1d45b88ff16fcd33d27ed0eebd351a0492f493ef9bf4f71d44c,14,0.75,3,1538805657076,Entertainment,0.125,0.7
cKMgHpMLnC8mBLcC2,cf015bce4d0db1d45b88ff16fcd33d27ed0eebd351a0492f493ef9bf4f71d44c,15,0.15,3,1538805657080,Entertainment,0.045,0.455
xdYRLd5PpgoiEcjyv,cf015bce4d0db1d45b88ff16fcd33d27ed0eebd351a0492f493ef9bf4f71d44c,16,0.88,3,1538805657083,Entertainment,0.0288,0.59
e8fRLQnoYcSStK9NT,cf015bce4d0db1d45b88ff16fcd33d27ed0eebd351a0492f493ef9bf4f71d44c,17,0.2,3,1538805657084,Entertainment,0.08000000000000002,0.475
YDkTn5hcFQbZ4ZSrq,cf015bce4d0db1d45b88ff16fcd33d27ed0eebd351a0492f493ef9bf4f71d44c,18,0.82,3,1538805657087,Entertainment,1.3447999999999998,0.525
YpFrwHLwFsdiLhGzX,9f4eace18565799f182ab8983ec3bd243dc1a68e0aa2e22424d2953b8eadb0af,1,0.97,3,1538805763367,Sports,0.0018000000000000032,0.61
jg4xjLzms3uH5ZHrF,9f4eace18565799f182ab8983ec3bd243dc1a68e0aa2e22424d2953b8eadb0af,2,0.25,3,1538805763371,Sports,0.125,0.38
7tRrC2xhGKv3Ym3MH,9f4eace18565799f182ab8983ec3bd243dc1a68e0aa2e22424d2953b8eadb0af,3,0.62,3,1538805763375,Sports,0.7688,0.525
YZTjBtBGr9A7iXrm7,9f4eace18565799f182ab8983ec3bd243dc1a68e0aa2e22424d2953b8eadb0af,4,1,3,1538805763379,Sports,0,0.66
hDs4pkSEztJkF8ozP,9f4eace18565799f182ab8983ec3bd243dc1a68e0aa2e22424d2953b8eadb0af,5,1,3,1538805763383,Sports,2,0.49
XjkQpWsH24TJdBjdp,9f4eace18565799f182ab8983ec3bd243dc1a68e0aa2e22424d2953b8eadb0af,6,0.25,3,1538805763385,Sports,0.125,0.505
Mw3y3sRXgrq85aTMR,9f4eace18565799f182ab8983ec3bd243dc1a68e0aa2e22424d2953b8eadb0af,7,1,3,1538805821997,Politics,2,0.605
fxqhtQhbnwjKKBamc,9f4eace18565799f182ab8983ec3bd243dc1a68e0aa2e22424d2953b8eadb0af,8,0.2,3,1538805822e3,Politics,1.2800000000000002,0.42
TDHuvy5QLwLcGpDKB,9f4eace18565799f182ab8983ec3bd243dc1a68e0aa2e22424d2953b8eadb0af,9,1,3,1538805822002,Politics,2,0.555
KryTPEkN2ByuNdvbg,9f4eace18565799f182ab8983ec3bd243dc1a68e0aa2e22424d2953b8eadb0af,10,0,3,1538805822006,Politics,0,0.375
iNugxMhnz4cPheWzj,9f4eace18565799f182ab8983ec3bd243dc1a68e0aa2e22424d2953b8eadb0af,11,0.04,3,1538805822009,Politics,0.0032,0.41
ftJshnB6Wm36ufmiC,9f4eace18565799f182ab8983ec3bd243dc1a68e0aa2e22424d2953b8eadb0af,12,0,3,1538805822011,Politics,0,0.49
fct5typBvkdDRPHJ9,9f4eace18565799f182ab8983ec3bd243dc1a68e0aa2e22424d2953b8eadb0af,13,0.96,3,1538805881665,Entertainment,1.8432,0.56
BLejQG5h4naoXPdyS,9f4eace18565799f182ab8983ec3bd243dc1a68e0aa2e22424d2953b8eadb0af,14,0.52,3,1538805881667,Entertainment,0.4608,0.675
yx7RynqeAfuqE9toH,9f4eace18565799f182ab8983ec3bd243dc1a68e0aa2e22424d2953b8eadb0af,15,1,3,1538805881671,Entertainment,2,0.575
7mAfGyyKTuRLdzQbN,9f4eace18565799f182ab8983ec3bd243dc1a68e0aa2e22424d2953b8eadb0af,16,0.48,3,1538805881675,Entertainment,0.5408000000000001,0.65
H2RMWYX3ae8WXzGJs,9f4eace18565799f182ab8983ec3bd243dc1a68e0aa2e22424d2953b8eadb0af,17,0.35,3,1538805881678,Entertainment,0.24499999999999997,0.655
pexJiRsMiDbi24EJ9,9f4eace18565799f182ab8983ec3bd243dc1a68e0aa2e22424d2953b8eadb0af,18,0.01,3,1538805881681,Entertainment,2e-4,0.265
RwpKP3rkNo7WmavfD,0f5e3273a030f73298c099232454d7e0f994076aedfff2a64735d28357c8b95b,1,0.36,3,1538810424119,Sports,0.8192,0.615
P5SCorFudnuKenwa2,0f5e3273a030f73298c099232454d7e0f994076aedfff2a64735d28357c8b95b,2,0.73,3,1538810424120,Sports,1.0657999999999999,0.565
MQThXJWwXucJ5AFDZ,0f5e3273a030f73298c099232454d7e0f994076aedfff2a64735d28357c8b95b,3,0.06,3,1538810424122,Sports,0.0072,0.245
GSL8rpuBN8fJ8bckJ,0f5e3273a030f73298c099232454d7e0f994076aedfff2a64735d28357c8b95b,4,0.71,3,1538810424122,Sports,0.16820000000000004,0.6
Gxmj2DYieRpYzxA4L,0f5e3273a030f73298c099232454d7e0f994076aedfff2a64735d28357c8b95b,5,0.16,3,1538810424124,Sports,0.0512,0.365
tJwNvKoN8vGsKY39f,0f5e3273a030f73298c099232454d7e0f994076aedfff2a64735d28357c8b95b,6,0.35,3,1538810424125,Sports,0.24499999999999997,0.605
Fbd35zwfotpCB5GkX,0f5e3273a030f73298c099232454d7e0f994076aedfff2a64735d28357c8b95b,7,0.31,3,1538810497241,Politics,0.1922,0.62
tCATXZCGojJHz3T7w,0f5e3273a030f73298c099232454d7e0f994076aedfff2a64735d28357c8b95b,8,0.65,3,1538810497243,Politics,0.24499999999999997,0.55
fPinHNaS9bkdJ2FtH,0f5e3273a030f73298c099232454d7e0f994076aedfff2a64735d28357c8b95b,9,0.4,3,1538810497244,Politics,0.32000000000000006,0.52
zSM7bRuhb9FHoAqMF,0f5e3273a030f73298c099232454d7e0f994076aedfff2a64735d28357c8b95b,10,0.22,3,1538810497244,Politics,0.0968,0.39
xkdGM4SNkD8MBBYYe,0f5e3273a030f73298c099232454d7e0f994076aedfff2a64735d28357c8b95b,11,0.3,3,1538810497245,Politics,0.18,0.515
3kmQSMrEFkH4BnkdS,0f5e3273a030f73298c099232454d7e0f994076aedfff2a64735d28357c8b95b,12,0.45,3,1538810497246,Politics,0.405,0.385
ABDBca29E94wasJMZ,0f5e3273a030f73298c099232454d7e0f994076aedfff2a64735d28357c8b95b,13,0.97,3,1538810578526,Entertainment,1.8818,0.49
4dhWEMuRbgedBeSkf,0f5e3273a030f73298c099232454d7e0f994076aedfff2a64735d28357c8b95b,14,0.79,3,1538810578527,Entertainment,0.08819999999999997,0.58
it7DkSC87gJsXKKzg,0f5e3273a030f73298c099232454d7e0f994076aedfff2a64735d28357c8b95b,15,0.45,3,1538810578527,Entertainment,0.405,0.605
PbJGPxqiE2K7QpGrt,0f5e3273a030f73298c099232454d7e0f994076aedfff2a64735d28357c8b95b,16,0.34,3,1538810578529,Entertainment,0.8711999999999998,0.63
kaDRBWDFsWHR7Yp4W,0f5e3273a030f73298c099232454d7e0f994076aedfff2a64735d28357c8b95b,17,0.67,3,1538810578530,Entertainment,0.8978000000000002,0.415
vAy8KvJ6Dz77h2zLe,0f5e3273a030f73298c099232454d7e0f994076aedfff2a64735d28357c8b95b,18,0.5,3,1538810578531,Entertainment,0.5,0.58
puikK69JL5QcHo4nA,fde169250093acec10ec3f5c6a9da814135b5622bb4dc6b65d32defa982c2b13,1,0.59,3,1538811315026,Sports,0.33620000000000005,0.62
y3fAPDr9cQPk7Lw7G,fde169250093acec10ec3f5c6a9da814135b5622bb4dc6b65d32defa982c2b13,2,0.6,3,1538811315029,Sports,0.72,0.54
tGFbxCEqRz7AB3Zze,fde169250093acec10ec3f5c6a9da814135b5622bb4dc6b65d32defa982c2b13,3,0.3,3,1538811315032,Sports,0.18,0.55
hHM4pyKbKcfnBfJqX,fde169250093acec10ec3f5c6a9da814135b5622bb4dc6b65d32defa982c2b13,4,0.54,3,1538811315033,Sports,0.4231999999999999,0.595
RdAbEpFHrZznRYdPv,fde169250093acec10ec3f5c6a9da814135b5622bb4dc6b65d32defa982c2b13,5,0.4,3,1538811315035,Sports,0.32000000000000006,0.535
MnjXAoZuszLLw958h,fde169250093acec10ec3f5c6a9da814135b5622bb4dc6b65d32defa982c2b13,6,0.36,3,1538811315037,Sports,0.2592,0.625
KtuKJXg8wz9tdZRmb,fde169250093acec10ec3f5c6a9da814135b5622bb4dc6b65d32defa982c2b13,7,0.8,3,1538811393833,Politics,1.2800000000000002,0.565
yvncSkEF2Lj4A8Adg,fde169250093acec10ec3f5c6a9da814135b5622bb4dc6b65d32defa982c2b13,8,0.32,3,1538811393835,Politics,0.9247999999999998,0.64
z7SMQxGr9FW6PuN2K,fde169250093acec10ec3f5c6a9da814135b5622bb4dc6b65d32defa982c2b13,9,0.35,3,1538811393836,Politics,0.24499999999999997,0.525
tLSaEmbNA7CXDAGXg,fde169250093acec10ec3f5c6a9da814135b5622bb4dc6b65d32defa982c2b13,10,0.09,3,1538811393840,Politics,0.0162,0.345
7wxvMBDBrQ9P3N8br,fde169250093acec10ec3f5c6a9da814135b5622bb4dc6b65d32defa982c2b13,11,0.43,3,1538811393841,Politics,0.36979999999999996,0.455
7JNgp7f2vZzLfAqhK,fde169250093acec10ec3f5c6a9da814135b5622bb4dc6b65d32defa982c2b13,12,0.5,3,1538811393841,Politics,0.5,0.375
vKEENwYJrYWnAqi5K,b9d26164ebd3f7fd72c980ca8062e3cf6796b3e34b846d60c9a40948774207cf,1,0.5,3,1538811437145,Sports,0.5,0.565
dydd7FTm5qmwGfCHf,b9d26164ebd3f7fd72c980ca8062e3cf6796b3e34b846d60c9a40948774207cf,2,0.5,3,1538811437148,Sports,0.5,0.56
Fp3nYr98QrhcPDELp,b9d26164ebd3f7fd72c980ca8062e3cf6796b3e34b846d60c9a40948774207cf,3,0.55,3,1538811437149,Sports,0.6050000000000001,0.455
WJGhafc6M74bT4HY4,b9d26164ebd3f7fd72c980ca8062e3cf6796b3e34b846d60c9a40948774207cf,4,0.75,3,1538811437152,Sports,0.125,0.55
9PqGtQYT52CDqHaYn,b9d26164ebd3f7fd72c980ca8062e3cf6796b3e34b846d60c9a40948774207cf,5,0.5,3,1538811437154,Sports,0.5,0.515
YYfu48gNyTezafik8,b9d26164ebd3f7fd72c980ca8062e3cf6796b3e34b846d60c9a40948774207cf,6,0.61,3,1538811437155,Sports,0.7442,0.465
5Eqv7HkbDXeE5mFzd,b9d26164ebd3f7fd72c980ca8062e3cf6796b3e34b846d60c9a40948774207cf,7,0.5,3,1538811488181,Politics,0.5,0.58
piXarSgNGzBpafQaa,b9d26164ebd3f7fd72c980ca8062e3cf6796b3e34b846d60c9a40948774207cf,8,0.6,3,1538811488184,Politics,0.32000000000000006,0.5
FQ78vERjfnaaaZXaJ,b9d26164ebd3f7fd72c980ca8062e3cf6796b3e34b846d60c9a40948774207cf,9,0.4,3,1538811488186,Politics,0.32000000000000006,0.58
ebd8mFySE8A99Smre,b9d26164ebd3f7fd72c980ca8062e3cf6796b3e34b846d60c9a40948774207cf,10,0.5,3,1538811488188,Politics,0.5,0.37
ydauGasf9H9umHjiu,b9d26164ebd3f7fd72c980ca8062e3cf6796b3e34b846d60c9a40948774207cf,11,0.4,3,1538811488190,Politics,0.32000000000000006,0.415
T9zBjwRuFRXtZvvQn,b9d26164ebd3f7fd72c980ca8062e3cf6796b3e34b846d60c9a40948774207cf,12,0.4,3,1538811488191,Politics,0.32000000000000006,0.315
aPGgMqbFuXaSCjwQK,b9d26164ebd3f7fd72c980ca8062e3cf6796b3e34b846d60c9a40948774207cf,13,0.56,3,1538811535084,Entertainment,0.6272000000000001,0.53
si65ypdoTAyuav5bQ,b9d26164ebd3f7fd72c980ca8062e3cf6796b3e34b846d60c9a40948774207cf,14,0.5,3,1538811535086,Entertainment,0.5,0.55
5wc6YZiXCakwwjJBa,b9d26164ebd3f7fd72c980ca8062e3cf6796b3e34b846d60c9a40948774207cf,15,0.41,3,1538811535087,Entertainment,0.33619999999999994,0.525
nwTFx2FoCzmw5Jx3D,b9d26164ebd3f7fd72c980ca8062e3cf6796b3e34b846d60c9a40948774207cf,16,0.6,3,1538811535089,Entertainment,0.32000000000000006,0.5
AG3fSjbfSgRyEtf9J,b9d26164ebd3f7fd72c980ca8062e3cf6796b3e34b846d60c9a40948774207cf,17,0.44,3,1538811535090,Entertainment,0.3872,0.52
STGDtjddyBfbHYqwE,b9d26164ebd3f7fd72c980ca8062e3cf6796b3e34b846d60c9a40948774207cf,18,0.5,3,1538811535092,Entertainment,0.5,0.535
kY3Hm3XMib5AiStyo,fde169250093acec10ec3f5c6a9da814135b5622bb4dc6b65d32defa982c2b13,13,0.323,3,1538811606514,Entertainment,0.208658,0.565
ixNxCoKyTvXtzXBmB,fde169250093acec10ec3f5c6a9da814135b5622bb4dc6b65d32defa982c2b13,14,0.97,3,1538811606515,Entertainment,0.0018000000000000032,0.575
MMRACEt6p2HqyMwnZ,fde169250093acec10ec3f5c6a9da814135b5622bb4dc6b65d32defa982c2b13,15,0.02,3,1538811606516,Entertainment,8e-4,0.235
xANpktbdMeKuPp7Rq,fde169250093acec10ec3f5c6a9da814135b5622bb4dc6b65d32defa982c2b13,16,0.49,3,1538811606517,Entertainment,0.5202,0.6
9nb7NXXXSg2En5uYr,fde169250093acec10ec3f5c6a9da814135b5622bb4dc6b65d32defa982c2b13,17,0.34,3,1538811606521,Entertainment,0.23120000000000004,0.595
2CHndsL2MWWpKf4eu,fde169250093acec10ec3f5c6a9da814135b5622bb4dc6b65d32defa982c2b13,18,0.25,3,1538811606522,Entertainment,0.125,0.445
94FnXrH5P56yP3eYz,1bf54a3ecea66073c8b79f0a70f7b021eb47d231d85d1fae7499b6795a1b5f89,1,0.71,3,1538812150596,Sports,0.16820000000000004,0.575
HokEi6uaPmFQs6gvF,1bf54a3ecea66073c8b79f0a70f7b021eb47d231d85d1fae7499b6795a1b5f89,2,0.36,3,1538812150597,Sports,0.2592,0.615
S838kjhXM8gHNhpNp,1bf54a3ecea66073c8b79f0a70f7b021eb47d231d85d1fae7499b6795a1b5f89,3,0.25,3,1538812150598,Sports,0.125,0.445
Zera5hgwug7PtbwD5,1bf54a3ecea66073c8b79f0a70f7b021eb47d231d85d1fae7499b6795a1b5f89,4,0.81,3,1538812150599,Sports,0.07219999999999996,0.655
GJ52XHbQbZbHxcjnf,1bf54a3ecea66073c8b79f0a70f7b021eb47d231d85d1fae7499b6795a1b5f89,5,0.26,3,1538812150599,Sports,0.13520000000000001,0.47
gCZWCThrYbQurCakt,1bf54a3ecea66073c8b79f0a70f7b021eb47d231d85d1fae7499b6795a1b5f89,6,0.78,3,1538812150599,Sports,1.2168,0.6
mxiYT54F9Y6MPZ6XX,1bf54a3ecea66073c8b79f0a70f7b021eb47d231d85d1fae7499b6795a1b5f89,7,0.34,3,1538812205482,Politics,0.23120000000000004,0.625
2ypm9d6Cpb7rSTQz2,1bf54a3ecea66073c8b79f0a70f7b021eb47d231d85d1fae7499b6795a1b5f89,8,0.79,3,1538812205482,Politics,0.08819999999999997,0.58
6WxFJDnyaqruQKbRC,1bf54a3ecea66073c8b79f0a70f7b021eb47d231d85d1fae7499b6795a1b5f89,9,0.41,3,1538812205483,Politics,0.33619999999999994,0.59
sbjFkPaceouAXuoDr,1bf54a3ecea66073c8b79f0a70f7b021eb47d231d85d1fae7499b6795a1b5f89,10,0.37,3,1538812205483,Politics,0.2738,0.61
saavTmkNb5xJdkXh6,1bf54a3ecea66073c8b79f0a70f7b021eb47d231d85d1fae7499b6795a1b5f89,11,0.14,3,1538812205484,Politics,0.039200000000000006,0.58
rvvFeM2BAkzTJi6up,1bf54a3ecea66073c8b79f0a70f7b021eb47d231d85d1fae7499b6795a1b5f89,12,0.09,3,1538812205484,Politics,0.0162,0.38
nDiziqWYsvu6kiFHh,7119ac4663c936947fad81ce0c6f5f24fc926f8aabda568d2e8429c23a6c756a,1,0.9,3,1538812230605,Sports,0.01999999999999999,0.625
un2p77dyfjX2YbpDv,7119ac4663c936947fad81ce0c6f5f24fc926f8aabda568d2e8429c23a6c756a,2,0.64,3,1538812230606,Sports,0.8192,0.645
ASfHi5fnnFfezhWQm,7119ac4663c936947fad81ce0c6f5f24fc926f8aabda568d2e8429c23a6c756a,3,0,3,1538812230607,Sports,0,0.35
ntJwbXvhWuccR9Lh2,7119ac4663c936947fad81ce0c6f5f24fc926f8aabda568d2e8429c23a6c756a,4,0.74,3,1538812230607,Sports,0.13520000000000001,0.695
NcEWQqFSmizNau8g2,7119ac4663c936947fad81ce0c6f5f24fc926f8aabda568d2e8429c23a6c756a,5,0.2,3,1538812230609,Sports,0.08000000000000002,0.45
JjhP7NDBEjpprCP5d,7119ac4663c936947fad81ce0c6f5f24fc926f8aabda568d2e8429c23a6c756a,6,0,3,1538812230609,Sports,0,0.28
n6EraYFYWxQvvS5i8,1bf54a3ecea66073c8b79f0a70f7b021eb47d231d85d1fae7499b6795a1b5f89,13,0.82,3,1538812251930,Entertainment,1.3447999999999998,0.555
fgNSMrkgWypAkddbk,1bf54a3ecea66073c8b79f0a70f7b021eb47d231d85d1fae7499b6795a1b5f89,14,0.82,3,1538812251931,Entertainment,0.06480000000000004,0.625
2QRXXCMAtXnTQc8bL,1bf54a3ecea66073c8b79f0a70f7b021eb47d231d85d1fae7499b6795a1b5f89,15,0.18,3,1538812251932,Entertainment,0.0648,0.38
PQ2dE4XqqRggZTiRq,1bf54a3ecea66073c8b79f0a70f7b021eb47d231d85d1fae7499b6795a1b5f89,16,0.25,3,1538812251932,Entertainment,1.125,0.48
yHvsPn9upYAMfrACB,1bf54a3ecea66073c8b79f0a70f7b021eb47d231d85d1fae7499b6795a1b5f89,17,0.69,3,1538812251933,Entertainment,0.9521999999999998,0.435
FBrwy43zBeqJWeNhp,1bf54a3ecea66073c8b79f0a70f7b021eb47d231d85d1fae7499b6795a1b5f89,18,0.27,3,1538812251933,Entertainment,0.1458,0.45
EgXwBJwA3tNfR7qMg,8cd6341c1dd8201a29ce2c649afaed9328f46668b0339266d10d389fa40e0280,1,0.5,3,1538812265720,Sports,0.5,0.575
SEJ3FZyPZD6uE2zh9,8cd6341c1dd8201a29ce2c649afaed9328f46668b0339266d10d389fa40e0280,2,0.7,3,1538812265723,Sports,0.9799999999999999,0.54
EDs2muTsodRbYEz6s,8cd6341c1dd8201a29ce2c649afaed9328f46668b0339266d10d389fa40e0280,3,0.85,3,1538812265724,Sports,1.4449999999999998,0.435
nwu8uSqt2v3T2Cqdd,8cd6341c1dd8201a29ce2c649afaed9328f46668b0339266d10d389fa40e0280,4,1,3,1538812265725,Sports,0,0.59
TLjzTtpPdRPCyQP2C,8cd6341c1dd8201a29ce2c649afaed9328f46668b0339266d10d389fa40e0280,5,1,3,1538812265727,Sports,2,0.475
uXJBDPukXnuSmBgve,8cd6341c1dd8201a29ce2c649afaed9328f46668b0339266d10d389fa40e0280,6,1,3,1538812265728,Sports,2,0.545
sefzaregACN4QZtRk,8cd6341c1dd8201a29ce2c649afaed9328f46668b0339266d10d389fa40e0280,7,0.9,3,1538812396149,Politics,1.62,0.575
ia2PBQppn5sHrZxhA,8cd6341c1dd8201a29ce2c649afaed9328f46668b0339266d10d389fa40e0280,8,0.5,3,1538812396150,Politics,0.5,0.54
KSP6BjgsyKzpWkFxX,8cd6341c1dd8201a29ce2c649afaed9328f46668b0339266d10d389fa40e0280,9,0.75,3,1538812396151,Politics,1.125,0.485
WTyhEnzHF8uDNHcGP,8cd6341c1dd8201a29ce2c649afaed9328f46668b0339266d10d389fa40e0280,10,0.9,3,1538812396156,Politics,1.62,0.355
FqZv9tz8FixhL29vC,8cd6341c1dd8201a29ce2c649afaed9328f46668b0339266d10d389fa40e0280,11,0.5,3,1538812396156,Politics,0.5,0.45
gN5698R4azPkkuuCr,8cd6341c1dd8201a29ce2c649afaed9328f46668b0339266d10d389fa40e0280,12,1,3,1538812396157,Politics,2,0.295
qCrY4dNf2EwpNMoPo,7119ac4663c936947fad81ce0c6f5f24fc926f8aabda568d2e8429c23a6c756a,7,1,3,1538812430128,Politics,2,0.635
CjDzFwH7P8EYvJgNh,7119ac4663c936947fad81ce0c6f5f24fc926f8aabda568d2e8429c23a6c756a,8,0.65,3,1538812430128,Politics,0.24499999999999997,0.615
WRKnBRuAxPTR2zjQX,7119ac4663c936947fad81ce0c6f5f24fc926f8aabda568d2e8429c23a6c756a,9,0.72,3,1538812430128,Politics,1.0368,0.585
REMJqZmAfwuppg48w,7119ac4663c936947fad81ce0c6f5f24fc926f8aabda568d2e8429c23a6c756a,10,0.13,3,1538812430128,Politics,0.033800000000000004,0.56
djxx4nmtv3CMvyGyL,7119ac4663c936947fad81ce0c6f5f24fc926f8aabda568d2e8429c23a6c756a,11,0.74,3,1538812430130,Politics,1.0952,0.425
WqCny9Hx8RRsm7EZy,7119ac4663c936947fad81ce0c6f5f24fc926f8aabda568d2e8429c23a6c756a,12,0.25,3,1538812430130,Politics,0.125,0.465
GZoMLj5wa4nCeTz28,8cd6341c1dd8201a29ce2c649afaed9328f46668b0339266d10d389fa40e0280,13,0.4,3,1538812542189,Entertainment,0.32000000000000006,0.63
vLc4xKfPZwmcKpPAq,8cd6341c1dd8201a29ce2c649afaed9328f46668b0339266d10d389fa40e0280,14,0.5,3,1538812542190,Entertainment,0.5,0.585
wYpvhBMcSuhmAZ4WX,8cd6341c1dd8201a29ce2c649afaed9328f46668b0339266d10d389fa40e0280,15,0.5,3,1538812542191,Entertainment,0.5,0.57
yseSwyrYKGw4STDFw,8cd6341c1dd8201a29ce2c649afaed9328f46668b0339266d10d389fa40e0280,16,0.65,3,1538812542192,Entertainment,0.24499999999999997,0.485
m95mCdeQjBfMXjpxH,8cd6341c1dd8201a29ce2c649afaed9328f46668b0339266d10d389fa40e0280,17,0.6,3,1538812542192,Entertainment,0.72,0.46
YRGiWKf5B2SxZfjWP,8cd6341c1dd8201a29ce2c649afaed9328f46668b0339266d10d389fa40e0280,18,0.9,3,1538812542194,Entertainment,1.62,0.51
kThBZ7qCPE64ik7g7,7119ac4663c936947fad81ce0c6f5f24fc926f8aabda568d2e8429c23a6c756a,13,0.8,3,1538812611753,Entertainment,1.2800000000000002,0.575
RxTPgYbjFHiQjGGJo,7119ac4663c936947fad81ce0c6f5f24fc926f8aabda568d2e8429c23a6c756a,14,0.8,3,1538812611754,Entertainment,0.07999999999999996,0.635
x2z4q3bG6qGGRRgZu,7119ac4663c936947fad81ce0c6f5f24fc926f8aabda568d2e8429c23a6c756a,15,1,3,1538812611754,Entertainment,2,0.56
age3HLbjfjCM59rZJ,7119ac4663c936947fad81ce0c6f5f24fc926f8aabda568d2e8429c23a6c756a,16,0.6,3,1538812611755,Entertainment,0.32000000000000006,0.59
hMYQwZofJL7w5ZZnX,7119ac4663c936947fad81ce0c6f5f24fc926f8aabda568d2e8429c23a6c756a,17,0.15,3,1538812611755,Entertainment,0.045,0.435
iAemE8t77cu2z8YcX,7119ac4663c936947fad81ce0c6f5f24fc926f8aabda568d2e8429c23a6c756a,18,0.7,3,1538812611756,Entertainment,0.9799999999999999,0.54
qHCS3PN3QbPdyYjyw,6a15cbbe27bfe2707ee3167be6051b2b4d572ec36039aec4c94b4cf6319c3647,1,0.61,3,1538814788708,Sports,0.3042,0.705
ag6tsftkZSfphAjN8,6a15cbbe27bfe2707ee3167be6051b2b4d572ec36039aec4c94b4cf6319c3647,2,0.73,3,1538814788709,Sports,1.0657999999999999,0.645
rbkBWZbKAitvisAv8,6a15cbbe27bfe2707ee3167be6051b2b4d572ec36039aec4c94b4cf6319c3647,3,0.64,3,1538814788709,Sports,0.8192,0.585
67ZThgScMb3JatA8E,6a15cbbe27bfe2707ee3167be6051b2b4d572ec36039aec4c94b4cf6319c3647,4,0.8,3,1538814788709,Sports,0.07999999999999996,0.705
gLgBLw2bkrWx7DjwZ,6a15cbbe27bfe2707ee3167be6051b2b4d572ec36039aec4c94b4cf6319c3647,5,0.1,3,1538814788709,Sports,0.020000000000000004,0.425
YHDQCvDwtqatNxDcj,6a15cbbe27bfe2707ee3167be6051b2b4d572ec36039aec4c94b4cf6319c3647,6,0.55,3,1538814788709,Sports,0.6050000000000001,0.665
9Eh2EuJ9uupCS397B,6a15cbbe27bfe2707ee3167be6051b2b4d572ec36039aec4c94b4cf6319c3647,7,0.11,3,1538814841251,Politics,0.0242,0.4
R7wx67kwDwYCdKgjh,6a15cbbe27bfe2707ee3167be6051b2b4d572ec36039aec4c94b4cf6319c3647,8,0.2,3,1538814841251,Politics,1.2800000000000002,0.56
T96nnWJuzMtHbQ6AJ,6a15cbbe27bfe2707ee3167be6051b2b4d572ec36039aec4c94b4cf6319c3647,9,0.06,3,1538814841251,Politics,0.0072,0.34
dyfTxRC9DZcXEwpCT,6a15cbbe27bfe2707ee3167be6051b2b4d572ec36039aec4c94b4cf6319c3647,10,0.11,3,1538814841252,Politics,0.0242,0.535
XkFnMvBmoKJJkuQ4g,6a15cbbe27bfe2707ee3167be6051b2b4d572ec36039aec4c94b4cf6319c3647,11,0,3,1538814841252,Politics,0,0.49
u3Tm6MZuTy9qtarNY,6a15cbbe27bfe2707ee3167be6051b2b4d572ec36039aec4c94b4cf6319c3647,12,0.05,3,1538814841252,Politics,0.005000000000000001,0.45
JTdiTHwNuo8G8r9wY,6a15cbbe27bfe2707ee3167be6051b2b4d572ec36039aec4c94b4cf6319c3647,13,0.23,3,1538814873667,Entertainment,0.1058,0.445
ujjiKsp7G6zenRivQ,6a15cbbe27bfe2707ee3167be6051b2b4d572ec36039aec4c94b4cf6319c3647,14,0.59,3,1538814873667,Entertainment,0.33620000000000005,0.735
xta3SQe5P9jDEFD4u,6a15cbbe27bfe2707ee3167be6051b2b4d572ec36039aec4c94b4cf6319c3647,15,0.26,3,1538814873668,Entertainment,0.13520000000000001,0.515
pxMfvm8vwQSRPpuB5,6a15cbbe27bfe2707ee3167be6051b2b4d572ec36039aec4c94b4cf6319c3647,16,0,3,1538814873668,Entertainment,2,0.31
4yqGDMpDSWotZa8ZB,6a15cbbe27bfe2707ee3167be6051b2b4d572ec36039aec4c94b4cf6319c3647,17,0.65,3,1538814873669,Entertainment,0.8450000000000001,0.59
pcnXyTb4kTr3To5LE,6a15cbbe27bfe2707ee3167be6051b2b4d572ec36039aec4c94b4cf6319c3647,18,0.11,3,1538814873669,Entertainment,0.0242,0.435
RyMcsMDKXGDTSpYi4,833f15946974c8d4733f300553fae4248aa6b3acda6990c26df78cd2622143ce,1,0.75,3,1538816178628,Sports,0.125,0.495
9KfiAYg2dedGkvCoL,833f15946974c8d4733f300553fae4248aa6b3acda6990c26df78cd2622143ce,2,1,3,1538816178630,Sports,2,0.55
tMBLkMTLZcpKTodq2,833f15946974c8d4733f300553fae4248aa6b3acda6990c26df78cd2622143ce,3,0.18,3,1538816178632,Sports,0.0648,0.385
jeF4itaa8GwC2W2Pp,833f15946974c8d4733f300553fae4248aa6b3acda6990c26df78cd2622143ce,4,0,3,1538816178633,Sports,2,0.13
AhHCedqs9hn55MvqQ,833f15946974c8d4733f300553fae4248aa6b3acda6990c26df78cd2622143ce,5,0.56,3,1538816178633,Sports,0.6272000000000001,0.51
NMuw49xS8qqqRLQ8s,833f15946974c8d4733f300553fae4248aa6b3acda6990c26df78cd2622143ce,6,0.8,3,1538816178635,Sports,1.2800000000000002,0.55
AdscSF3MFKyhmFQxb,833f15946974c8d4733f300553fae4248aa6b3acda6990c26df78cd2622143ce,7,0.44,3,1538816195866,Politics,0.3872,0.58
d8XiZELC3dyKxXkpw,833f15946974c8d4733f300553fae4248aa6b3acda6990c26df78cd2622143ce,8,0.8,3,1538816195868,Politics,0.07999999999999996,0.525
2gYCvcSyfxwAzdsxF,833f15946974c8d4733f300553fae4248aa6b3acda6990c26df78cd2622143ce,9,0.29,3,1538816195870,Politics,0.1682,0.405
CkcCNNQLARtxfPZgd,833f15946974c8d4733f300553fae4248aa6b3acda6990c26df78cd2622143ce,10,0.3,3,1538816195871,Politics,0.18,0.485
K3tZAcz6sErFQuqXQ,833f15946974c8d4733f300553fae4248aa6b3acda6990c26df78cd2622143ce,11,0.88,3,1538816195872,Politics,1.5488,0.4
at4obsXwhcakSBJ9D,833f15946974c8d4733f300553fae4248aa6b3acda6990c26df78cd2622143ce,12,0.38,3,1538816195874,Politics,0.2888,0.53
giwHGpbdpeqtnuMpP,833f15946974c8d4733f300553fae4248aa6b3acda6990c26df78cd2622143ce,13,0.59,3,1538816212189,Entertainment,0.6961999999999999,0.59
iXwxGT96K46wMFjtu,833f15946974c8d4733f300553fae4248aa6b3acda6990c26df78cd2622143ce,14,0.31,3,1538816212190,Entertainment,0.9521999999999998,0.64
DTd8vM5J7v85xWJ2y,833f15946974c8d4733f300553fae4248aa6b3acda6990c26df78cd2622143ce,15,0.33,3,1538816212192,Entertainment,0.21780000000000002,0.57
biR6gNM7HReMxRW2G,833f15946974c8d4733f300553fae4248aa6b3acda6990c26df78cd2622143ce,16,0.65,3,1538816212192,Entertainment,0.24499999999999997,0.52
hhpv7JA9PBFgGNqJD,833f15946974c8d4733f300553fae4248aa6b3acda6990c26df78cd2622143ce,17,0.35,3,1538816212194,Entertainment,0.24499999999999997,0.56
kf9wzWTme5cgxjD9B,833f15946974c8d4733f300553fae4248aa6b3acda6990c26df78cd2622143ce,18,0.87,3,1538816212196,Entertainment,1.5138,0.475
a29KixjFgvSbgzA2G,9252a44986ee93abaaf5d9d7719cc28cc711a27f0c1a9b191657eaa3c73c7244,1,0.1,3,1538817684243,Sports,1.62,0.4
FobpvezFQdJvyLaL3,9252a44986ee93abaaf5d9d7719cc28cc711a27f0c1a9b191657eaa3c73c7244,2,0.1,3,1538817684244,Sports,0.020000000000000004,0.415
ffChaBq6cqGRcqLX5,9252a44986ee93abaaf5d9d7719cc28cc711a27f0c1a9b191657eaa3c73c7244,3,0.9,3,1538817684244,Sports,1.62,0.52
q2Ekj6NKr2QPTeLtc,9252a44986ee93abaaf5d9d7719cc28cc711a27f0c1a9b191657eaa3c73c7244,4,0.9,3,1538817684245,Sports,0.01999999999999999,0.61
MDC2RiFWfMMEhtyQb,9252a44986ee93abaaf5d9d7719cc28cc711a27f0c1a9b191657eaa3c73c7244,5,0.1,3,1538817684246,Sports,0.020000000000000004,0.515
uCRnKZWkQXgeejoDF,9252a44986ee93abaaf5d9d7719cc28cc711a27f0c1a9b191657eaa3c73c7244,6,0.1,3,1538817684246,Sports,0.020000000000000004,0.435
Pey75Hax6p2rEpBsi,9252a44986ee93abaaf5d9d7719cc28cc711a27f0c1a9b191657eaa3c73c7244,7,1,3,1538817792869,Politics,2,0.68
KQaD8AhegHd4k5GeQ,9252a44986ee93abaaf5d9d7719cc28cc711a27f0c1a9b191657eaa3c73c7244,8,1,3,1538817792870,Politics,0,0.585
EEhoSjmvMD5zYxinJ,9252a44986ee93abaaf5d9d7719cc28cc711a27f0c1a9b191657eaa3c73c7244,9,0,3,1538817792871,Politics,0,0.275
4J8ay66moCJiFm3Zp,9252a44986ee93abaaf5d9d7719cc28cc711a27f0c1a9b191657eaa3c73c7244,10,0.25,3,1538817792871,Politics,0.125,0.5
aGcsPb9yQvmJsFhE8,9252a44986ee93abaaf5d9d7719cc28cc711a27f0c1a9b191657eaa3c73c7244,11,1,3,1538817792872,Politics,2,0.4
pcKMaMfzQLw9juqTD,9252a44986ee93abaaf5d9d7719cc28cc711a27f0c1a9b191657eaa3c73c7244,12,0.25,3,1538817792872,Politics,0.125,0.485
bSYTDSW8iTCnTvp7r,9252a44986ee93abaaf5d9d7719cc28cc711a27f0c1a9b191657eaa3c73c7244,13,0.9,3,1538817889863,Entertainment,1.62,0.625
scbpc5kfWXByAh2QG,9252a44986ee93abaaf5d9d7719cc28cc711a27f0c1a9b191657eaa3c73c7244,14,0.1,3,1538817889863,Entertainment,1.62,0.355
WfZAWTsT5WNPQgS8n,9252a44986ee93abaaf5d9d7719cc28cc711a27f0c1a9b191657eaa3c73c7244,15,0.3,3,1538817889864,Entertainment,0.18,0.68
j7aermv5mFad7aBhd,9252a44986ee93abaaf5d9d7719cc28cc711a27f0c1a9b191657eaa3c73c7244,16,0.5,3,1538817889865,Entertainment,0.5,0.645
raHR7tpwimidTpdC9,9252a44986ee93abaaf5d9d7719cc28cc711a27f0c1a9b191657eaa3c73c7244,17,0,3,1538817889866,Entertainment,0,0.335
9bnLyX2DZwJfNCvTP,9252a44986ee93abaaf5d9d7719cc28cc711a27f0c1a9b191657eaa3c73c7244,18,1,3,1538817889866,Entertainment,2,0.585
MZxg5CRK6n82ce35x,b8f50e9e511939c1353ee1f4170a45457f46038138e365508e07b8b94c6d2db0,1,0.95,3,1538819895250,Sports,0.005000000000000009,0.52
sxKuTM3cQRMfzrgS6,b8f50e9e511939c1353ee1f4170a45457f46038138e365508e07b8b94c6d2db0,2,0.57,3,1538819895251,Sports,0.6497999999999999,0.57
hbCGPwq2BBigciug2,b8f50e9e511939c1353ee1f4170a45457f46038138e365508e07b8b94c6d2db0,3,0.56,3,1538819895251,Sports,0.6272000000000001,0.47
MQZECQD3RRYfZckEX,b8f50e9e511939c1353ee1f4170a45457f46038138e365508e07b8b94c6d2db0,4,0.64,3,1538819895252,Sports,0.2592,0.6
cbMtao33wH3ovE3Tf,b8f50e9e511939c1353ee1f4170a45457f46038138e365508e07b8b94c6d2db0,5,0.64,3,1538819895252,Sports,0.8192,0.42
As8asfXZN2actSBvN,b8f50e9e511939c1353ee1f4170a45457f46038138e365508e07b8b94c6d2db0,6,0.78,3,1538819895252,Sports,1.2168,0.515
DyQzE2HwoER3tdnx6,b8f50e9e511939c1353ee1f4170a45457f46038138e365508e07b8b94c6d2db0,7,0.53,3,1538819981056,Politics,0.5618000000000001,0.565
87sFnBGR5dDYZqh4D,b8f50e9e511939c1353ee1f4170a45457f46038138e365508e07b8b94c6d2db0,8,0.52,3,1538819981057,Politics,0.4608,0.555
YnpZ2xXduYfYyNRXH,b8f50e9e511939c1353ee1f4170a45457f46038138e365508e07b8b94c6d2db0,9,0.46,3,1538819981057,Politics,0.4232,0.515
DWuPYdF4gHmrAsjyM,b8f50e9e511939c1353ee1f4170a45457f46038138e365508e07b8b94c6d2db0,10,0.37,3,1538819981058,Politics,0.2738,0.505
asenYSxCRSC4EzXPC,b8f50e9e511939c1353ee1f4170a45457f46038138e365508e07b8b94c6d2db0,11,0.52,3,1538819981058,Politics,0.5408000000000001,0.46
w4znaERBdioi8qoL5,b8f50e9e511939c1353ee1f4170a45457f46038138e365508e07b8b94c6d2db0,12,0.39,3,1538819981058,Politics,0.3042,0.42
FPkdwKgcJPvEySHRR,b8f50e9e511939c1353ee1f4170a45457f46038138e365508e07b8b94c6d2db0,13,0.78,3,1538820122655,Entertainment,1.2168,0.49
2i73DhXTodbptdvSG,b8f50e9e511939c1353ee1f4170a45457f46038138e365508e07b8b94c6d2db0,14,0.55,3,1538820122655,Entertainment,0.4049999999999999,0.59
GviDCxAT2HvnwMyR7,b8f50e9e511939c1353ee1f4170a45457f46038138e365508e07b8b94c6d2db0,15,0.54,3,1538820122655,Entertainment,0.5832,0.505
AuJ8sQw7dPG7zd8Cm,b8f50e9e511939c1353ee1f4170a45457f46038138e365508e07b8b94c6d2db0,16,0.56,3,1538820122656,Entertainment,0.38719999999999993,0.555
yBLh6Y6FeRGpZ6Sx2,b8f50e9e511939c1353ee1f4170a45457f46038138e365508e07b8b94c6d2db0,17,0.5,3,1538820122656,Entertainment,0.5,0.485
WdQ87hWEJ8sshq7mx,b8f50e9e511939c1353ee1f4170a45457f46038138e365508e07b8b94c6d2db0,18,0.47,3,1538820122657,Entertainment,0.44179999999999997,0.51
JHryuH2BgoHRDrBmo,98c44eb967d4e4b8fc2bc4bb78233e65c80a92f8f40847d008d86d5bd3363a8e,1,0.63,3,1538820511468,Sports,0.2738,0.515
3G6Njkb8KRG9ToyWT,98c44eb967d4e4b8fc2bc4bb78233e65c80a92f8f40847d008d86d5bd3363a8e,2,0.87,3,1538820511471,Sports,1.5138,0.535
cMErPFppZGwMndzF7,98c44eb967d4e4b8fc2bc4bb78233e65c80a92f8f40847d008d86d5bd3363a8e,3,0.3,3,1538820511474,Sports,0.18,0.58
DdNT6pBzFH6w3hGeR,98c44eb967d4e4b8fc2bc4bb78233e65c80a92f8f40847d008d86d5bd3363a8e,4,0.81,3,1538820511476,Sports,0.07219999999999996,0.62
zT4vjMDtjLw77FrEC,98c44eb967d4e4b8fc2bc4bb78233e65c80a92f8f40847d008d86d5bd3363a8e,5,0.69,3,1538820511478,Sports,0.9521999999999998,0.425
5aykYBwHFZMjiJwYp,98c44eb967d4e4b8fc2bc4bb78233e65c80a92f8f40847d008d86d5bd3363a8e,6,0.38,3,1538820511480,Sports,0.2888,0.61
qq5zFbqD7dHFNJq3R,2eda7d89370dd39670ee940f5d23bf8fc6d10d74e2aeafb16e8f6d9c1f4ff3a3,1,0.7,3,1538820763080,Sports,0.18000000000000005,0.62
C44Q2J7uERky4Rm7S,2eda7d89370dd39670ee940f5d23bf8fc6d10d74e2aeafb16e8f6d9c1f4ff3a3,2,1,3,1538820763082,Sports,2,0.585
7DbbRZbiXHtjbGggw,2eda7d89370dd39670ee940f5d23bf8fc6d10d74e2aeafb16e8f6d9c1f4ff3a3,3,0.1,3,1538820763083,Sports,0.020000000000000004,0.53
wiDiz4QNb9jq2SezY,2eda7d89370dd39670ee940f5d23bf8fc6d10d74e2aeafb16e8f6d9c1f4ff3a3,4,0.65,3,1538820763084,Sports,0.24499999999999997,0.665
G2zfCh82qAEZPBWdT,2eda7d89370dd39670ee940f5d23bf8fc6d10d74e2aeafb16e8f6d9c1f4ff3a3,5,0.35,3,1538820763084,Sports,0.24499999999999997,0.66
yaZk3GCDd9N3X2vac,2eda7d89370dd39670ee940f5d23bf8fc6d10d74e2aeafb16e8f6d9c1f4ff3a3,6,0.75,3,1538820763086,Sports,1.125,0.6
fp9YXLEJZWz7zvKm5,2eda7d89370dd39670ee940f5d23bf8fc6d10d74e2aeafb16e8f6d9c1f4ff3a3,7,1,3,1538820861986,Politics,2,0.625
dPZToGAiueFsDsTNx,2eda7d89370dd39670ee940f5d23bf8fc6d10d74e2aeafb16e8f6d9c1f4ff3a3,8,0,3,1538820861986,Politics,2,0.265
ytwo6Awx3memsoCxi,2eda7d89370dd39670ee940f5d23bf8fc6d10d74e2aeafb16e8f6d9c1f4ff3a3,9,0.8,3,1538820861988,Politics,1.2800000000000002,0.5
rv4Wuzb5xjLv662Q2,2eda7d89370dd39670ee940f5d23bf8fc6d10d74e2aeafb16e8f6d9c1f4ff3a3,10,0,3,1538820861988,Politics,0,0.445
Dxk3z53YzBtiHCLQ5,2eda7d89370dd39670ee940f5d23bf8fc6d10d74e2aeafb16e8f6d9c1f4ff3a3,11,0.15,3,1538820861989,Politics,0.045,0.5
gqM6NrqHcrKS2tDZW,2eda7d89370dd39670ee940f5d23bf8fc6d10d74e2aeafb16e8f6d9c1f4ff3a3,12,0,3,1538820861990,Politics,0,0.44
fsq4jAC3QWe4HyPWR,64291207062951dd78d84025e04d014850eea037caf1fea38212a4428c40a985,1,0.36,3,1538821051708,Sports,0.8192,0.62
i5qc8mf9pe62BnA3L,64291207062951dd78d84025e04d014850eea037caf1fea38212a4428c40a985,2,0.51,3,1538821051709,Sports,0.5202,0.56
Q7qa9q7g4Cni3w4aa,64291207062951dd78d84025e04d014850eea037caf1fea38212a4428c40a985,3,0.56,3,1538821051711,Sports,0.6272000000000001,0.5
nYnk6nzMXWFtKHSE6,64291207062951dd78d84025e04d014850eea037caf1fea38212a4428c40a985,4,0.75,3,1538821051712,Sports,0.125,0.51
Hn3rKsLcK39axKYib,64291207062951dd78d84025e04d014850eea037caf1fea38212a4428c40a985,5,0.67,3,1538821051712,Sports,0.8978000000000002,0.425
kkbMTxQsdCeQmEvHw,64291207062951dd78d84025e04d014850eea037caf1fea38212a4428c40a985,6,0.62,3,1538821051712,Sports,0.7688,0.455
rF6JxiZGug49h3Kyz,2eda7d89370dd39670ee940f5d23bf8fc6d10d74e2aeafb16e8f6d9c1f4ff3a3,13,0,3,1538821154945,Entertainment,0,0.27
XGfoSm8qRWWYBwHja,2eda7d89370dd39670ee940f5d23bf8fc6d10d74e2aeafb16e8f6d9c1f4ff3a3,14,1,3,1538821154947,Entertainment,0,0.71
i6qBtLRmrTjv2ArSX,2eda7d89370dd39670ee940f5d23bf8fc6d10d74e2aeafb16e8f6d9c1f4ff3a3,15,0.35,3,1538821154948,Entertainment,0.24499999999999997,0.68
iph3y7bn6Bx2cW7oR,2eda7d89370dd39670ee940f5d23bf8fc6d10d74e2aeafb16e8f6d9c1f4ff3a3,16,1,3,1538821154948,Entertainment,0,0.59
8oPJ67cc8QfQjwdLx,2eda7d89370dd39670ee940f5d23bf8fc6d10d74e2aeafb16e8f6d9c1f4ff3a3,17,1,3,1538821154949,Entertainment,2,0.52
DYv9DXb2b8QFkxh45,2eda7d89370dd39670ee940f5d23bf8fc6d10d74e2aeafb16e8f6d9c1f4ff3a3,18,0.85,3,1538821154949,Entertainment,1.4449999999999998,0.54
qQmxuazHyoXCzkbA3,64291207062951dd78d84025e04d014850eea037caf1fea38212a4428c40a985,7,0.42,3,1538821119895,Politics,0.35279999999999995,0.575
XQi8Yw7fk8Gn68xmS,64291207062951dd78d84025e04d014850eea037caf1fea38212a4428c40a985,8,0.46,3,1538821119897,Politics,0.5832,0.585
ACigk2BwDnzCZ7bMg,64291207062951dd78d84025e04d014850eea037caf1fea38212a4428c40a985,9,0.33,3,1538821119897,Politics,0.21780000000000002,0.535
yZBgCDbnn76DJPLLg,64291207062951dd78d84025e04d014850eea037caf1fea38212a4428c40a985,10,0.22,3,1538821119898,Politics,0.0968,0.335
SsyAKLqkD5WoWTgQJ,64291207062951dd78d84025e04d014850eea037caf1fea38212a4428c40a985,11,0.33,3,1538821119899,Politics,0.21780000000000002,0.445
dp5FF86veHB6Wxafu,64291207062951dd78d84025e04d014850eea037caf1fea38212a4428c40a985,12,0.31,3,1538821119899,Politics,0.1922,0.41
MDY6EWYpX8Gv36TnB,64291207062951dd78d84025e04d014850eea037caf1fea38212a4428c40a985,13,0.35,3,1538821172464,Entertainment,0.24499999999999997,0.545
xpJJz8naipTdwrJAB,64291207062951dd78d84025e04d014850eea037caf1fea38212a4428c40a985,14,0.57,3,1538821172465,Entertainment,0.3698000000000001,0.545
8583dugffTvA8KWDT,64291207062951dd78d84025e04d014850eea037caf1fea38212a4428c40a985,15,0.39,3,1538821172466,Entertainment,0.3042,0.565
KeCEW9XbzS2eLPkzg,64291207062951dd78d84025e04d014850eea037caf1fea38212a4428c40a985,16,0.44,3,1538821172467,Entertainment,0.6272000000000001,0.495
g7H9b46tXrKnEbHAT,64291207062951dd78d84025e04d014850eea037caf1fea38212a4428c40a985,17,0.44,3,1538821172469,Entertainment,0.3872,0.505
DZiMzDKxWXLJEPgKK,64291207062951dd78d84025e04d014850eea037caf1fea38212a4428c40a985,18,0.43,3,1538821172470,Entertainment,0.36979999999999996,0.445
vF6eisFGmTotiCSP7,98c44eb967d4e4b8fc2bc4bb78233e65c80a92f8f40847d008d86d5bd3363a8e,7,0.72,3,1538821272209,Politics,1.0368,0.595
GJrSHWW7YdT2Mdb9T,98c44eb967d4e4b8fc2bc4bb78233e65c80a92f8f40847d008d86d5bd3363a8e,8,0.78,3,1538821272212,Politics,0.09679999999999998,0.58
RohxiaAoZAbqXxvLn,98c44eb967d4e4b8fc2bc4bb78233e65c80a92f8f40847d008d86d5bd3363a8e,9,0.42,3,1538821272215,Politics,0.35279999999999995,0.55
RpuKZgHTqnh8ktvgz,98c44eb967d4e4b8fc2bc4bb78233e65c80a92f8f40847d008d86d5bd3363a8e,10,0.71,3,1538821272218,Politics,1.0082,0.315
TQvRrzRivE4xYpgPK,98c44eb967d4e4b8fc2bc4bb78233e65c80a92f8f40847d008d86d5bd3363a8e,11,0.73,3,1538821272221,Politics,1.0657999999999999,0.39
QnxnHLeWk8cEmgEii,98c44eb967d4e4b8fc2bc4bb78233e65c80a92f8f40847d008d86d5bd3363a8e,12,0.78,3,1538821272223,Politics,1.2168,0.325
4rQCw2udWy2mfAwdi,98c44eb967d4e4b8fc2bc4bb78233e65c80a92f8f40847d008d86d5bd3363a8e,13,0.77,3,1538821285324,Entertainment,1.1858,0.47
XFcMTxc6e5s7kXm6d,98c44eb967d4e4b8fc2bc4bb78233e65c80a92f8f40847d008d86d5bd3363a8e,14,0.35,3,1538821285329,Entertainment,0.8450000000000001,0.605
Cq6G2xSN3shN2PpT5,98c44eb967d4e4b8fc2bc4bb78233e65c80a92f8f40847d008d86d5bd3363a8e,15,0.75,3,1538821285332,Entertainment,1.125,0.51
Qv9M9dDWvcDfJq2D4,98c44eb967d4e4b8fc2bc4bb78233e65c80a92f8f40847d008d86d5bd3363a8e,16,0.73,3,1538821285335,Entertainment,0.1458,0.48
pJ3MmKmNsMu4wpoSp,98c44eb967d4e4b8fc2bc4bb78233e65c80a92f8f40847d008d86d5bd3363a8e,17,0.42,3,1538821285340,Entertainment,0.35279999999999995,0.51
Kc7XqRxk9fHEvxxzJ,98c44eb967d4e4b8fc2bc4bb78233e65c80a92f8f40847d008d86d5bd3363a8e,18,0.82,3,1538821285342,Entertainment,1.3447999999999998,0.425
aAw3NchbkkT4wGfdZ,3faf93145e0084b37f854ea661b88187abcbe37e1b0dcb03ba69df6702cf5605,1,0.67,3,1538821836800,Sports,0.21779999999999994,0.64
7L6r2npHqaTtNCb6j,3faf93145e0084b37f854ea661b88187abcbe37e1b0dcb03ba69df6702cf5605,2,0.39,3,1538821836800,Sports,0.3042,0.755
h4fPKuTT2i8Bjg6nH,3faf93145e0084b37f854ea661b88187abcbe37e1b0dcb03ba69df6702cf5605,3,0.22,3,1538821836801,Sports,0.0968,0.47
nNriF9qYRHBBKWeYQ,3faf93145e0084b37f854ea661b88187abcbe37e1b0dcb03ba69df6702cf5605,4,0.44,3,1538821836801,Sports,0.6272000000000001,0.725
7eoEArDwGkf8u8JCi,3faf93145e0084b37f854ea661b88187abcbe37e1b0dcb03ba69df6702cf5605,5,0.33,3,1538821836802,Sports,0.21780000000000002,0.705
X2iSLEgujbGvRt4ji,3faf93145e0084b37f854ea661b88187abcbe37e1b0dcb03ba69df6702cf5605,6,0.57,3,1538821836802,Sports,0.6497999999999999,0.67
cC5jz7gxf2TzxzL7u,3faf93145e0084b37f854ea661b88187abcbe37e1b0dcb03ba69df6702cf5605,7,0.85,3,1538822050763,Politics,1.4449999999999998,0.675
yHhGveixhHWaqmBYq,3faf93145e0084b37f854ea661b88187abcbe37e1b0dcb03ba69df6702cf5605,8,0.85,3,1538822050763,Politics,0.04500000000000001,0.675
R4GSXaxxYHx2bLt7Q,3faf93145e0084b37f854ea661b88187abcbe37e1b0dcb03ba69df6702cf5605,9,0.15,3,1538822050764,Politics,0.045,0.415
8it6v9XhKbXbwt429,3faf93145e0084b37f854ea661b88187abcbe37e1b0dcb03ba69df6702cf5605,10,0.05,3,1538822050764,Politics,0.005000000000000001,0.41
CRi8a4xYcsyP32FNq,3faf93145e0084b37f854ea661b88187abcbe37e1b0dcb03ba69df6702cf5605,11,0.06,3,1538822050764,Politics,0.0072,0.365
abQfkQHdfThQFJLo5,3faf93145e0084b37f854ea661b88187abcbe37e1b0dcb03ba69df6702cf5605,12,0.03,3,1538822050765,Politics,0.0018,0.44
F9CyNNL5HrXPjoSPW,3faf93145e0084b37f854ea661b88187abcbe37e1b0dcb03ba69df6702cf5605,13,0.1,3,1538822289884,Entertainment,0.020000000000000004,0.435
tRw2M6i5aWbvgeXph,3faf93145e0084b37f854ea661b88187abcbe37e1b0dcb03ba69df6702cf5605,14,0.89,3,1538822289884,Entertainment,0.024199999999999996,0.65
KGRzmbmmrTf9ECwRR,3faf93145e0084b37f854ea661b88187abcbe37e1b0dcb03ba69df6702cf5605,15,0.25,3,1538822289885,Entertainment,0.125,0.485
roS3ELfyQgYHMQ4an,3faf93145e0084b37f854ea661b88187abcbe37e1b0dcb03ba69df6702cf5605,16,0.6,3,1538822289885,Entertainment,0.32000000000000006,0.585
FJwP2xAXgyjso9B38,3faf93145e0084b37f854ea661b88187abcbe37e1b0dcb03ba69df6702cf5605,17,0.06,3,1538822289886,Entertainment,0.0072,0.335
8Q56tyvkL9RYSPfeD,3faf93145e0084b37f854ea661b88187abcbe37e1b0dcb03ba69df6702cf5605,18,0.04,3,1538822289886,Entertainment,0.0032,0.315
qR3wtuAKxi22m34va,0b6ba3161ff309c62a44aaab5f903e470b1651ec7353776f5b38b3a664b72592,1,0.62,3,1538822652405,Sports,0.2888,0.62
L28n5JvNjddxk2Kag,0b6ba3161ff309c62a44aaab5f903e470b1651ec7353776f5b38b3a664b72592,2,0.9,3,1538822652405,Sports,1.62,0.64
SBDNYRDekWpcmYecP,0b6ba3161ff309c62a44aaab5f903e470b1651ec7353776f5b38b3a664b72592,3,0.11,3,1538822652405,Sports,0.0242,0.49
9vhwWpXCAgJoMZWjX,0b6ba3161ff309c62a44aaab5f903e470b1651ec7353776f5b38b3a664b72592,4,1,3,1538822652406,Sports,0,0.64
WCzm73eWjpGQYdpQH,0b6ba3161ff309c62a44aaab5f903e470b1651ec7353776f5b38b3a664b72592,5,0.73,3,1538822652407,Sports,1.0657999999999999,0.48
GCmPuHoMfcSNWPG8L,0b6ba3161ff309c62a44aaab5f903e470b1651ec7353776f5b38b3a664b72592,6,0.34,3,1538822652407,Sports,0.23120000000000004,0.7
DiRoa96Kr8MABNDxX,0b6ba3161ff309c62a44aaab5f903e470b1651ec7353776f5b38b3a664b72592,7,0,3,1538822689134,Politics,0,0.24
mtijmdpqNQySRnjxQ,0b6ba3161ff309c62a44aaab5f903e470b1651ec7353776f5b38b3a664b72592,8,0.28,3,1538822689134,Politics,1.0368,0.48
9JycbWWihq3g2QGxR,0b6ba3161ff309c62a44aaab5f903e470b1651ec7353776f5b38b3a664b72592,9,0.68,3,1538822689135,Politics,0.9248000000000002,0.525
NGTmt8SGEeYn6ya5v,0b6ba3161ff309c62a44aaab5f903e470b1651ec7353776f5b38b3a664b72592,10,0.19,3,1538822689135,Politics,0.0722,0.49
94oLQpcH7MCM5tH2e,0b6ba3161ff309c62a44aaab5f903e470b1651ec7353776f5b38b3a664b72592,11,0.12,3,1538822689135,Politics,0.0288,0.52
muHLdEs7GYBEa35zL,0b6ba3161ff309c62a44aaab5f903e470b1651ec7353776f5b38b3a664b72592,12,0.07,3,1538822689136,Politics,0.009800000000000001,0.445
nuXHwfG8c6fyZEG4t,0b6ba3161ff309c62a44aaab5f903e470b1651ec7353776f5b38b3a664b72592,13,0.81,3,1538822737939,Entertainment,1.3122000000000003,0.585
nkG4beFytA4eCuc8X,0b6ba3161ff309c62a44aaab5f903e470b1651ec7353776f5b38b3a664b72592,14,0.26,3,1538822737939,Entertainment,1.0952,0.375
CZHzBmD99EHcjJ8jg,0b6ba3161ff309c62a44aaab5f903e470b1651ec7353776f5b38b3a664b72592,15,0.82,3,1538822737940,Entertainment,1.3447999999999998,0.575
fSGoqbxcpeigwc6Tu,0b6ba3161ff309c62a44aaab5f903e470b1651ec7353776f5b38b3a664b72592,16,0.2,3,1538822737941,Entertainment,1.2800000000000002,0.49
jAC58KKu6vDZmXRBq,0b6ba3161ff309c62a44aaab5f903e470b1651ec7353776f5b38b3a664b72592,17,0.77,3,1538822737942,Entertainment,1.1858,0.505
RvL5oGNq5byvdk6Ck,0b6ba3161ff309c62a44aaab5f903e470b1651ec7353776f5b38b3a664b72592,18,0.25,3,1538822737942,Entertainment,0.125,0.5
rFoyrMCMGpgGo2GGh,1c7c629af46951b4325a443caaf5754f711a74e7b8b7d9a1697c55c50d2380a1,7,0.41,3,1538825044235,Politics,0.33619999999999994,0.675
cz22BcCLyFZFJu2FS,1c7c629af46951b4325a443caaf5754f711a74e7b8b7d9a1697c55c50d2380a1,8,0.58,3,1538825044237,Politics,0.35280000000000006,0.675
mJtHvSijLQiqNwHFJ,1c7c629af46951b4325a443caaf5754f711a74e7b8b7d9a1697c55c50d2380a1,9,0.54,3,1538825044239,Politics,0.5832,0.59
jFWaCec84SENnxKDd,1c7c629af46951b4325a443caaf5754f711a74e7b8b7d9a1697c55c50d2380a1,10,0.07,3,1538825044240,Politics,0.009800000000000001,0.41
dFEmmDYHBjpWPKFJX,1c7c629af46951b4325a443caaf5754f711a74e7b8b7d9a1697c55c50d2380a1,11,0.06,3,1538825044241,Politics,0.0072,0.355
MS9mhoEy3r9qMvW6g,1c7c629af46951b4325a443caaf5754f711a74e7b8b7d9a1697c55c50d2380a1,12,0.06,3,1538825044242,Politics,0.0072,0.395
eTYXXHpFCMLze7TwP,1c7c629af46951b4325a443caaf5754f711a74e7b8b7d9a1697c55c50d2380a1,13,0.6,3,1538825112912,Entertainment,0.72,0.58
64prYJ352vmfJFxup,1c7c629af46951b4325a443caaf5754f711a74e7b8b7d9a1697c55c50d2380a1,14,0.62,3,1538825112914,Entertainment,0.2888,0.61
8uMm4FBeosfZtrb5Y,1c7c629af46951b4325a443caaf5754f711a74e7b8b7d9a1697c55c50d2380a1,15,0.5,3,1538825112915,Entertainment,0.5,0.6
YyfCz7Qrmyq4mDphE,1c7c629af46951b4325a443caaf5754f711a74e7b8b7d9a1697c55c50d2380a1,16,0.51,3,1538825112916,Entertainment,0.48019999999999996,0.65
TdiDwDdYXhZxtsepP,1c7c629af46951b4325a443caaf5754f711a74e7b8b7d9a1697c55c50d2380a1,17,0.5,3,1538825112917,Entertainment,0.5,0.575
6CAYFHQqbgnmupQDt,1c7c629af46951b4325a443caaf5754f711a74e7b8b7d9a1697c55c50d2380a1,18,0.51,3,1538825112918,Entertainment,0.5202,0.605
6okNmk4Bp8inM8Z4n,85dca35ced7d6e67b71ba9d6c1a3c7e60e5e0687aea1acd274b77d653ea0ab12,1,0.59,3,1538825843203,Sports,0.33620000000000005,0.55
xbLn2me94tpFmJmNk,85dca35ced7d6e67b71ba9d6c1a3c7e60e5e0687aea1acd274b77d653ea0ab12,2,0.29,3,1538825843207,Sports,0.1682,0.33
LtsLTTwdtYYsKMZAJ,85dca35ced7d6e67b71ba9d6c1a3c7e60e5e0687aea1acd274b77d653ea0ab12,3,0.17,3,1538825843208,Sports,0.05780000000000001,0.41
g7dtFrgGGQE8tFie4,85dca35ced7d6e67b71ba9d6c1a3c7e60e5e0687aea1acd274b77d653ea0ab12,4,0.35,3,1538825843209,Sports,0.8450000000000001,0.655
guqFNHZrd6oAN8X3o,85dca35ced7d6e67b71ba9d6c1a3c7e60e5e0687aea1acd274b77d653ea0ab12,5,0.2,3,1538825843210,Sports,0.08000000000000002,0.525
difcFhibgirxnMhts,85dca35ced7d6e67b71ba9d6c1a3c7e60e5e0687aea1acd274b77d653ea0ab12,6,0.4,3,1538825843211,Sports,0.32000000000000006,0.605
NSDw4NBcXQEuQMwag,85dca35ced7d6e67b71ba9d6c1a3c7e60e5e0687aea1acd274b77d653ea0ab12,7,0.36,3,1538825897315,Politics,0.2592,0.655
ATJkdk5a5F6rdSZDq,85dca35ced7d6e67b71ba9d6c1a3c7e60e5e0687aea1acd274b77d653ea0ab12,8,0.4,3,1538825897317,Politics,0.72,0.665
y7mtgrLdJ8ovGxeym,85dca35ced7d6e67b71ba9d6c1a3c7e60e5e0687aea1acd274b77d653ea0ab12,9,0.6,3,1538825897319,Politics,0.72,0.545
TjLm6ja7EqpPh3Hky,85dca35ced7d6e67b71ba9d6c1a3c7e60e5e0687aea1acd274b77d653ea0ab12,10,0.12,3,1538825897321,Politics,0.0288,0.455
CWExmQDKWx6n7vy9C,85dca35ced7d6e67b71ba9d6c1a3c7e60e5e0687aea1acd274b77d653ea0ab12,11,0.1,3,1538825897322,Politics,0.020000000000000004,0.43
3p3SRoCJe6tghb3H2,85dca35ced7d6e67b71ba9d6c1a3c7e60e5e0687aea1acd274b77d653ea0ab12,12,0.05,3,1538825897323,Politics,0.005000000000000001,0.35
qsmhpXtP3gN96Mqdu,85dca35ced7d6e67b71ba9d6c1a3c7e60e5e0687aea1acd274b77d653ea0ab12,13,0.65,3,1538825952330,Entertainment,0.8450000000000001,0.535
Wr7soRktye3dGruJG,85dca35ced7d6e67b71ba9d6c1a3c7e60e5e0687aea1acd274b77d653ea0ab12,14,0.24,3,1538825952332,Entertainment,1.1552,0.375
N8aQYgdMGgjhgfut6,85dca35ced7d6e67b71ba9d6c1a3c7e60e5e0687aea1acd274b77d653ea0ab12,15,0.7,3,1538825952334,Entertainment,0.9799999999999999,0.555
m3weo43nyQ522FpLP,85dca35ced7d6e67b71ba9d6c1a3c7e60e5e0687aea1acd274b77d653ea0ab12,16,0.81,3,1538825952335,Entertainment,0.07219999999999996,0.465
t8XdmRmMbRygQ93rD,85dca35ced7d6e67b71ba9d6c1a3c7e60e5e0687aea1acd274b77d653ea0ab12,17,0.31,3,1538825952336,Entertainment,0.1922,0.59
bvNWW5mPQPC7drkBC,85dca35ced7d6e67b71ba9d6c1a3c7e60e5e0687aea1acd274b77d653ea0ab12,18,0.31,3,1538825952342,Entertainment,0.1922,0.64
kXDaiNQGkhTKosQCw,7515a69f6b8b23a37a7ef4f075938edec3e18b9eb0326c962b0b2cbe3b883cdd,1,0.28,3,1538826210448,Sports,1.0368,0.475
Xj3EJ5BJrpfayJMWf,7515a69f6b8b23a37a7ef4f075938edec3e18b9eb0326c962b0b2cbe3b883cdd,2,0.94,3,1538826210449,Sports,1.7671999999999999,0.63
AtJrMHKg7joA6hs2j,7515a69f6b8b23a37a7ef4f075938edec3e18b9eb0326c962b0b2cbe3b883cdd,3,0.05,3,1538826210450,Sports,0.005000000000000001,0.35
AztjGrKZMKv3eJMBz,7515a69f6b8b23a37a7ef4f075938edec3e18b9eb0326c962b0b2cbe3b883cdd,4,0.27,3,1538826210451,Sports,1.0657999999999999,0.365
6xESnkjPLA6Lx89me,7515a69f6b8b23a37a7ef4f075938edec3e18b9eb0326c962b0b2cbe3b883cdd,5,0.16,3,1538826210453,Sports,0.0512,0.4
PoujBCzG5ecS5axor,7515a69f6b8b23a37a7ef4f075938edec3e18b9eb0326c962b0b2cbe3b883cdd,6,0.91,3,1538826210453,Sports,1.6562000000000001,0.635
cwtSRfYiYWbJgJg3A,7515a69f6b8b23a37a7ef4f075938edec3e18b9eb0326c962b0b2cbe3b883cdd,7,0.25,3,1538826264039,Politics,0.125,0.355
bhifu93prtpoXdGvB,7515a69f6b8b23a37a7ef4f075938edec3e18b9eb0326c962b0b2cbe3b883cdd,8,0.41,3,1538826264043,Politics,0.6962000000000002,0.67
9NoqjEEubjaM7rtYZ,7515a69f6b8b23a37a7ef4f075938edec3e18b9eb0326c962b0b2cbe3b883cdd,9,0.37,3,1538826264045,Politics,0.2738,0.7
2mEer2wtHWAJvMwt9,7515a69f6b8b23a37a7ef4f075938edec3e18b9eb0326c962b0b2cbe3b883cdd,10,0.05,3,1538826264045,Politics,0.005000000000000001,0.44
nSoRcaBrYXgC8b43j,7515a69f6b8b23a37a7ef4f075938edec3e18b9eb0326c962b0b2cbe3b883cdd,11,0.14,3,1538826264047,Politics,0.039200000000000006,0.54
tbgLsFQPwGAsduFmz,7515a69f6b8b23a37a7ef4f075938edec3e18b9eb0326c962b0b2cbe3b883cdd,12,0.24,3,1538826264047,Politics,0.1152,0.44
yooR5ZRzPT4rRRXCp,7515a69f6b8b23a37a7ef4f075938edec3e18b9eb0326c962b0b2cbe3b883cdd,13,0.84,3,1538826317196,Entertainment,1.4111999999999998,0.585
yhoZJyBqYoKgJCLZj,7515a69f6b8b23a37a7ef4f075938edec3e18b9eb0326c962b0b2cbe3b883cdd,14,0.68,3,1538826317200,Entertainment,0.20479999999999993,0.665
afPzi79EKQA3psHAf,7515a69f6b8b23a37a7ef4f075938edec3e18b9eb0326c962b0b2cbe3b883cdd,15,0.43,3,1538826317203,Entertainment,0.36979999999999996,0.66
Lt52LDkit3ZCcNEyZ,7515a69f6b8b23a37a7ef4f075938edec3e18b9eb0326c962b0b2cbe3b883cdd,16,0.22,3,1538826317207,Entertainment,1.2168,0.49
qHKGm5RNQn5SDYG8T,7515a69f6b8b23a37a7ef4f075938edec3e18b9eb0326c962b0b2cbe3b883cdd,17,0.72,3,1538826317210,Entertainment,1.0368,0.525
jGo6HANxkfyP8CSGt,7515a69f6b8b23a37a7ef4f075938edec3e18b9eb0326c962b0b2cbe3b883cdd,18,0.65,3,1538826317214,Entertainment,0.8450000000000001,0.57
jGG6FmQYkgjyd5NkZ,13412e0762955cc6ed5f234b45045cf1a9da3beeda6cd15ab250ce7fc7f15dca,1,0.57,3,1538827102924,Sports,0.3698000000000001,0.565
TrpBseQQsxjwNLCGK,13412e0762955cc6ed5f234b45045cf1a9da3beeda6cd15ab250ce7fc7f15dca,2,0.22,3,1538827102924,Sports,0.0968,0.34
29Kzyntukt6LGWdgs,13412e0762955cc6ed5f234b45045cf1a9da3beeda6cd15ab250ce7fc7f15dca,3,0,3,1538827102924,Sports,0,0.25
crEjWpFpkNcnjZs5X,13412e0762955cc6ed5f234b45045cf1a9da3beeda6cd15ab250ce7fc7f15dca,4,0.4,3,1538827102925,Sports,0.72,0.59
QWhT3juHkEoMHDkvS,13412e0762955cc6ed5f234b45045cf1a9da3beeda6cd15ab250ce7fc7f15dca,5,0.65,3,1538827102926,Sports,0.8450000000000001,0.42
YNpdBozbSfatHfwDT,13412e0762955cc6ed5f234b45045cf1a9da3beeda6cd15ab250ce7fc7f15dca,6,0.42,3,1538827102926,Sports,0.35279999999999995,0.56
mYJgAaKHT9rfd3nZK,13412e0762955cc6ed5f234b45045cf1a9da3beeda6cd15ab250ce7fc7f15dca,7,0.73,3,1538827129587,Politics,1.0657999999999999,0.545
vN5YHLcwDNm28BtrW,13412e0762955cc6ed5f234b45045cf1a9da3beeda6cd15ab250ce7fc7f15dca,8,0.33,3,1538827129588,Politics,0.8977999999999998,0.65
nkZwhtrNLkRA7B5Bf,13412e0762955cc6ed5f234b45045cf1a9da3beeda6cd15ab250ce7fc7f15dca,9,0.42,3,1538827129588,Politics,0.35279999999999995,0.545
gas2J2oQi6Ceb8rHt,13412e0762955cc6ed5f234b45045cf1a9da3beeda6cd15ab250ce7fc7f15dca,10,0.59,3,1538827129588,Politics,0.6961999999999999,0.455
yjWb9sTSYMKCg4gKm,13412e0762955cc6ed5f234b45045cf1a9da3beeda6cd15ab250ce7fc7f15dca,11,0.41,3,1538827129588,Politics,0.33619999999999994,0.42
p87DsJDMC8p5Yrbkz,13412e0762955cc6ed5f234b45045cf1a9da3beeda6cd15ab250ce7fc7f15dca,12,0.7,3,1538827129589,Politics,0.9799999999999999,0.335
L8hCSWFG8X7vWHTF9,13412e0762955cc6ed5f234b45045cf1a9da3beeda6cd15ab250ce7fc7f15dca,13,0.69,3,1538827148039,Entertainment,0.9521999999999998,0.49
RjKRG4LCoMswp6RM3,13412e0762955cc6ed5f234b45045cf1a9da3beeda6cd15ab250ce7fc7f15dca,14,0.24,3,1538827148040,Entertainment,1.1552,0.345
ptcEL8Xm5vRFqg5oF,13412e0762955cc6ed5f234b45045cf1a9da3beeda6cd15ab250ce7fc7f15dca,15,0.39,3,1538827148040,Entertainment,0.3042,0.62
EpLSKCPPZRH5AQMrz,13412e0762955cc6ed5f234b45045cf1a9da3beeda6cd15ab250ce7fc7f15dca,16,0.62,3,1538827148040,Entertainment,0.2888,0.51
HJQBtGRrKviNigRnL,13412e0762955cc6ed5f234b45045cf1a9da3beeda6cd15ab250ce7fc7f15dca,17,0.7,3,1538827148041,Entertainment,0.9799999999999999,0.445
jp8fPfwujrRirxEmJ,13412e0762955cc6ed5f234b45045cf1a9da3beeda6cd15ab250ce7fc7f15dca,18,0.7,3,1538827148041,Entertainment,0.9799999999999999,0.465
iZxfB29zaBkF7zu4t,822fdefa8496f18e04f28929f5c80fd8dd01095aaf5bc9894cf250886484d030,1,0.1,3,1538827841174,Sports,1.62,0.43
xBh72xpqSHb7siLh4,822fdefa8496f18e04f28929f5c80fd8dd01095aaf5bc9894cf250886484d030,2,0.08,3,1538827841185,Sports,0.0128,0.315
cns7YoNyr4ZQe43to,822fdefa8496f18e04f28929f5c80fd8dd01095aaf5bc9894cf250886484d030,3,0.17,3,1538827841190,Sports,0.05780000000000001,0.61
XFQX6Rt2ZvBGajPkM,822fdefa8496f18e04f28929f5c80fd8dd01095aaf5bc9894cf250886484d030,4,0.84,3,1538827841198,Sports,0.05120000000000002,0.755
JNsj7gBB4YQDAMEnh,822fdefa8496f18e04f28929f5c80fd8dd01095aaf5bc9894cf250886484d030,5,0.16,3,1538827841201,Sports,0.0512,0.47
W6b7FCNipErjJ2QBa,822fdefa8496f18e04f28929f5c80fd8dd01095aaf5bc9894cf250886484d030,6,0.08,3,1538827841205,Sports,0.0128,0.305
wi39uXn8ZRyKkFmoB,c22732d1f7bbf98167b2d227f97689c6bcf2cb85759ea7a00bd8c5acd1245e30,1,0.5,3,1538828452742,Sports,0.5,0.54
mLtD7kYJmjyE3LvDj,c22732d1f7bbf98167b2d227f97689c6bcf2cb85759ea7a00bd8c5acd1245e30,2,0.5,3,1538828452744,Sports,0.5,0.59
6kzRPvrYnBZLR6S7k,c22732d1f7bbf98167b2d227f97689c6bcf2cb85759ea7a00bd8c5acd1245e30,3,0.5,3,1538828452745,Sports,0.5,0.415
G4npwJzWKQPGtQjvC,c22732d1f7bbf98167b2d227f97689c6bcf2cb85759ea7a00bd8c5acd1245e30,4,0.5,3,1538828452745,Sports,0.5,0.595
bX2SkhdfsH46xqovW,c22732d1f7bbf98167b2d227f97689c6bcf2cb85759ea7a00bd8c5acd1245e30,5,0.5,3,1538828452746,Sports,0.5,0.52
Lz4ZhBj2Yi5AD7qXC,c22732d1f7bbf98167b2d227f97689c6bcf2cb85759ea7a00bd8c5acd1245e30,6,0.5,3,1538828452747,Sports,0.5,0.58
Qhvp9XwpvTAqKmYm4,c22732d1f7bbf98167b2d227f97689c6bcf2cb85759ea7a00bd8c5acd1245e30,7,0.5,3,1538828520162,Politics,0.5,0.555
74HxCZtQoFcMc9Wzy,c22732d1f7bbf98167b2d227f97689c6bcf2cb85759ea7a00bd8c5acd1245e30,8,0.5,3,1538828520163,Politics,0.5,0.565
GtRd2BRrzd6KZMCvd,c22732d1f7bbf98167b2d227f97689c6bcf2cb85759ea7a00bd8c5acd1245e30,9,0.5,3,1538828520164,Politics,0.5,0.62
89cErq7iPYLGxapbN,c22732d1f7bbf98167b2d227f97689c6bcf2cb85759ea7a00bd8c5acd1245e30,10,0.5,3,1538828520165,Politics,0.5,0.385
QM38mp9AYEGKkDLD6,c22732d1f7bbf98167b2d227f97689c6bcf2cb85759ea7a00bd8c5acd1245e30,11,0.65,3,1538828520166,Politics,0.8450000000000001,0.42
6ztCGtxCGqh3EJ7MH,c22732d1f7bbf98167b2d227f97689c6bcf2cb85759ea7a00bd8c5acd1245e30,12,0.75,3,1538828520168,Politics,1.125,0.325
mD6aNwEY89xrjqfRi,822fdefa8496f18e04f28929f5c80fd8dd01095aaf5bc9894cf250886484d030,7,0.13,3,1538828568423,Politics,0.033800000000000004,0.385
QRLJT7PiCxiKeHMQf,822fdefa8496f18e04f28929f5c80fd8dd01095aaf5bc9894cf250886484d030,8,0.85,3,1538828568477,Politics,0.04500000000000001,0.735
DZdSbyeAkg4neYqqW,822fdefa8496f18e04f28929f5c80fd8dd01095aaf5bc9894cf250886484d030,9,0.08,3,1538828568482,Politics,0.0128,0.345
k7bmBxo5oJD2ssfBW,822fdefa8496f18e04f28929f5c80fd8dd01095aaf5bc9894cf250886484d030,10,0.08,3,1538828568490,Politics,0.0128,0.52
KqvWCndGZkcLf2GE2,822fdefa8496f18e04f28929f5c80fd8dd01095aaf5bc9894cf250886484d030,11,0.3,3,1538828568493,Politics,0.18,0.71
MJuRScHnY9hZNGqx6,822fdefa8496f18e04f28929f5c80fd8dd01095aaf5bc9894cf250886484d030,12,0.06,3,1538828568497,Politics,0.0072,0.505
3KsqhK6WHRa464P7e,c22732d1f7bbf98167b2d227f97689c6bcf2cb85759ea7a00bd8c5acd1245e30,13,0.8,3,1538828575387,Entertainment,1.2800000000000002,0.49
3zYK9zLaFpwwMP6ia,c22732d1f7bbf98167b2d227f97689c6bcf2cb85759ea7a00bd8c5acd1245e30,14,0.9,3,1538828575388,Entertainment,0.01999999999999999,0.59
rccRpHxWaD8a6dLjP,c22732d1f7bbf98167b2d227f97689c6bcf2cb85759ea7a00bd8c5acd1245e30,15,0.6,3,1538828575389,Entertainment,0.72,0.505
fD2hhn46TECbmzXJt,c22732d1f7bbf98167b2d227f97689c6bcf2cb85759ea7a00bd8c5acd1245e30,16,0.7,3,1538828575390,Entertainment,0.18000000000000005,0.51
eNZz3wbSmAE2YA2gC,c22732d1f7bbf98167b2d227f97689c6bcf2cb85759ea7a00bd8c5acd1245e30,17,0.6,3,1538828575390,Entertainment,0.72,0.465
RpSHsyvND7yoqP5o4,c22732d1f7bbf98167b2d227f97689c6bcf2cb85759ea7a00bd8c5acd1245e30,18,0.2,3,1538828575391,Entertainment,0.08000000000000002,0.43
Zk45frhyadBEKQWhx,822fdefa8496f18e04f28929f5c80fd8dd01095aaf5bc9894cf250886484d030,13,0.14,3,1538829171812,Entertainment,0.039200000000000006,0.51
4i9gGLx7nRSGeekid,822fdefa8496f18e04f28929f5c80fd8dd01095aaf5bc9894cf250886484d030,14,0.99,3,1538829171821,Entertainment,2.0000000000000036e-4,0.66
kTSHEaZmgW6E89hLD,822fdefa8496f18e04f28929f5c80fd8dd01095aaf5bc9894cf250886484d030,15,0.19,3,1538829171828,Entertainment,0.0722,0.52
cFX23JHefqgJdCZQh,822fdefa8496f18e04f28929f5c80fd8dd01095aaf5bc9894cf250886484d030,16,0.14,3,1538829171838,Entertainment,1.4791999999999998,0.475
J37zgCmfxpMtewCKW,822fdefa8496f18e04f28929f5c80fd8dd01095aaf5bc9894cf250886484d030,17,0.14,3,1538829171843,Entertainment,0.039200000000000006,0.49
ksHJ9s2uoSyTfYo9b,822fdefa8496f18e04f28929f5c80fd8dd01095aaf5bc9894cf250886484d030,18,0.12,3,1538829171850,Entertainment,0.0288,0.5
wt3mfLCo3feDf2b77,377802584237ee914125ed8c1f9f1b8ace5fa87327930b7e6ecb8d02f217f5bf,1,0.26,3,1538829733487,Sports,1.0952,0.44
NY9sHEwabe5p8CJL5,377802584237ee914125ed8c1f9f1b8ace5fa87327930b7e6ecb8d02f217f5bf,2,0.8,3,1538829733494,Sports,1.2800000000000002,0.61
neH68QjFE5xYjNRd2,377802584237ee914125ed8c1f9f1b8ace5fa87327930b7e6ecb8d02f217f5bf,3,0.13,3,1538829733496,Sports,0.033800000000000004,0.44
dNRhtRk2jKqbfyCWh,377802584237ee914125ed8c1f9f1b8ace5fa87327930b7e6ecb8d02f217f5bf,4,0.74,3,1538829733498,Sports,0.13520000000000001,0.725
LiLr785rbdjeHg9Sv,377802584237ee914125ed8c1f9f1b8ace5fa87327930b7e6ecb8d02f217f5bf,5,0.23,3,1538829733499,Sports,0.1058,0.51
YK655yZEXBtCWLEmS,377802584237ee914125ed8c1f9f1b8ace5fa87327930b7e6ecb8d02f217f5bf,6,0.49,3,1538829733501,Sports,0.48019999999999996,0.635
fbgTSbrGNyAeXuWeL,377802584237ee914125ed8c1f9f1b8ace5fa87327930b7e6ecb8d02f217f5bf,7,0.89,3,1538829873600,Politics,1.5842,0.64
4h86RRx6PvvmsXCvv,377802584237ee914125ed8c1f9f1b8ace5fa87327930b7e6ecb8d02f217f5bf,8,0.86,3,1538829873621,Politics,0.039200000000000006,0.67
4seu78pYh8tbyNzLs,377802584237ee914125ed8c1f9f1b8ace5fa87327930b7e6ecb8d02f217f5bf,9,0.17,3,1538829873623,Politics,0.05780000000000001,0.51
DQrcR5KAFiSsZB6Kq,377802584237ee914125ed8c1f9f1b8ace5fa87327930b7e6ecb8d02f217f5bf,10,0.14,3,1538829873625,Politics,0.039200000000000006,0.57
x8uxiS66oHnrFu2NQ,377802584237ee914125ed8c1f9f1b8ace5fa87327930b7e6ecb8d02f217f5bf,11,0.19,3,1538829873626,Politics,0.0722,0.55
TbNmfims5ZiuccJh4,377802584237ee914125ed8c1f9f1b8ace5fa87327930b7e6ecb8d02f217f5bf,12,0.16,3,1538829873627,Politics,0.0512,0.585
rvykE8yescaeTBhWc,377802584237ee914125ed8c1f9f1b8ace5fa87327930b7e6ecb8d02f217f5bf,13,0.15,3,1538830073799,Entertainment,0.045,0.405
qfpsMeyGa4wxrGDgn,377802584237ee914125ed8c1f9f1b8ace5fa87327930b7e6ecb8d02f217f5bf,14,0.64,3,1538830073820,Entertainment,0.2592,0.665
DaHQGP2qCEX6MkDC4,377802584237ee914125ed8c1f9f1b8ace5fa87327930b7e6ecb8d02f217f5bf,15,0.57,3,1538830073823,Entertainment,0.6497999999999999,0.615
6jR9hur69vEnqv9qQ,377802584237ee914125ed8c1f9f1b8ace5fa87327930b7e6ecb8d02f217f5bf,16,0.26,3,1538830073825,Entertainment,1.0952,0.45
Mnf2Whv9gYmQwKt5L,377802584237ee914125ed8c1f9f1b8ace5fa87327930b7e6ecb8d02f217f5bf,17,0.26,3,1538830073826,Entertainment,0.13520000000000001,0.535
qZz9J2KiD866daEhX,377802584237ee914125ed8c1f9f1b8ace5fa87327930b7e6ecb8d02f217f5bf,18,0.11,3,1538830073827,Entertainment,0.0242,0.475
hRmyY4cRKGyBam6a5,d94b600dfb12efdb85332a74448777efd2cdf5dc4c8bdd00c8ecb05927a1a890,1,0.67,3,1538830688800,Sports,0.21779999999999994,0.585
DzP3nCWzkpgFnKXgX,d94b600dfb12efdb85332a74448777efd2cdf5dc4c8bdd00c8ecb05927a1a890,2,0.88,3,1538830688807,Sports,1.5488,0.63
PPir8DbsEdTv4iC7N,d94b600dfb12efdb85332a74448777efd2cdf5dc4c8bdd00c8ecb05927a1a890,3,0.04,3,1538830688813,Sports,0.0032,0.345
EvztbgQFc5wrNprtt,d94b600dfb12efdb85332a74448777efd2cdf5dc4c8bdd00c8ecb05927a1a890,4,0.88,3,1538830688818,Sports,0.0288,0.65
Y23whKEswJoXQidbu,d94b600dfb12efdb85332a74448777efd2cdf5dc4c8bdd00c8ecb05927a1a890,5,0.22,3,1538830688821,Sports,0.0968,0.45
y5DYM6AHmeJJWRGJb,d94b600dfb12efdb85332a74448777efd2cdf5dc4c8bdd00c8ecb05927a1a890,6,0.64,3,1538830688825,Sports,0.8192,0.605
qiYdBbMmkgW9sEErK,d94b600dfb12efdb85332a74448777efd2cdf5dc4c8bdd00c8ecb05927a1a890,7,0.36,3,1538830758687,Politics,0.2592,0.675
9D5onbrjzkWi67hjn,d94b600dfb12efdb85332a74448777efd2cdf5dc4c8bdd00c8ecb05927a1a890,8,0.69,3,1538830758692,Politics,0.19220000000000007,0.59
kkebbHdKr2dQLAmcs,d94b600dfb12efdb85332a74448777efd2cdf5dc4c8bdd00c8ecb05927a1a890,9,0.05,3,1538830758694,Politics,0.005000000000000001,0.25
dasx5r6esXAqfzn6e,d94b600dfb12efdb85332a74448777efd2cdf5dc4c8bdd00c8ecb05927a1a890,10,0.28,3,1538830758700,Politics,0.15680000000000002,0.445
QnBDnJJMCBzbELY6J,d94b600dfb12efdb85332a74448777efd2cdf5dc4c8bdd00c8ecb05927a1a890,11,0.65,3,1538830758712,Politics,0.8450000000000001,0.455
tE46oTXiwGurw7wcj,d94b600dfb12efdb85332a74448777efd2cdf5dc4c8bdd00c8ecb05927a1a890,12,0.76,3,1538830758715,Politics,1.1552,0.41
zwfk7p6RgceBdxS5s,d94b600dfb12efdb85332a74448777efd2cdf5dc4c8bdd00c8ecb05927a1a890,13,0.86,3,1538830827799,Entertainment,1.4791999999999998,0.585
3zh6aFbvujvjJmDFj,d94b600dfb12efdb85332a74448777efd2cdf5dc4c8bdd00c8ecb05927a1a890,14,0.95,3,1538830827802,Entertainment,0.005000000000000009,0.61
LQitFWcbb6JWY5ymP,d94b600dfb12efdb85332a74448777efd2cdf5dc4c8bdd00c8ecb05927a1a890,15,0.74,3,1538830827804,Entertainment,1.0952,0.53
8AdnwiYK6mrrwSXwY,d94b600dfb12efdb85332a74448777efd2cdf5dc4c8bdd00c8ecb05927a1a890,16,0.47,3,1538830827806,Entertainment,0.5618000000000001,0.655
zKxjSqdH8t6KX7Xpi,d94b600dfb12efdb85332a74448777efd2cdf5dc4c8bdd00c8ecb05927a1a890,17,0.72,3,1538830827809,Entertainment,1.0368,0.475
mbNhKhdvTwuEbspyL,d94b600dfb12efdb85332a74448777efd2cdf5dc4c8bdd00c8ecb05927a1a890,18,0.88,3,1538830827811,Entertainment,1.5488,0.525
QPdDm7N2mhgi2vW4C,9ac08555b1ada4de62b5a9582dc43329e5125309f3a57409e8464251760b8a17,1,0.75,3,1538831310155,Sports,0.125,0.655
rhi8Nzh7a6L9PHuZA,9ac08555b1ada4de62b5a9582dc43329e5125309f3a57409e8464251760b8a17,2,0.75,3,1538831310159,Sports,1.125,0.64
P7yQFjxe7cFd5oZyN,9ac08555b1ada4de62b5a9582dc43329e5125309f3a57409e8464251760b8a17,3,0.1,3,1538831310161,Sports,0.020000000000000004,0.45
C5PdqDQR4NjGRYMRX,9ac08555b1ada4de62b5a9582dc43329e5125309f3a57409e8464251760b8a17,4,0.6,3,1538831310163,Sports,0.32000000000000006,0.66
YoHgEP9B2H6vWxgBm,9ac08555b1ada4de62b5a9582dc43329e5125309f3a57409e8464251760b8a17,5,0.5,3,1538831310171,Sports,0.5,0.615
nJP28ej29pfKwQBAR,9ac08555b1ada4de62b5a9582dc43329e5125309f3a57409e8464251760b8a17,6,0.1,3,1538831310173,Sports,0.020000000000000004,0.4
Qg7QB2Mdi4ZZcBppE,bfddb168c3f043b3f1ace8079f404c056db898388a25b85beb08110ca29f1fd0,1,0.73,3,1538831550524,Sports,0.1458,0.525
crz9XpwYSLdQNoSRn,bfddb168c3f043b3f1ace8079f404c056db898388a25b85beb08110ca29f1fd0,2,0.79,3,1538831550525,Sports,1.2482000000000002,0.57
Y9raCkGjtMPijq3Ek,bfddb168c3f043b3f1ace8079f404c056db898388a25b85beb08110ca29f1fd0,3,0.53,3,1538831550527,Sports,0.5618000000000001,0.49
nPAa5j9WGcWzKLoqc,bfddb168c3f043b3f1ace8079f404c056db898388a25b85beb08110ca29f1fd0,4,0.69,3,1538831550528,Sports,0.19220000000000007,0.57
zDhEw3JgctGk25Aia,bfddb168c3f043b3f1ace8079f404c056db898388a25b85beb08110ca29f1fd0,5,0.36,3,1538831550529,Sports,0.2592,0.585
resTApRBTj7Leo5N7,bfddb168c3f043b3f1ace8079f404c056db898388a25b85beb08110ca29f1fd0,6,0.61,3,1538831550531,Sports,0.7442,0.495
2AmX5tNgosrqDy43L,9ac08555b1ada4de62b5a9582dc43329e5125309f3a57409e8464251760b8a17,7,0.3,3,1538831588666,Politics,0.18,0.7
xvbi6eGQrngbFYEjp,9ac08555b1ada4de62b5a9582dc43329e5125309f3a57409e8464251760b8a17,8,0.1,3,1538831588670,Politics,1.62,0.36
xwkb7GBTa8wSTrHBR,9ac08555b1ada4de62b5a9582dc43329e5125309f3a57409e8464251760b8a17,9,0.37,3,1538831588672,Politics,0.2738,0.67
DtHL9pZoXgQ4L9843,9ac08555b1ada4de62b5a9582dc43329e5125309f3a57409e8464251760b8a17,10,0.09,3,1538831588674,Politics,0.0162,0.33
wFxxGp6QbbE6Cg2zL,9ac08555b1ada4de62b5a9582dc43329e5125309f3a57409e8464251760b8a17,11,0.04,3,1538831588676,Politics,0.0032,0.42
gLm4DY92dfzbs2NHt,9ac08555b1ada4de62b5a9582dc43329e5125309f3a57409e8464251760b8a17,12,0.28,3,1538831588678,Politics,0.15680000000000002,0.455
CEhwTdww3pSZTLYct,9ac08555b1ada4de62b5a9582dc43329e5125309f3a57409e8464251760b8a17,13,0.04,3,1538831650708,Entertainment,0.0032,0.295
oafRspqajJmtLBj5J,9ac08555b1ada4de62b5a9582dc43329e5125309f3a57409e8464251760b8a17,14,0.56,3,1538831650711,Entertainment,0.38719999999999993,0.705
FdksqhtQfLy8wBqMw,9ac08555b1ada4de62b5a9582dc43329e5125309f3a57409e8464251760b8a17,15,0.38,3,1538831650713,Entertainment,0.2888,0.725
XvBaJuMcge5Crki2X,9ac08555b1ada4de62b5a9582dc43329e5125309f3a57409e8464251760b8a17,16,0.75,3,1538831650715,Entertainment,0.125,0.555
FXGuCgxFYRhtHTcLo,9ac08555b1ada4de62b5a9582dc43329e5125309f3a57409e8464251760b8a17,17,0.28,3,1538831650717,Entertainment,0.15680000000000002,0.45
W8P6dsTcshyGnmc7p,9ac08555b1ada4de62b5a9582dc43329e5125309f3a57409e8464251760b8a17,18,0.28,3,1538831650718,Entertainment,0.15680000000000002,0.51
ZLwmqG74PAHjbnjvH,bfddb168c3f043b3f1ace8079f404c056db898388a25b85beb08110ca29f1fd0,7,0.6,3,1538831716593,Politics,0.72,0.61
vYjToLdmQwvECMe2a,bfddb168c3f043b3f1ace8079f404c056db898388a25b85beb08110ca29f1fd0,8,0.38,3,1538831716594,Politics,0.7688,0.6
gffwQnDRYRCBNCotJ,bfddb168c3f043b3f1ace8079f404c056db898388a25b85beb08110ca29f1fd0,9,0.61,3,1538831716596,Politics,0.7442,0.47
fxXDS7g2NtWeYWwjv,bfddb168c3f043b3f1ace8079f404c056db898388a25b85beb08110ca29f1fd0,10,0.17,3,1538831716597,Politics,0.05780000000000001,0.465
7zmxEuTqbSFMY8R98,bfddb168c3f043b3f1ace8079f404c056db898388a25b85beb08110ca29f1fd0,11,0.3,3,1538831716598,Politics,0.18,0.54
ZjwfqDKkvLtaTR7J3,bfddb168c3f043b3f1ace8079f404c056db898388a25b85beb08110ca29f1fd0,12,0.34,3,1538831716598,Politics,0.23120000000000004,0.455
oWq9myF9nCwfyohkX,bfddb168c3f043b3f1ace8079f404c056db898388a25b85beb08110ca29f1fd0,13,0.64,3,1538831759843,Entertainment,0.8192,0.515
4JebCpDgoTJunm32r,bfddb168c3f043b3f1ace8079f404c056db898388a25b85beb08110ca29f1fd0,14,0.65,3,1538831759844,Entertainment,0.24499999999999997,0.53
rg8dSoW99kLAfbWmv,bfddb168c3f043b3f1ace8079f404c056db898388a25b85beb08110ca29f1fd0,15,0.6,3,1538831759846,Entertainment,0.72,0.5
eNybrmGzo54GJwuGh,bfddb168c3f043b3f1ace8079f404c056db898388a25b85beb08110ca29f1fd0,16,0.56,3,1538831759847,Entertainment,0.38719999999999993,0.55
PT74sc6WSfQqbQbC8,bfddb168c3f043b3f1ace8079f404c056db898388a25b85beb08110ca29f1fd0,17,0.69,3,1538831759848,Entertainment,0.9521999999999998,0.49
vTzGY7dp6kqWDArQE,bfddb168c3f043b3f1ace8079f404c056db898388a25b85beb08110ca29f1fd0,18,0.35,3,1538831759849,Entertainment,0.24499999999999997,0.59
nx5eWqsf5usrbWoJj,774a483cbe30fe57cf63bcc5850d74f38e5620dea81360d9756bf2f8a57617b9,1,0.5,3,1538831950773,Sports,0.5,0.595
wiRgjXRjvSRgmf4Er,774a483cbe30fe57cf63bcc5850d74f38e5620dea81360d9756bf2f8a57617b9,2,0.75,3,1538831950775,Sports,1.125,0.525
sKjxEBhQXrHZDu6EJ,774a483cbe30fe57cf63bcc5850d74f38e5620dea81360d9756bf2f8a57617b9,3,0.25,3,1538831950776,Sports,0.125,0.43
H643j4ymSwa67YweF,774a483cbe30fe57cf63bcc5850d74f38e5620dea81360d9756bf2f8a57617b9,4,0.7,3,1538831950777,Sports,0.18000000000000005,0.655
GeP9Ld6cZYDesYis7,774a483cbe30fe57cf63bcc5850d74f38e5620dea81360d9756bf2f8a57617b9,5,0.4,3,1538831950778,Sports,0.32000000000000006,0.565
iTNaLMvA4vvJzhZeD,774a483cbe30fe57cf63bcc5850d74f38e5620dea81360d9756bf2f8a57617b9,6,0.6,3,1538831950779,Sports,0.72,0.565
a5RaFryaAtFpTnr3J,774a483cbe30fe57cf63bcc5850d74f38e5620dea81360d9756bf2f8a57617b9,7,0.2,3,1538832251286,Politics,0.08000000000000002,0.345
zqvXJRj4hLjqS6tBu,774a483cbe30fe57cf63bcc5850d74f38e5620dea81360d9756bf2f8a57617b9,8,0.75,3,1538832251290,Politics,0.125,0.565
ZAvFsaG5QmaGwvZs2,774a483cbe30fe57cf63bcc5850d74f38e5620dea81360d9756bf2f8a57617b9,9,0.3,3,1538832251291,Politics,0.18,0.62
PByLncMFNARDkKjxK,774a483cbe30fe57cf63bcc5850d74f38e5620dea81360d9756bf2f8a57617b9,10,0.1,3,1538832251292,Politics,0.020000000000000004,0.49
nyqtXQphyveeibAZP,774a483cbe30fe57cf63bcc5850d74f38e5620dea81360d9756bf2f8a57617b9,11,0.2,3,1538832251292,Politics,0.08000000000000002,0.5
yvJcAR6KEhy92wQMJ,774a483cbe30fe57cf63bcc5850d74f38e5620dea81360d9756bf2f8a57617b9,12,0.3,3,1538832251294,Politics,0.18,0.535
L7AqwmaGpyo7DncMa,774a483cbe30fe57cf63bcc5850d74f38e5620dea81360d9756bf2f8a57617b9,13,0.25,3,1538832879965,Entertainment,0.125,0.415
2Py7nYvoyeAsGrCrH,774a483cbe30fe57cf63bcc5850d74f38e5620dea81360d9756bf2f8a57617b9,14,0.85,3,1538832879966,Entertainment,0.04500000000000001,0.56
Nn3kxPLrZGFFadTmv,774a483cbe30fe57cf63bcc5850d74f38e5620dea81360d9756bf2f8a57617b9,15,0.05,3,1538832879967,Entertainment,0.005000000000000001,0.205
KiZYjpT7czaZr6qrL,774a483cbe30fe57cf63bcc5850d74f38e5620dea81360d9756bf2f8a57617b9,16,0.8,3,1538832879971,Entertainment,0.07999999999999996,0.535
j6uW48LL23H7HK9uq,774a483cbe30fe57cf63bcc5850d74f38e5620dea81360d9756bf2f8a57617b9,17,0.3,3,1538832879971,Entertainment,0.18,0.625
ubPbM9rz8kCce3G4A,774a483cbe30fe57cf63bcc5850d74f38e5620dea81360d9756bf2f8a57617b9,18,0.5,3,1538832879972,Entertainment,0.5,0.57
wA24AKcBHAhqgP2kX,53ff22b81270a8ae7ef0e18134a709c4c5f65fc0358fa80a89215d51b902f604,1,0.5,3,1538833010214,Sports,0.5,0.58
vsJ4b2dXvyWQnswJ5,53ff22b81270a8ae7ef0e18134a709c4c5f65fc0358fa80a89215d51b902f604,2,0.5,3,1538833010232,Sports,0.5,0.56
Y5fcs7qcLHqoKSgJD,53ff22b81270a8ae7ef0e18134a709c4c5f65fc0358fa80a89215d51b902f604,3,0.5,3,1538833010239,Sports,0.5,0.52
x4a6yxYPsyoPfnRRn,53ff22b81270a8ae7ef0e18134a709c4c5f65fc0358fa80a89215d51b902f604,4,0.33,3,1538833010243,Sports,0.8977999999999998,0.585
H473dRHYK7G7MpECC,53ff22b81270a8ae7ef0e18134a709c4c5f65fc0358fa80a89215d51b902f604,5,0.5,3,1538833010247,Sports,0.5,0.47
pr2bq9KioebiX8ZqT,53ff22b81270a8ae7ef0e18134a709c4c5f65fc0358fa80a89215d51b902f604,6,0.5,3,1538833010249,Sports,0.5,0.575
ZWgBFCuu5n422D2Y4,53ff22b81270a8ae7ef0e18134a709c4c5f65fc0358fa80a89215d51b902f604,7,0.12,3,1538833036536,Politics,0.0288,0.25
drYyN8yQLBALGw5M9,53ff22b81270a8ae7ef0e18134a709c4c5f65fc0358fa80a89215d51b902f604,8,0.73,3,1538833036545,Politics,0.1458,0.53
uguRwN87AtNdFv6Kp,53ff22b81270a8ae7ef0e18134a709c4c5f65fc0358fa80a89215d51b902f604,9,0.19,3,1538833036551,Politics,0.0722,0.335
WrdyqyTC36HKebxQi,53ff22b81270a8ae7ef0e18134a709c4c5f65fc0358fa80a89215d51b902f604,10,0.5,3,1538833036557,Politics,0.5,0.4
StQtctvDBxmaEKkL4,53ff22b81270a8ae7ef0e18134a709c4c5f65fc0358fa80a89215d51b902f604,11,0.5,3,1538833036562,Politics,0.5,0.47
vrWF4iMFFx4MBhjum,53ff22b81270a8ae7ef0e18134a709c4c5f65fc0358fa80a89215d51b902f604,12,0.5,3,1538833036565,Politics,0.5,0.335
7PPGMNLrNu5vGjDK2,53ff22b81270a8ae7ef0e18134a709c4c5f65fc0358fa80a89215d51b902f604,13,0.51,3,1538833055898,Entertainment,0.5202,0.525
N9z395mB9xD6rGZrk,53ff22b81270a8ae7ef0e18134a709c4c5f65fc0358fa80a89215d51b902f604,14,0.48,3,1538833055915,Entertainment,0.5408000000000001,0.58
4RtZTdjpueL7ZkszY,53ff22b81270a8ae7ef0e18134a709c4c5f65fc0358fa80a89215d51b902f604,15,0.49,3,1538833055923,Entertainment,0.48019999999999996,0.495
fM6mKSnWjs7wRhHBM,53ff22b81270a8ae7ef0e18134a709c4c5f65fc0358fa80a89215d51b902f604,16,0.5,3,1538833055927,Entertainment,0.5,0.58
mm7ZtaxChZMXQug48,53ff22b81270a8ae7ef0e18134a709c4c5f65fc0358fa80a89215d51b902f604,17,0.5,3,1538833055930,Entertainment,0.5,0.545
9LJkqiawMErKHkYgq,53ff22b81270a8ae7ef0e18134a709c4c5f65fc0358fa80a89215d51b902f604,18,0.53,3,1538833055937,Entertainment,0.5618000000000001,0.535
izjqnpfYCprxhwPgw,bf42b093ca4cd284d3152bd23dbabfe8a298435d53bc876b6ef9cf3512cfe648,1,0.5,3,1538833087553,Sports,0.5,0.585
SjJqhWKQN3bPA97JQ,bf42b093ca4cd284d3152bd23dbabfe8a298435d53bc876b6ef9cf3512cfe648,2,0.6,3,1538833087553,Sports,0.72,0.57
rS6WikxopdY8x4CLY,bf42b093ca4cd284d3152bd23dbabfe8a298435d53bc876b6ef9cf3512cfe648,3,0.2,3,1538833087554,Sports,0.08000000000000002,0.38
Z72EvFny8jE3kix3E,bf42b093ca4cd284d3152bd23dbabfe8a298435d53bc876b6ef9cf3512cfe648,4,0.6,3,1538833087555,Sports,0.32000000000000006,0.6
CbQwtftRd29YzcgMu,bf42b093ca4cd284d3152bd23dbabfe8a298435d53bc876b6ef9cf3512cfe648,5,0.3,3,1538833087555,Sports,0.18,0.555
Xk8iLzFtKi3njpY8x,bf42b093ca4cd284d3152bd23dbabfe8a298435d53bc876b6ef9cf3512cfe648,6,0.7,3,1538833087555,Sports,0.9799999999999999,0.525
A9yEkjWMxCDXDLRav,bf42b093ca4cd284d3152bd23dbabfe8a298435d53bc876b6ef9cf3512cfe648,7,0.8,3,1538833196050,Politics,1.2800000000000002,0.575
yn3uZukh2qL2u5ojg,bf42b093ca4cd284d3152bd23dbabfe8a298435d53bc876b6ef9cf3512cfe648,8,0.7,3,1538833196050,Politics,0.18000000000000005,0.545
NYSk3aNCdHtakLRWn,bf42b093ca4cd284d3152bd23dbabfe8a298435d53bc876b6ef9cf3512cfe648,9,0.7,3,1538833196051,Politics,0.9799999999999999,0.545
hM6sSszd7HHvjg7E8,bf42b093ca4cd284d3152bd23dbabfe8a298435d53bc876b6ef9cf3512cfe648,10,0.1,3,1538833196051,Politics,0.020000000000000004,0.51
bhPsXyJbDEFwaF3zJ,bf42b093ca4cd284d3152bd23dbabfe8a298435d53bc876b6ef9cf3512cfe648,11,0.3,3,1538833196051,Politics,0.18,0.525
dwmeoNpJEb3RrDraG,bf42b093ca4cd284d3152bd23dbabfe8a298435d53bc876b6ef9cf3512cfe648,12,0.3,3,1538833196051,Politics,0.18,0.495
DmS2wNYTwsp779xkD,bf42b093ca4cd284d3152bd23dbabfe8a298435d53bc876b6ef9cf3512cfe648,13,0.6,3,1538833226649,Entertainment,0.72,0.505
LtvKC67Du83pebuTa,bf42b093ca4cd284d3152bd23dbabfe8a298435d53bc876b6ef9cf3512cfe648,14,0.6,3,1538833226649,Entertainment,0.32000000000000006,0.585
ZzFqv96rhtvenKY5o,bf42b093ca4cd284d3152bd23dbabfe8a298435d53bc876b6ef9cf3512cfe648,15,0.3,3,1538833226650,Entertainment,0.18,0.63
29dZt4SGd5obgqpbc,bf42b093ca4cd284d3152bd23dbabfe8a298435d53bc876b6ef9cf3512cfe648,16,0.4,3,1538833226650,Entertainment,0.72,0.55
A75zvgdTHuobjFatg,bf42b093ca4cd284d3152bd23dbabfe8a298435d53bc876b6ef9cf3512cfe648,17,0.6,3,1538833226650,Entertainment,0.72,0.455
gpcDK4xnjLXrpTnQY,bf42b093ca4cd284d3152bd23dbabfe8a298435d53bc876b6ef9cf3512cfe648,18,0.3,3,1538833226651,Entertainment,0.18,0.525
Xjky2aw6mWEGfjQxW,f2461180914860d082e455c9361ae0f971d856f45ff52afe85d975e693494ccb,1,1,3,1538833524171,Sports,0,0.72
2ZjmRojqsygW8f3E4,f2461180914860d082e455c9361ae0f971d856f45ff52afe85d975e693494ccb,2,0,3,1538833524173,Sports,0,0.3
994cae68WBpL7TBuA,f2461180914860d082e455c9361ae0f971d856f45ff52afe85d975e693494ccb,3,0,3,1538833524173,Sports,0,0.435
DtQNiWJJXMfWubzAA,f2461180914860d082e455c9361ae0f971d856f45ff52afe85d975e693494ccb,4,1,3,1538833524173,Sports,0,0.68
cGMZTrgHnmEgdC4ME,f2461180914860d082e455c9361ae0f971d856f45ff52afe85d975e693494ccb,5,1,3,1538833524173,Sports,2,0.595
FPNJTg8dvxhvsXLDG,f2461180914860d082e455c9361ae0f971d856f45ff52afe85d975e693494ccb,6,0.63,3,1538833524173,Sports,0.7938000000000001,0.745
JcXsWsv4dxPkXkc3i,f2461180914860d082e455c9361ae0f971d856f45ff52afe85d975e693494ccb,7,1,3,1538833527284,Politics,2,0.77
y4JtZc3j5eBwbb2bv,f2461180914860d082e455c9361ae0f971d856f45ff52afe85d975e693494ccb,8,1,3,1538833527285,Politics,0,0.68
Rao5YYPFuXiZTDFMi,f2461180914860d082e455c9361ae0f971d856f45ff52afe85d975e693494ccb,9,0,3,1538833527285,Politics,0,0.39
6rXyBEhK4NKLX6myh,f2461180914860d082e455c9361ae0f971d856f45ff52afe85d975e693494ccb,10,0,3,1538833527285,Politics,0,0.645
bJq2HexYnjxDJKPkG,f2461180914860d082e455c9361ae0f971d856f45ff52afe85d975e693494ccb,11,0,3,1538833527285,Politics,0,0.47
p9jcNKDb6bgpPpNXH,f2461180914860d082e455c9361ae0f971d856f45ff52afe85d975e693494ccb,12,0,3,1538833527285,Politics,0,0.52
i7QeNBnKASw8wpd82,f2461180914860d082e455c9361ae0f971d856f45ff52afe85d975e693494ccb,13,0,3,1538833529171,Entertainment,0,0.335
CupFhk7QLShGmjPvB,f2461180914860d082e455c9361ae0f971d856f45ff52afe85d975e693494ccb,14,1,3,1538833529171,Entertainment,0,0.735
8Qs7LqGWbkkGTjgSL,f2461180914860d082e455c9361ae0f971d856f45ff52afe85d975e693494ccb,15,0,3,1538833529171,Entertainment,0,0.385
QTNv6uXX97SpyBBe2,f2461180914860d082e455c9361ae0f971d856f45ff52afe85d975e693494ccb,16,0,3,1538833529171,Entertainment,2,0.34
6miWhyRLBWjdWJnE5,f2461180914860d082e455c9361ae0f971d856f45ff52afe85d975e693494ccb,17,0,3,1538833529172,Entertainment,0,0.345
cbfzKdZ8p8fE6jBqM,f2461180914860d082e455c9361ae0f971d856f45ff52afe85d975e693494ccb,18,0,3,1538833529172,Entertainment,0,0.435
bJ2t4w57zjgpBDDo7,b4aa2f89abd08acff394fb1f9c44347cbf21b8eae94a7ac02a556fd9d71ef3ec,1,0.65,3,1538833557972,Sports,0.24499999999999997,0.58
M2YSraart5W2C6ZRH,b4aa2f89abd08acff394fb1f9c44347cbf21b8eae94a7ac02a556fd9d71ef3ec,2,0.37,3,1538833557975,Sports,0.2738,0.62
KbewinxTJnZwKTvfL,b4aa2f89abd08acff394fb1f9c44347cbf21b8eae94a7ac02a556fd9d71ef3ec,3,0.06,3,1538833557976,Sports,0.0072,0.26
XbSKf5ooS4xrWpdC9,b4aa2f89abd08acff394fb1f9c44347cbf21b8eae94a7ac02a556fd9d71ef3ec,4,0.68,3,1538833557977,Sports,0.20479999999999993,0.635
EyZ9yXGtp7yxPrGBM,b4aa2f89abd08acff394fb1f9c44347cbf21b8eae94a7ac02a556fd9d71ef3ec,5,0.37,3,1538833557979,Sports,0.2738,0.615
omT9vEbCZpsFgt3ri,b4aa2f89abd08acff394fb1f9c44347cbf21b8eae94a7ac02a556fd9d71ef3ec,6,0.62,3,1538833557979,Sports,0.7688,0.565
BCtMy5RsRexj47EwY,b4aa2f89abd08acff394fb1f9c44347cbf21b8eae94a7ac02a556fd9d71ef3ec,7,0.71,3,1538833593738,Politics,1.0082,0.585
kDzohw7pukboFrj76,b4aa2f89abd08acff394fb1f9c44347cbf21b8eae94a7ac02a556fd9d71ef3ec,8,0.39,3,1538833593739,Politics,0.7442,0.615
iAyeiDyxMqjKtb8bZ,b4aa2f89abd08acff394fb1f9c44347cbf21b8eae94a7ac02a556fd9d71ef3ec,9,0.69,3,1538833593739,Politics,0.9521999999999998,0.515
2bbMA9M45kBAeeh3C,b4aa2f89abd08acff394fb1f9c44347cbf21b8eae94a7ac02a556fd9d71ef3ec,10,0.22,3,1538833593740,Politics,0.0968,0.41
SZg3hq6i7owJW8Zo7,b4aa2f89abd08acff394fb1f9c44347cbf21b8eae94a7ac02a556fd9d71ef3ec,11,0.66,3,1538833593740,Politics,0.8712000000000001,0.415
BtaCd9tCFLMADaE8K,b4aa2f89abd08acff394fb1f9c44347cbf21b8eae94a7ac02a556fd9d71ef3ec,12,0.3,3,1538833593742,Politics,0.18,0.54
7pN7Wcx8zjz3i4ztA,b4aa2f89abd08acff394fb1f9c44347cbf21b8eae94a7ac02a556fd9d71ef3ec,13,0.3,3,1538833669102,Entertainment,0.18,0.66
jCFrMqsFFroEoZqrG,b4aa2f89abd08acff394fb1f9c44347cbf21b8eae94a7ac02a556fd9d71ef3ec,14,0.24,3,1538833669103,Entertainment,1.1552,0.315
eKQTLWDZdG5CiTqAc,b4aa2f89abd08acff394fb1f9c44347cbf21b8eae94a7ac02a556fd9d71ef3ec,15,0.75,3,1538833669103,Entertainment,1.125,0.505
S7B3qyWmmz3qFDeeZ,b4aa2f89abd08acff394fb1f9c44347cbf21b8eae94a7ac02a556fd9d71ef3ec,16,0.24,3,1538833669103,Entertainment,1.1552,0.445
GXDBnhQGGq2wZR6Ab,b4aa2f89abd08acff394fb1f9c44347cbf21b8eae94a7ac02a556fd9d71ef3ec,17,0.77,3,1538833669105,Entertainment,1.1858,0.465
ZaY6JPfaDdxDcgMEy,b4aa2f89abd08acff394fb1f9c44347cbf21b8eae94a7ac02a556fd9d71ef3ec,18,0.29,3,1538833669106,Entertainment,0.1682,0.485
oxnaGhK9RX6WJhGER,8291d68ccf3d19a869e8aeea22a139a8ba051b9da491439fa024ac842e9df75b,1,0.06,3,1538834169075,Sports,1.7671999999999999,0.27
Wsi2TcpjYZpMj2Cpd,8291d68ccf3d19a869e8aeea22a139a8ba051b9da491439fa024ac842e9df75b,2,0.97,3,1538834169078,Sports,1.8818,0.595
cuGsBTJmCfmk73rgk,8291d68ccf3d19a869e8aeea22a139a8ba051b9da491439fa024ac842e9df75b,3,0.02,3,1538834169079,Sports,8e-4,0.305
Ga4hTZB7usHC7Y6jD,8291d68ccf3d19a869e8aeea22a139a8ba051b9da491439fa024ac842e9df75b,4,0.72,3,1538834169079,Sports,0.15680000000000002,0.71
FamNeG54XeHTfGCSy,8291d68ccf3d19a869e8aeea22a139a8ba051b9da491439fa024ac842e9df75b,5,0.72,3,1538834169081,Sports,1.0368,0.585
a7wnFzH8C9iCJ7RZN,8291d68ccf3d19a869e8aeea22a139a8ba051b9da491439fa024ac842e9df75b,6,0.2,3,1538834169081,Sports,0.08000000000000002,0.525
r6eEmmsc5qP2zHtx3,8291d68ccf3d19a869e8aeea22a139a8ba051b9da491439fa024ac842e9df75b,7,0.76,3,1538834288546,Politics,1.1552,0.725
Egvu5uzsZ56Yqj3tX,8291d68ccf3d19a869e8aeea22a139a8ba051b9da491439fa024ac842e9df75b,8,0.28,3,1538834288546,Politics,1.0368,0.46
W7sbi3ArRrEBPpKCr,8291d68ccf3d19a869e8aeea22a139a8ba051b9da491439fa024ac842e9df75b,9,0.17,3,1538834288547,Politics,0.05780000000000001,0.45
khJS2gSRaLvkDYmwE,8291d68ccf3d19a869e8aeea22a139a8ba051b9da491439fa024ac842e9df75b,10,0.21,3,1538834288548,Politics,0.08819999999999999,0.455
wmYx7oF2k9dKQMWRM,8291d68ccf3d19a869e8aeea22a139a8ba051b9da491439fa024ac842e9df75b,11,0.11,3,1538834288549,Politics,0.0242,0.565
c5ZCdMiFYG3WtMyfc,8291d68ccf3d19a869e8aeea22a139a8ba051b9da491439fa024ac842e9df75b,12,0.13,3,1538834288550,Politics,0.033800000000000004,0.645
otK4Qn2GbaHwBpPSj,8291d68ccf3d19a869e8aeea22a139a8ba051b9da491439fa024ac842e9df75b,13,0.18,3,1538834377409,Entertainment,0.0648,0.355
KEqo9uNGr98LYtBdh,8291d68ccf3d19a869e8aeea22a139a8ba051b9da491439fa024ac842e9df75b,14,0.85,3,1538834377410,Entertainment,0.04500000000000001,0.665
Q4g7oXjJ6XGQzTcTG,8291d68ccf3d19a869e8aeea22a139a8ba051b9da491439fa024ac842e9df75b,15,0.73,3,1538834377411,Entertainment,1.0657999999999999,0.58
gf4fPqw4R8YPkFGEX,8291d68ccf3d19a869e8aeea22a139a8ba051b9da491439fa024ac842e9df75b,16,0.23,3,1538834377413,Entertainment,1.1858,0.48
bNQg6jYoBAqwMxc6T,8291d68ccf3d19a869e8aeea22a139a8ba051b9da491439fa024ac842e9df75b,17,0.18,3,1538834377413,Entertainment,0.0648,0.47
GB8k4yQB3i9SJxqys,8291d68ccf3d19a869e8aeea22a139a8ba051b9da491439fa024ac842e9df75b,18,0.53,3,1538834377416,Entertainment,0.5618000000000001,0.66
CL6nkWhd5KDnFFcHh,a33db8eddd26185e2930e282baca9ee26a1016d9711ddd7a8e6f61b793f24a3d,1,0.17,3,1538834441617,Sports,1.3778,0.435
JGKaicfcKhpxJdZJH,a33db8eddd26185e2930e282baca9ee26a1016d9711ddd7a8e6f61b793f24a3d,2,0.25,3,1538834441618,Sports,0.125,0.475
jWAvFcJWTdAqWzsCk,a33db8eddd26185e2930e282baca9ee26a1016d9711ddd7a8e6f61b793f24a3d,3,0.25,3,1538834441619,Sports,0.125,0.645
3mFKnsaqrPph4rY4k,a33db8eddd26185e2930e282baca9ee26a1016d9711ddd7a8e6f61b793f24a3d,4,0.2,3,1538834441619,Sports,1.2800000000000002,0.445
KHEe2TEBGMTh6xsvk,a33db8eddd26185e2930e282baca9ee26a1016d9711ddd7a8e6f61b793f24a3d,5,0.26,3,1538834441619,Sports,0.13520000000000001,0.58
McvWextcgxoqStHRe,a33db8eddd26185e2930e282baca9ee26a1016d9711ddd7a8e6f61b793f24a3d,6,0.18,3,1538834441619,Sports,0.0648,0.49
Q6g8HpFdzyMChrw7S,a33db8eddd26185e2930e282baca9ee26a1016d9711ddd7a8e6f61b793f24a3d,7,0.38,3,1538834475368,Politics,0.2888,0.725
JKgQAhokRnquuhodX,a33db8eddd26185e2930e282baca9ee26a1016d9711ddd7a8e6f61b793f24a3d,8,0.19,3,1538834475368,Politics,1.3122000000000003,0.465
GGtq9uYntwCdrTrky,a33db8eddd26185e2930e282baca9ee26a1016d9711ddd7a8e6f61b793f24a3d,9,0.07,3,1538834475368,Politics,0.009800000000000001,0.35
sBzYMkHwTtFKYGaPY,a33db8eddd26185e2930e282baca9ee26a1016d9711ddd7a8e6f61b793f24a3d,10,0.15,3,1538834475370,Politics,0.045,0.575
ym9eXpZXptWoaCZzs,a33db8eddd26185e2930e282baca9ee26a1016d9711ddd7a8e6f61b793f24a3d,11,0.26,3,1538834475370,Politics,0.13520000000000001,0.585
WtKYKueyzwLy6ZuyZ,a33db8eddd26185e2930e282baca9ee26a1016d9711ddd7a8e6f61b793f24a3d,12,0.07,3,1538834475370,Politics,0.009800000000000001,0.5
xW6EcAsiePbq9NB8Y,a33db8eddd26185e2930e282baca9ee26a1016d9711ddd7a8e6f61b793f24a3d,13,0.19,3,1538834487377,Entertainment,0.0722,0.475
ZbCp2CY96FG3cZtr3,a33db8eddd26185e2930e282baca9ee26a1016d9711ddd7a8e6f61b793f24a3d,14,0.15,3,1538834487378,Entertainment,1.4449999999999998,0.41
GrZcM6yAiRM4ia6S8,a33db8eddd26185e2930e282baca9ee26a1016d9711ddd7a8e6f61b793f24a3d,15,0.19,3,1538834487378,Entertainment,0.0722,0.525
EFJnMnKvxqaKvHrRh,a33db8eddd26185e2930e282baca9ee26a1016d9711ddd7a8e6f61b793f24a3d,16,0.17,3,1538834487378,Entertainment,1.3778,0.495
DZSsr2QNMq5WgPzGc,a33db8eddd26185e2930e282baca9ee26a1016d9711ddd7a8e6f61b793f24a3d,17,0.06,3,1538834487379,Entertainment,0.0072,0.47
k7yN8AtEyTLiNgf4N,a33db8eddd26185e2930e282baca9ee26a1016d9711ddd7a8e6f61b793f24a3d,18,0.11,3,1538834487379,Entertainment,0.0242,0.475
aWKW77TgzCycbjPwP,543cf6ea4fc8104ee9044599eaa8d88d3462d2ecca0999282113a3142fd22968,1,0.24,3,1538834634275,Sports,1.1552,0.455
GqTfuvaYaFcAET7vJ,543cf6ea4fc8104ee9044599eaa8d88d3462d2ecca0999282113a3142fd22968,2,0.52,3,1538834634276,Sports,0.5408000000000001,0.645
C4fDuvg4b8Au4fzjY,543cf6ea4fc8104ee9044599eaa8d88d3462d2ecca0999282113a3142fd22968,3,0.19,3,1538834634277,Sports,0.0722,0.45
NaBs7LzfhZDoZjXeR,543cf6ea4fc8104ee9044599eaa8d88d3462d2ecca0999282113a3142fd22968,4,0.57,3,1538834634277,Sports,0.3698000000000001,0.715
maNnAvTphCpFzBrqs,543cf6ea4fc8104ee9044599eaa8d88d3462d2ecca0999282113a3142fd22968,5,0.46,3,1538834634278,Sports,0.4232,0.6
YNzicHJuDe9vvxDQR,543cf6ea4fc8104ee9044599eaa8d88d3462d2ecca0999282113a3142fd22968,6,0.69,3,1538834634278,Sports,0.9521999999999998,0.6
haiiyyY8vDfKnRkv9,543cf6ea4fc8104ee9044599eaa8d88d3462d2ecca0999282113a3142fd22968,7,0.84,3,1538835380521,Politics,1.4111999999999998,0.665
kQKHB6pTmHpHYMGdo,543cf6ea4fc8104ee9044599eaa8d88d3462d2ecca0999282113a3142fd22968,8,0.68,3,1538835380522,Politics,0.20479999999999993,0.58
kPhjXSY9mKACF3GpF,543cf6ea4fc8104ee9044599eaa8d88d3462d2ecca0999282113a3142fd22968,9,0.17,3,1538835380522,Politics,0.05780000000000001,0.48
WztZuNHn2qyyxMeqY,543cf6ea4fc8104ee9044599eaa8d88d3462d2ecca0999282113a3142fd22968,10,0.13,3,1538835380524,Politics,0.033800000000000004,0.53
Hz2w2chbtuf4MxTHA,543cf6ea4fc8104ee9044599eaa8d88d3462d2ecca0999282113a3142fd22968,11,0.23,3,1538835380525,Politics,0.1058,0.52
A8RsKRfGbsSwHLQLL,543cf6ea4fc8104ee9044599eaa8d88d3462d2ecca0999282113a3142fd22968,12,0.19,3,1538835380525,Politics,0.0722,0.585
ZgSqmRBawkvSetHia,d255a98a63113b511c4e5f30b91e9131a5a53dcd81c22f4d2e6eb00861ffa54d,1,0.61,3,1538835477959,Sports,0.3042,0.62
BG6EdZPaNqCdCuJk2,d255a98a63113b511c4e5f30b91e9131a5a53dcd81c22f4d2e6eb00861ffa54d,2,0.77,3,1538835477962,Sports,1.1858,0.585
Ftd8KvweYuAWPaE8f,d255a98a63113b511c4e5f30b91e9131a5a53dcd81c22f4d2e6eb00861ffa54d,3,0.66,3,1538835477966,Sports,0.8712000000000001,0.485
RZRaT33M2ZnzjZ7DR,d255a98a63113b511c4e5f30b91e9131a5a53dcd81c22f4d2e6eb00861ffa54d,4,0.13,3,1538835477967,Sports,1.5138,0.23
9jmrCG5t66kfwpMZe,d255a98a63113b511c4e5f30b91e9131a5a53dcd81c22f4d2e6eb00861ffa54d,5,0.89,3,1538835477971,Sports,1.5842,0.54
X7bCxSsC9DmJ44yWJ,d255a98a63113b511c4e5f30b91e9131a5a53dcd81c22f4d2e6eb00861ffa54d,6,0.26,3,1538835477974,Sports,0.13520000000000001,0.42
HAbRaurSPcTxmovme,d255a98a63113b511c4e5f30b91e9131a5a53dcd81c22f4d2e6eb00861ffa54d,7,0.23,3,1538835491866,Politics,0.1058,0.35
ef2GhiDacWvAuwkpA,d255a98a63113b511c4e5f30b91e9131a5a53dcd81c22f4d2e6eb00861ffa54d,8,0.69,3,1538835491869,Politics,0.19220000000000007,0.55
tgbXWPvRTrMTuz7WM,d255a98a63113b511c4e5f30b91e9131a5a53dcd81c22f4d2e6eb00861ffa54d,9,0.77,3,1538835491873,Politics,1.1858,0.51
idT3QXvtdXh2NEbCo,d255a98a63113b511c4e5f30b91e9131a5a53dcd81c22f4d2e6eb00861ffa54d,10,0.44,3,1538835491879,Politics,0.3872,0.465
viW4qqnsMJmKw2WD6,d255a98a63113b511c4e5f30b91e9131a5a53dcd81c22f4d2e6eb00861ffa54d,11,0.84,3,1538835491881,Politics,1.4111999999999998,0.41
GbP9ZGpzXKhRRKt9S,d255a98a63113b511c4e5f30b91e9131a5a53dcd81c22f4d2e6eb00861ffa54d,12,0.81,3,1538835491883,Politics,1.3122000000000003,0.31
ny8jcg3aWjjkZaJ6Q,d255a98a63113b511c4e5f30b91e9131a5a53dcd81c22f4d2e6eb00861ffa54d,13,0.23,3,1538835503628,Entertainment,0.1058,0.32
NpF8DGPMeBcCjet3K,d255a98a63113b511c4e5f30b91e9131a5a53dcd81c22f4d2e6eb00861ffa54d,14,0.84,3,1538835503630,Entertainment,0.05120000000000002,0.575
nMDfNM2EkjMQ4dNqr,d255a98a63113b511c4e5f30b91e9131a5a53dcd81c22f4d2e6eb00861ffa54d,15,0.67,3,1538835503635,Entertainment,0.8978000000000002,0.555
E3zWb9hMDJjhK7Zny,d255a98a63113b511c4e5f30b91e9131a5a53dcd81c22f4d2e6eb00861ffa54d,16,0.36,3,1538835503638,Entertainment,0.8192,0.61
DiPRz3HDLMGQxSwmG,d255a98a63113b511c4e5f30b91e9131a5a53dcd81c22f4d2e6eb00861ffa54d,17,0.77,3,1538835503639,Entertainment,1.1858,0.54
DQ9jyA5wKCzsZcHsC,d255a98a63113b511c4e5f30b91e9131a5a53dcd81c22f4d2e6eb00861ffa54d,18,0.71,3,1538835503644,Entertainment,1.0082,0.455
f3rA8976ZX2KYLs69,543cf6ea4fc8104ee9044599eaa8d88d3462d2ecca0999282113a3142fd22968,13,0.09,3,1538835730543,Entertainment,0.0162,0.305
AjqYu5BWHibdGbvWf,543cf6ea4fc8104ee9044599eaa8d88d3462d2ecca0999282113a3142fd22968,14,0.45,3,1538835730543,Entertainment,0.6050000000000001,0.675
G8DHwz2P539Rqnycn,543cf6ea4fc8104ee9044599eaa8d88d3462d2ecca0999282113a3142fd22968,15,0.19,3,1538835730544,Entertainment,0.0722,0.465
EpaMmuQdEsW5x5EYL,543cf6ea4fc8104ee9044599eaa8d88d3462d2ecca0999282113a3142fd22968,16,0.52,3,1538835730544,Entertainment,0.4608,0.675
qog4ZoGt8sGTpHqnr,543cf6ea4fc8104ee9044599eaa8d88d3462d2ecca0999282113a3142fd22968,17,0.17,3,1538835730545,Entertainment,0.05780000000000001,0.455
Lh3fCwqZvs7dTogTC,543cf6ea4fc8104ee9044599eaa8d88d3462d2ecca0999282113a3142fd22968,18,0.18,3,1538835730545,Entertainment,0.0648,0.41
8xabEEN8g7JabFeGw,7600ccea9c7771ec39a226dc372080203c9b4e51cecd99c16b9a70456d28322c,1,0.6,3,1538835979486,Sports,0.32000000000000006,0.565
XtTCqCeZnor5SK7Lr,7600ccea9c7771ec39a226dc372080203c9b4e51cecd99c16b9a70456d28322c,2,0.1,3,1538835979487,Sports,0.020000000000000004,0.28
yn2kfKvT8HmfxYoCZ,7600ccea9c7771ec39a226dc372080203c9b4e51cecd99c16b9a70456d28322c,3,0,3,1538835979488,Sports,0,0.355
6iZPrtxGcxDoc4wbF,7600ccea9c7771ec39a226dc372080203c9b4e51cecd99c16b9a70456d28322c,4,0.48,3,1538835979489,Sports,0.5408000000000001,0.67
xCfD2B7Y6B6ATwcew,7600ccea9c7771ec39a226dc372080203c9b4e51cecd99c16b9a70456d28322c,5,0.01,3,1538835979491,Sports,2e-4,0.2
fEFoD9WSmk6LxYQY2,7600ccea9c7771ec39a226dc372080203c9b4e51cecd99c16b9a70456d28322c,6,0.51,3,1538835979491,Sports,0.5202,0.64
S6rDwb58YZhRrM3Te,602d5009585eab3698d29b6f0cb7a31a61b87e77402a4d37d629d956940a1ea4,1,0.14,3,1538835994856,Sports,1.4791999999999998,0.37
hTXc6zqGptoPgjyy3,602d5009585eab3698d29b6f0cb7a31a61b87e77402a4d37d629d956940a1ea4,2,0.11,3,1538835994857,Sports,0.0242,0.415
P74ukinDS8SaLpMjh,602d5009585eab3698d29b6f0cb7a31a61b87e77402a4d37d629d956940a1ea4,3,0,3,1538835994857,Sports,0,0.37
H7rHTmCuc5CdpxRsu,602d5009585eab3698d29b6f0cb7a31a61b87e77402a4d37d629d956940a1ea4,4,0.56,3,1538835994857,Sports,0.38719999999999993,0.71
QSNmGyCAtYAz5NNuN,602d5009585eab3698d29b6f0cb7a31a61b87e77402a4d37d629d956940a1ea4,5,0.2,3,1538835994858,Sports,0.08000000000000002,0.535
CQrqYBtJ7LqBzLyCP,602d5009585eab3698d29b6f0cb7a31a61b87e77402a4d37d629d956940a1ea4,6,0.07,3,1538835994858,Sports,0.009800000000000001,0.345
GRJj8daBSPk7HjbJB,7600ccea9c7771ec39a226dc372080203c9b4e51cecd99c16b9a70456d28322c,7,0.71,3,1538836015543,Politics,1.0082,0.6
ZxTDY95DLF7ZEcqAd,7600ccea9c7771ec39a226dc372080203c9b4e51cecd99c16b9a70456d28322c,8,0.47,3,1538836015543,Politics,0.5618000000000001,0.605
8EG8NJemAPezKSKAL,7600ccea9c7771ec39a226dc372080203c9b4e51cecd99c16b9a70456d28322c,9,0.55,3,1538836015543,Politics,0.6050000000000001,0.56
Sfi6LcSQn65tkrdLi,7600ccea9c7771ec39a226dc372080203c9b4e51cecd99c16b9a70456d28322c,10,1,3,1538836015545,Politics,2,0.43
KpK7q9mqvemi26Ed3,7600ccea9c7771ec39a226dc372080203c9b4e51cecd99c16b9a70456d28322c,11,0.3,3,1538836015545,Politics,0.18,0.52
K9hgiGpsp4uvjvmyo,7600ccea9c7771ec39a226dc372080203c9b4e51cecd99c16b9a70456d28322c,12,0.5,3,1538836015545,Politics,0.5,0.42
JRRd5n9pEJgaQ6fts,7600ccea9c7771ec39a226dc372080203c9b4e51cecd99c16b9a70456d28322c,13,0.7,3,1538836032605,Entertainment,0.9799999999999999,0.52
3GHsxsHnZCuhqTRPx,7600ccea9c7771ec39a226dc372080203c9b4e51cecd99c16b9a70456d28322c,14,0.3,3,1538836032606,Entertainment,0.9799999999999999,0.615
ee45CbsMMDwt8SXyE,7600ccea9c7771ec39a226dc372080203c9b4e51cecd99c16b9a70456d28322c,15,0.6,3,1538836032608,Entertainment,0.72,0.525
akaDHfhQy4xziMoPb,7600ccea9c7771ec39a226dc372080203c9b4e51cecd99c16b9a70456d28322c,16,0.75,3,1538836032608,Entertainment,0.125,0.565
XCrWBbjQBZ6iiFsin,7600ccea9c7771ec39a226dc372080203c9b4e51cecd99c16b9a70456d28322c,17,1,3,1538836032608,Entertainment,2,0.49
rs8GoGSCzoTxWGqRK,7600ccea9c7771ec39a226dc372080203c9b4e51cecd99c16b9a70456d28322c,18,0.4,3,1538836032609,Entertainment,0.32000000000000006,0.575
h9pBNAfx7j3zEfjWC,426b6823dc389a50261accd5d53b198bacb1dad00b9dd2c872d887a71958ed1d,13,0.95,3,1538836131705,Entertainment,1.805,0.65
pLbtyRNXMduweL3u2,426b6823dc389a50261accd5d53b198bacb1dad00b9dd2c872d887a71958ed1d,14,0.8,3,1538836131706,Entertainment,0.07999999999999996,0.65
DuArcicSKKLZqRKNa,426b6823dc389a50261accd5d53b198bacb1dad00b9dd2c872d887a71958ed1d,15,0.29,3,1538836131707,Entertainment,0.1682,0.525
nSj8Xz46Z9cMYv8QM,426b6823dc389a50261accd5d53b198bacb1dad00b9dd2c872d887a71958ed1d,16,0.66,3,1538836131708,Entertainment,0.23119999999999996,0.56
xw9gfGYZaG9N7Shzz,426b6823dc389a50261accd5d53b198bacb1dad00b9dd2c872d887a71958ed1d,17,0.28,3,1538836131708,Entertainment,0.15680000000000002,0.525
xWBXB78GGqBXK8oTv,426b6823dc389a50261accd5d53b198bacb1dad00b9dd2c872d887a71958ed1d,18,0.13,3,1538836131708,Entertainment,0.033800000000000004,0.41
eWtvbssELzpMSwP4v,602d5009585eab3698d29b6f0cb7a31a61b87e77402a4d37d629d956940a1ea4,7,0.87,3,1538836158822,Politics,1.5138,0.71
eHpq6s58iD8Yc3fCo,602d5009585eab3698d29b6f0cb7a31a61b87e77402a4d37d629d956940a1ea4,8,0.92,3,1538836158824,Politics,0.012799999999999987,0.58
k84Hb8s72c9znYRyF,602d5009585eab3698d29b6f0cb7a31a61b87e77402a4d37d629d956940a1ea4,9,0.1,3,1538836158824,Politics,0.020000000000000004,0.47
kPzm5pcW74vrMt3nN,602d5009585eab3698d29b6f0cb7a31a61b87e77402a4d37d629d956940a1ea4,10,0.23,3,1538836158824,Politics,0.1058,0.47
fsqWfpW898KXxBL7E,602d5009585eab3698d29b6f0cb7a31a61b87e77402a4d37d629d956940a1ea4,11,0.41,3,1538836158824,Politics,0.33619999999999994,0.585
byqm3WAgch2rBgxet,602d5009585eab3698d29b6f0cb7a31a61b87e77402a4d37d629d956940a1ea4,12,0.76,3,1538836158824,Politics,1.1552,0.495
XGEZ7grhG6pPfHgKG,7c6343bf530458187307884a05c1701c5b3c6a39913fb1c60fcfdefb25b6a7c5,1,0.79,3,1538836243294,Sports,0.08819999999999997,0.545
bgHmbbyNakbANA8Ke,7c6343bf530458187307884a05c1701c5b3c6a39913fb1c60fcfdefb25b6a7c5,2,0.7,3,1538836243295,Sports,0.9799999999999999,0.52
dq4pFwdDECmpTntub,7c6343bf530458187307884a05c1701c5b3c6a39913fb1c60fcfdefb25b6a7c5,3,0.8,3,1538836243295,Sports,1.2800000000000002,0.465
wqrZz2vdH2N8JRcKm,7c6343bf530458187307884a05c1701c5b3c6a39913fb1c60fcfdefb25b6a7c5,4,0.3,3,1538836243299,Sports,0.9799999999999999,0.65
5jenWrSkXJqJZpoji,7c6343bf530458187307884a05c1701c5b3c6a39913fb1c60fcfdefb25b6a7c5,5,0.76,3,1538836243300,Sports,1.1552,0.52
9hzgPuMgQcguyGCKg,7c6343bf530458187307884a05c1701c5b3c6a39913fb1c60fcfdefb25b6a7c5,6,0.31,3,1538836243301,Sports,0.1922,0.63
YLZeaYyfFiWB6Xbvk,bec21cf2c1e96080228aabe764a5adf3f83b5da8b34a3cbdb35f3e4e317bdedd,1,0.67,3,1538836247714,Sports,0.21779999999999994,0.605
BHrx8nEBWKux6RdyW,bec21cf2c1e96080228aabe764a5adf3f83b5da8b34a3cbdb35f3e4e317bdedd,2,0.75,3,1538836247714,Sports,1.125,0.535
eye6946sEgJfugypr,bec21cf2c1e96080228aabe764a5adf3f83b5da8b34a3cbdb35f3e4e317bdedd,3,0.47,3,1538836247714,Sports,0.44179999999999997,0.475
rjtXzqsnopMvwseHc,bec21cf2c1e96080228aabe764a5adf3f83b5da8b34a3cbdb35f3e4e317bdedd,4,0.71,3,1538836247715,Sports,0.16820000000000004,0.58
jriMLocuSdJ6789S2,bec21cf2c1e96080228aabe764a5adf3f83b5da8b34a3cbdb35f3e4e317bdedd,5,0.63,3,1538836247715,Sports,0.7938000000000001,0.365
wR38h7vDJ5Tao9ZpL,bec21cf2c1e96080228aabe764a5adf3f83b5da8b34a3cbdb35f3e4e317bdedd,6,0.61,3,1538836247715,Sports,0.7442,0.525
nfPtsAJdvfBG42t9q,bec21cf2c1e96080228aabe764a5adf3f83b5da8b34a3cbdb35f3e4e317bdedd,7,0.66,3,1538836275907,Politics,0.8712000000000001,0.605
BL3H9ZPMfxP6bAMnr,bec21cf2c1e96080228aabe764a5adf3f83b5da8b34a3cbdb35f3e4e317bdedd,8,0.69,3,1538836275907,Politics,0.19220000000000007,0.575
m5QZtRf9QhsLM5v6u,bec21cf2c1e96080228aabe764a5adf3f83b5da8b34a3cbdb35f3e4e317bdedd,9,0.44,3,1538836275907,Politics,0.3872,0.58
uJmtsczizcQzsuHjH,bec21cf2c1e96080228aabe764a5adf3f83b5da8b34a3cbdb35f3e4e317bdedd,10,0.81,3,1538836275908,Politics,1.3122000000000003,0.29
7BmYrqoLJza2Zd7ds,bec21cf2c1e96080228aabe764a5adf3f83b5da8b34a3cbdb35f3e4e317bdedd,11,0.73,3,1538836275909,Politics,1.0657999999999999,0.375
bWfcHaR4WMk8vFJk4,bec21cf2c1e96080228aabe764a5adf3f83b5da8b34a3cbdb35f3e4e317bdedd,12,0.77,3,1538836275909,Politics,1.1858,0.325
3L5ntrCXoPte5Zssb,bec21cf2c1e96080228aabe764a5adf3f83b5da8b34a3cbdb35f3e4e317bdedd,13,0.77,3,1538836303472,Entertainment,1.1858,0.52
PzZuzxqsQFehSkmwA,bec21cf2c1e96080228aabe764a5adf3f83b5da8b34a3cbdb35f3e4e317bdedd,14,0.67,3,1538836303473,Entertainment,0.21779999999999994,0.64
CqPLxsfXyuRh7nEwp,bec21cf2c1e96080228aabe764a5adf3f83b5da8b34a3cbdb35f3e4e317bdedd,15,0.61,3,1538836303473,Entertainment,0.7442,0.56
wT6r2nNYZuvYo7Euc,bec21cf2c1e96080228aabe764a5adf3f83b5da8b34a3cbdb35f3e4e317bdedd,16,0.71,3,1538836303473,Entertainment,0.16820000000000004,0.485
R4iNHRcKiqyzRKwFe,bec21cf2c1e96080228aabe764a5adf3f83b5da8b34a3cbdb35f3e4e317bdedd,17,0.7,3,1538836303474,Entertainment,0.9799999999999999,0.46
XZmhzwDXh5Rkqy2Fq,bec21cf2c1e96080228aabe764a5adf3f83b5da8b34a3cbdb35f3e4e317bdedd,18,0.83,3,1538836303474,Entertainment,1.3778,0.435
bzHq5hMSsTtaveig3,602d5009585eab3698d29b6f0cb7a31a61b87e77402a4d37d629d956940a1ea4,13,0.04,3,1538836331386,Entertainment,0.0032,0.3
tvcYdDZ8bg28L4DHu,602d5009585eab3698d29b6f0cb7a31a61b87e77402a4d37d629d956940a1ea4,14,0.87,3,1538836331387,Entertainment,0.033800000000000004,0.67
fhe7rYQp2K7abvLt5,602d5009585eab3698d29b6f0cb7a31a61b87e77402a4d37d629d956940a1ea4,15,0.02,3,1538836331387,Entertainment,8e-4,0.31
wWzySHYTHsuFWQQ76,602d5009585eab3698d29b6f0cb7a31a61b87e77402a4d37d629d956940a1ea4,16,0.83,3,1538836331388,Entertainment,0.057800000000000025,0.675
kkEbQkmZXay2DLLX7,602d5009585eab3698d29b6f0cb7a31a61b87e77402a4d37d629d956940a1ea4,17,0.1,3,1538836331388,Entertainment,0.020000000000000004,0.435
qWi4AZ83zhRfrQ4H5,602d5009585eab3698d29b6f0cb7a31a61b87e77402a4d37d629d956940a1ea4,18,0.17,3,1538836331388,Entertainment,0.05780000000000001,0.445
nxSsG54rQtmGtAdgw,7c6343bf530458187307884a05c1701c5b3c6a39913fb1c60fcfdefb25b6a7c5,7,0.9,3,1538836329433,Politics,1.62,0.57
6i8bfcRNrzDy9gnvj,7c6343bf530458187307884a05c1701c5b3c6a39913fb1c60fcfdefb25b6a7c5,8,0.22,3,1538836329435,Politics,1.2168,0.465
ciurDMbPj7YxGS8b5,7c6343bf530458187307884a05c1701c5b3c6a39913fb1c60fcfdefb25b6a7c5,9,0.22,3,1538836329436,Politics,0.0968,0.54
stYSH637vFhhvnQu6,7c6343bf530458187307884a05c1701c5b3c6a39913fb1c60fcfdefb25b6a7c5,10,0.1,3,1538836329436,Politics,0.020000000000000004,0.51
HoXGh6uiStkB7BdTK,7c6343bf530458187307884a05c1701c5b3c6a39913fb1c60fcfdefb25b6a7c5,11,0.23,3,1538836329437,Politics,0.1058,0.425
NATJYFneii6QJazXH,7c6343bf530458187307884a05c1701c5b3c6a39913fb1c60fcfdefb25b6a7c5,12,0.16,3,1538836329437,Politics,0.0512,0.45
N6mB8WdzziNu4dkGD,53a9e3712ecb7180557707d4bf8c902753d9db8075350facf5307a94fdbfc3c0,1,0.11,3,1538836465480,Sports,1.5842,0.4
quP5XJvD3B2egGj4q,53a9e3712ecb7180557707d4bf8c902753d9db8075350facf5307a94fdbfc3c0,2,1,3,1538836465481,Sports,2,0.645
qAEGSc4625qs6ZuNh,53a9e3712ecb7180557707d4bf8c902753d9db8075350facf5307a94fdbfc3c0,3,0.14,3,1538836465482,Sports,0.039200000000000006,0.515
jDpCK67DYGzhvXcrw,53a9e3712ecb7180557707d4bf8c902753d9db8075350facf5307a94fdbfc3c0,4,0.71,3,1538836465483,Sports,0.16820000000000004,0.715
jRuBpqedjBon4mkT9,53a9e3712ecb7180557707d4bf8c902753d9db8075350facf5307a94fdbfc3c0,5,0.18,3,1538836465484,Sports,0.0648,0.53
HpZbbK27sXyjoJ7vv,53a9e3712ecb7180557707d4bf8c902753d9db8075350facf5307a94fdbfc3c0,6,0.1,3,1538836465485,Sports,0.020000000000000004,0.415
mGNCFqeonBCKBLunz,7c6343bf530458187307884a05c1701c5b3c6a39913fb1c60fcfdefb25b6a7c5,13,0.33,3,1538836480499,Entertainment,0.21780000000000002,0.67
44mBdeXqR3NFCuPnc,7c6343bf530458187307884a05c1701c5b3c6a39913fb1c60fcfdefb25b6a7c5,14,0.89,3,1538836480500,Entertainment,0.024199999999999996,0.6
PkDgqqnnRmtPfLNze,7c6343bf530458187307884a05c1701c5b3c6a39913fb1c60fcfdefb25b6a7c5,15,0.2,3,1538836480501,Entertainment,0.08000000000000002,0.455
eGWypCK22sSNh4FSJ,7c6343bf530458187307884a05c1701c5b3c6a39913fb1c60fcfdefb25b6a7c5,16,0.7,3,1538836480502,Entertainment,0.18000000000000005,0.54
yBtsYk9rv7CMjWoFq,7c6343bf530458187307884a05c1701c5b3c6a39913fb1c60fcfdefb25b6a7c5,17,0.12,3,1538836480503,Entertainment,0.0288,0.415
Nx7pze9KPukXywoE4,7c6343bf530458187307884a05c1701c5b3c6a39913fb1c60fcfdefb25b6a7c5,18,0.59,3,1538836480504,Entertainment,0.6961999999999999,0.51
6H36Etq6e8qmBjvkb,a28ce35e24d1a7e2eda295de5c852928eb55e3654c65e1336c90ee73b960b791,1,0.25,3,1538836640745,Sports,1.125,0.415
7cbz2WdHC6xf6iYNd,a28ce35e24d1a7e2eda295de5c852928eb55e3654c65e1336c90ee73b960b791,2,0.73,3,1538836640747,Sports,1.0657999999999999,0.61
RpqLytRHKx39T5Cw7,a28ce35e24d1a7e2eda295de5c852928eb55e3654c65e1336c90ee73b960b791,3,0.2,3,1538836640749,Sports,0.08000000000000002,0.425
C6D8h4RqkPtPJLCEd,a28ce35e24d1a7e2eda295de5c852928eb55e3654c65e1336c90ee73b960b791,4,0.75,3,1538836640752,Sports,0.125,0.675
iDxp8dCivcZpgmXwA,a28ce35e24d1a7e2eda295de5c852928eb55e3654c65e1336c90ee73b960b791,5,0.18,3,1538836640753,Sports,0.0648,0.455
EiJb9Niykyw7oDQRx,a28ce35e24d1a7e2eda295de5c852928eb55e3654c65e1336c90ee73b960b791,6,0.34,3,1538836640756,Sports,0.23120000000000004,0.705
CeL3cW97Rz5mPt3z2,a28ce35e24d1a7e2eda295de5c852928eb55e3654c65e1336c90ee73b960b791,7,0.21,3,1538836668589,Politics,0.08819999999999999,0.365
6PRPdCjT3pDCxPBd6,a28ce35e24d1a7e2eda295de5c852928eb55e3654c65e1336c90ee73b960b791,8,0.25,3,1538836668591,Politics,1.125,0.46
tF8q2bAYFurxKChQj,a28ce35e24d1a7e2eda295de5c852928eb55e3654c65e1336c90ee73b960b791,9,0.54,3,1538836668593,Politics,0.5832,0.6
BgtR46ZX8gwTAMKpk,a28ce35e24d1a7e2eda295de5c852928eb55e3654c65e1336c90ee73b960b791,10,0.72,3,1538836668594,Politics,1.0368,0.44
kDeDJ9C8vWPLtbC3q,a28ce35e24d1a7e2eda295de5c852928eb55e3654c65e1336c90ee73b960b791,11,0.65,3,1538836668600,Politics,0.8450000000000001,0.445
C3bY2SsyZR38yDhys,a28ce35e24d1a7e2eda295de5c852928eb55e3654c65e1336c90ee73b960b791,12,0.04,3,1538836668600,Politics,0.0032,0.395
MXwF7s9NK7ipk4vHs,a28ce35e24d1a7e2eda295de5c852928eb55e3654c65e1336c90ee73b960b791,13,0,3,1538836704211,Entertainment,0,0.29
xDz8grdjQNqr2Ecsc,a28ce35e24d1a7e2eda295de5c852928eb55e3654c65e1336c90ee73b960b791,14,0.13,3,1538836704211,Entertainment,1.5138,0.35
7G83KYtqS2dZbfSyR,a28ce35e24d1a7e2eda295de5c852928eb55e3654c65e1336c90ee73b960b791,15,0.35,3,1538836704213,Entertainment,0.24499999999999997,0.675
9Z7fZuqpAtCxgMdCD,a28ce35e24d1a7e2eda295de5c852928eb55e3654c65e1336c90ee73b960b791,16,0.25,3,1538836704213,Entertainment,1.125,0.51
cXNstLh4jWxFCvZrr,a28ce35e24d1a7e2eda295de5c852928eb55e3654c65e1336c90ee73b960b791,17,0.17,3,1538836704215,Entertainment,0.05780000000000001,0.46
smxW2bPnkmfhpLSZK,a28ce35e24d1a7e2eda295de5c852928eb55e3654c65e1336c90ee73b960b791,18,0.3,3,1538836704216,Entertainment,0.18,0.635
jhiG2Kpu3DXnRzGpW,5a01cf346628f374291c1ce1fcb6675d66aed6352836d96328c3b3b0a4b41c90,1,0.52,3,1538836721001,Sports,0.4608,0.61
ymQTRmMnmfpkaYE6r,5a01cf346628f374291c1ce1fcb6675d66aed6352836d96328c3b3b0a4b41c90,2,0.09,3,1538836721007,Sports,0.0162,0.24
ymE4xKP8rpn9WdanS,5a01cf346628f374291c1ce1fcb6675d66aed6352836d96328c3b3b0a4b41c90,3,0.32,3,1538836721008,Sports,0.2048,0.59
JPgFHTbwgXqNjrNG3,5a01cf346628f374291c1ce1fcb6675d66aed6352836d96328c3b3b0a4b41c90,4,0.86,3,1538836721010,Sports,0.039200000000000006,0.575
WNkKSNz83hB4PmSYW,5a01cf346628f374291c1ce1fcb6675d66aed6352836d96328c3b3b0a4b41c90,5,0.12,3,1538836721011,Sports,0.0288,0.475
GLYD4iS87auYbSoZf,5a01cf346628f374291c1ce1fcb6675d66aed6352836d96328c3b3b0a4b41c90,6,0.65,3,1538836721012,Sports,0.8450000000000001,0.57
6dWouuk4JRnDXQtXt,5a01cf346628f374291c1ce1fcb6675d66aed6352836d96328c3b3b0a4b41c90,7,0.87,3,1538836781205,Politics,1.5138,0.6
gQgr3uNkoTCTzWCBJ,5a01cf346628f374291c1ce1fcb6675d66aed6352836d96328c3b3b0a4b41c90,8,0.82,3,1538836781206,Politics,0.06480000000000004,0.55
w55APb7HiHScPmodx,5a01cf346628f374291c1ce1fcb6675d66aed6352836d96328c3b3b0a4b41c90,9,0.35,3,1538836781208,Politics,0.24499999999999997,0.59
jaXcZjWueLfDDNirp,5a01cf346628f374291c1ce1fcb6675d66aed6352836d96328c3b3b0a4b41c90,10,0.61,3,1538836781209,Politics,0.7442,0.345
BvP2YLXrnhHdGnWFn,5a01cf346628f374291c1ce1fcb6675d66aed6352836d96328c3b3b0a4b41c90,11,0.18,3,1538836781211,Politics,0.0648,0.505
ePrg3zY4Yw5viyWgL,5a01cf346628f374291c1ce1fcb6675d66aed6352836d96328c3b3b0a4b41c90,12,0.23,3,1538836781212,Politics,0.1058,0.41
SBHSixHqkYxDKF4RW,53a9e3712ecb7180557707d4bf8c902753d9db8075350facf5307a94fdbfc3c0,7,0.83,3,1538836790825,Politics,1.3778,0.73
JWAPSEBEtxx6gszeh,53a9e3712ecb7180557707d4bf8c902753d9db8075350facf5307a94fdbfc3c0,8,0.61,3,1538836790829,Politics,0.3042,0.66
NnSHGz82cdzo9d2Gt,53a9e3712ecb7180557707d4bf8c902753d9db8075350facf5307a94fdbfc3c0,9,0.2,3,1538836790831,Politics,0.08000000000000002,0.6
9WxTYSfsGzEtxwne8,53a9e3712ecb7180557707d4bf8c902753d9db8075350facf5307a94fdbfc3c0,10,0.06,3,1538836790833,Politics,0.0072,0.485
goyzmRnY5zNbLYPP2,53a9e3712ecb7180557707d4bf8c902753d9db8075350facf5307a94fdbfc3c0,11,0.1,3,1538836790834,Politics,0.020000000000000004,0.54
boMSAukgcYLuJAX2j,53a9e3712ecb7180557707d4bf8c902753d9db8075350facf5307a94fdbfc3c0,12,0.09,3,1538836790836,Politics,0.0162,0.445
3NPFxTvvvq6346w3f,5a01cf346628f374291c1ce1fcb6675d66aed6352836d96328c3b3b0a4b41c90,13,0.86,3,1538836835622,Entertainment,1.4791999999999998,0.5
cbbkbcZWezKbJiR5X,5a01cf346628f374291c1ce1fcb6675d66aed6352836d96328c3b3b0a4b41c90,14,0.68,3,1538836835623,Entertainment,0.20479999999999993,0.535
qH8tpR8wmhEMjZSNA,5a01cf346628f374291c1ce1fcb6675d66aed6352836d96328c3b3b0a4b41c90,15,0.93,3,1538836835624,Entertainment,1.7298000000000002,0.5
ozY3ZPCSdNSX8HorM,5a01cf346628f374291c1ce1fcb6675d66aed6352836d96328c3b3b0a4b41c90,16,0.34,3,1538836835625,Entertainment,0.8711999999999998,0.66
gjmtms5yqXxpoEm4f,5a01cf346628f374291c1ce1fcb6675d66aed6352836d96328c3b3b0a4b41c90,17,0.53,3,1538836835625,Entertainment,0.5618000000000001,0.55
ia2ePxhurhpwvvEtA,5a01cf346628f374291c1ce1fcb6675d66aed6352836d96328c3b3b0a4b41c90,18,0.22,3,1538836835627,Entertainment,0.0968,0.425
vii76ay8dwKHrtFAP,53a9e3712ecb7180557707d4bf8c902753d9db8075350facf5307a94fdbfc3c0,13,0.63,3,1538837221709,Entertainment,0.7938000000000001,0.63
3jqQv7t5dpxipYtaW,53a9e3712ecb7180557707d4bf8c902753d9db8075350facf5307a94fdbfc3c0,14,0.76,3,1538837221712,Entertainment,0.1152,0.665
Sw6zM38qFc3Eue8kw,53a9e3712ecb7180557707d4bf8c902753d9db8075350facf5307a94fdbfc3c0,15,0.1,3,1538837221715,Entertainment,0.020000000000000004,0.46
5BeoXbL7qSkKZd8Mz,53a9e3712ecb7180557707d4bf8c902753d9db8075350facf5307a94fdbfc3c0,16,0.22,3,1538837221717,Entertainment,1.2168,0.52
HFy37qcwnQrWhN9rp,53a9e3712ecb7180557707d4bf8c902753d9db8075350facf5307a94fdbfc3c0,17,0.17,3,1538837221719,Entertainment,0.05780000000000001,0.47
t5Tqg4EXKQk9QLeD8,53a9e3712ecb7180557707d4bf8c902753d9db8075350facf5307a94fdbfc3c0,18,0.31,3,1538837221720,Entertainment,0.1922,0.695
KqWS5mBYeszsmwfAP,39183e868de3ee55578f43f29a5cf26ed355aff708093f82bf057854a024c40b,1,0.47,3,1538837387880,Sports,0.5618000000000001,0.65
mbnWw9brtB9WW5wHG,39183e868de3ee55578f43f29a5cf26ed355aff708093f82bf057854a024c40b,2,0.64,3,1538837387882,Sports,0.8192,0.62
2vYqt3mGqeNd5uonw,39183e868de3ee55578f43f29a5cf26ed355aff708093f82bf057854a024c40b,3,0.1,3,1538837387884,Sports,0.020000000000000004,0.5
pWJK4rckS4EkzdLY7,39183e868de3ee55578f43f29a5cf26ed355aff708093f82bf057854a024c40b,4,0.6,3,1538837387884,Sports,0.32000000000000006,0.625
vmGYAi2oq5RooNvTa,39183e868de3ee55578f43f29a5cf26ed355aff708093f82bf057854a024c40b,5,0.04,3,1538837387887,Sports,0.0032,0.29
n5SDGYRNtRv32XiHX,39183e868de3ee55578f43f29a5cf26ed355aff708093f82bf057854a024c40b,6,0.54,3,1538837387888,Sports,0.5832,0.655
tfum8YYRQybjPaWJE,39183e868de3ee55578f43f29a5cf26ed355aff708093f82bf057854a024c40b,7,0.6,3,1538837442024,Politics,0.72,0.62
wJf5u2L2AeGbWuapz,39183e868de3ee55578f43f29a5cf26ed355aff708093f82bf057854a024c40b,8,0.65,3,1538837442025,Politics,0.24499999999999997,0.63
WoSTPC6jLsKr2dcjt,39183e868de3ee55578f43f29a5cf26ed355aff708093f82bf057854a024c40b,9,0.59,3,1538837442027,Politics,0.6961999999999999,0.69
Y5mqpD3kaLyQhRQjv,39183e868de3ee55578f43f29a5cf26ed355aff708093f82bf057854a024c40b,10,0,3,1538837442027,Politics,0,0.415
zDrf87gEdMtQYsqHG,39183e868de3ee55578f43f29a5cf26ed355aff708093f82bf057854a024c40b,11,0.06,3,1538837442028,Politics,0.0072,0.47
figKsjvEs72Dnsu7d,39183e868de3ee55578f43f29a5cf26ed355aff708093f82bf057854a024c40b,12,0,3,1538837442029,Politics,0,0.465
mFerFfJBHKp84f9xx,39183e868de3ee55578f43f29a5cf26ed355aff708093f82bf057854a024c40b,13,0.3,3,1538837485743,Entertainment,0.18,0.72
hnFBeiQZsM3r6YMie,39183e868de3ee55578f43f29a5cf26ed355aff708093f82bf057854a024c40b,14,1,3,1538837485745,Entertainment,0,0.7
fQixgwH4RMvEfPiG3,39183e868de3ee55578f43f29a5cf26ed355aff708093f82bf057854a024c40b,15,0.24,3,1538837485745,Entertainment,0.1152,0.485
BKyAPDEviNoRxSdeQ,39183e868de3ee55578f43f29a5cf26ed355aff708093f82bf057854a024c40b,16,0.43,3,1538837485747,Entertainment,0.6498000000000002,0.615
GwS5QZfhserFawu7o,39183e868de3ee55578f43f29a5cf26ed355aff708093f82bf057854a024c40b,17,0.13,3,1538837485748,Entertainment,0.033800000000000004,0.495
z6ZiroozLrSroqQDD,39183e868de3ee55578f43f29a5cf26ed355aff708093f82bf057854a024c40b,18,0.22,3,1538837485752,Entertainment,0.0968,0.555
A6aX4K6yWui6YSKCi,1d348c2eaa4e8a815fc7cccb8da4099174e8ecb9550753fbb059bdabf997ca55,1,0.65,3,1538837733432,Sports,0.24499999999999997,0.58
doAaaSn2xgbSGKDAK,1d348c2eaa4e8a815fc7cccb8da4099174e8ecb9550753fbb059bdabf997ca55,2,0.64,3,1538837733437,Sports,0.8192,0.545
b6SoxSwwwSgYJzKPH,1d348c2eaa4e8a815fc7cccb8da4099174e8ecb9550753fbb059bdabf997ca55,3,0.65,3,1538837733438,Sports,0.8450000000000001,0.4
fv4EQKJiHJRoqiqR5,1d348c2eaa4e8a815fc7cccb8da4099174e8ecb9550753fbb059bdabf997ca55,4,0.68,3,1538837733439,Sports,0.20479999999999993,0.595
CDSpmehGuDB2gZkpQ,1d348c2eaa4e8a815fc7cccb8da4099174e8ecb9550753fbb059bdabf997ca55,5,0.66,3,1538837733440,Sports,0.8712000000000001,0.44
MmsNZtbyxqFasie3y,1d348c2eaa4e8a815fc7cccb8da4099174e8ecb9550753fbb059bdabf997ca55,6,0.73,3,1538837733441,Sports,1.0657999999999999,0.525
HtRK3SPECSDr8YFJc,1d348c2eaa4e8a815fc7cccb8da4099174e8ecb9550753fbb059bdabf997ca55,7,0.65,3,1538837775788,Politics,0.8450000000000001,0.585
GwoEbtfDECTr3ffNR,1d348c2eaa4e8a815fc7cccb8da4099174e8ecb9550753fbb059bdabf997ca55,8,0.61,3,1538837775792,Politics,0.3042,0.545
Tq56NB7aqEkjCMCYw,1d348c2eaa4e8a815fc7cccb8da4099174e8ecb9550753fbb059bdabf997ca55,9,0.66,3,1538837775797,Politics,0.8712000000000001,0.49
6kmLsNiSN5nJjjafr,1d348c2eaa4e8a815fc7cccb8da4099174e8ecb9550753fbb059bdabf997ca55,10,0.58,3,1538837775798,Politics,0.6728,0.385
Z4bSn5QpzoJ2WraCr,1d348c2eaa4e8a815fc7cccb8da4099174e8ecb9550753fbb059bdabf997ca55,11,0.71,3,1538837775799,Politics,1.0082,0.36
R5DMKS3bpZZWFrAyC,1d348c2eaa4e8a815fc7cccb8da4099174e8ecb9550753fbb059bdabf997ca55,12,0.62,3,1538837775800,Politics,0.7688,0.37
AGB2RZ33HJkDvtttj,1d348c2eaa4e8a815fc7cccb8da4099174e8ecb9550753fbb059bdabf997ca55,13,0.61,3,1538837836082,Entertainment,0.7442,0.53
TywtmRdYZey7zLhtQ,1d348c2eaa4e8a815fc7cccb8da4099174e8ecb9550753fbb059bdabf997ca55,14,0.71,3,1538837836083,Entertainment,0.16820000000000004,0.6
cT9cygSN5vhjttdLk,1d348c2eaa4e8a815fc7cccb8da4099174e8ecb9550753fbb059bdabf997ca55,15,0.33,3,1538837836084,Entertainment,0.21780000000000002,0.6
A3tK66gzBGFygz4Zu,1d348c2eaa4e8a815fc7cccb8da4099174e8ecb9550753fbb059bdabf997ca55,16,0.85,3,1538837836084,Entertainment,0.04500000000000001,0.515
v4LsJus4pJM25t9qk,1d348c2eaa4e8a815fc7cccb8da4099174e8ecb9550753fbb059bdabf997ca55,17,0.53,3,1538837836085,Entertainment,0.5618000000000001,0.49
DAdYbsPd3mgCqCAnP,1d348c2eaa4e8a815fc7cccb8da4099174e8ecb9550753fbb059bdabf997ca55,18,0.73,3,1538837836086,Entertainment,1.0657999999999999,0.435
gjJu2RNF6nRtp6K3z,c2f89668e3e70b4c8e7846d1cc8fb8430ee7dba15b6875b5e9a3dc42da8ac927,1,0.6,3,1538838181924,Sports,0.32000000000000006,0.565
rMpqkuWiuscYSqYwu,c2f89668e3e70b4c8e7846d1cc8fb8430ee7dba15b6875b5e9a3dc42da8ac927,2,0.65,3,1538838181925,Sports,0.8450000000000001,0.54
GTeu8jqEgepmvffDq,c2f89668e3e70b4c8e7846d1cc8fb8430ee7dba15b6875b5e9a3dc42da8ac927,3,0.1,3,1538838181926,Sports,0.020000000000000004,0.33
n45QkH2vq5zzosNft,c2f89668e3e70b4c8e7846d1cc8fb8430ee7dba15b6875b5e9a3dc42da8ac927,4,0.6,3,1538838181927,Sports,0.32000000000000006,0.605
yFbnPRGhceJYpK4tt,c2f89668e3e70b4c8e7846d1cc8fb8430ee7dba15b6875b5e9a3dc42da8ac927,5,0.05,3,1538838181927,Sports,0.005000000000000001,0.245
mu9bPNpY9mFF2bX6L,c2f89668e3e70b4c8e7846d1cc8fb8430ee7dba15b6875b5e9a3dc42da8ac927,6,0.5,3,1538838181927,Sports,0.5,0.585
cNdQLGph3aT5xmNjm,c2f89668e3e70b4c8e7846d1cc8fb8430ee7dba15b6875b5e9a3dc42da8ac927,7,0.45,3,1538838273938,Politics,0.405,0.65
hkzmerAjzDTKkTfRT,c2f89668e3e70b4c8e7846d1cc8fb8430ee7dba15b6875b5e9a3dc42da8ac927,8,0.3,3,1538838273938,Politics,0.9799999999999999,0.635
WCjLp59tMM7Xmzxky,c2f89668e3e70b4c8e7846d1cc8fb8430ee7dba15b6875b5e9a3dc42da8ac927,9,0.55,3,1538838273938,Politics,0.6050000000000001,0.59
ndZXiwnZhNjewNz7y,c2f89668e3e70b4c8e7846d1cc8fb8430ee7dba15b6875b5e9a3dc42da8ac927,10,0.66,3,1538838273939,Politics,0.8712000000000001,0.34
qKpQRmXwGiPste65Q,c2f89668e3e70b4c8e7846d1cc8fb8430ee7dba15b6875b5e9a3dc42da8ac927,11,0.2,3,1538838273940,Politics,0.08000000000000002,0.34
fpeEt6vXXaBn9hH77,c2f89668e3e70b4c8e7846d1cc8fb8430ee7dba15b6875b5e9a3dc42da8ac927,12,0.65,3,1538838273941,Politics,0.8450000000000001,0.375
Lea4kKBeZrbayn539,c2f89668e3e70b4c8e7846d1cc8fb8430ee7dba15b6875b5e9a3dc42da8ac927,13,0.55,3,1538838498014,Entertainment,0.6050000000000001,0.565
QLwgyd4N7HjxnRjiY,c2f89668e3e70b4c8e7846d1cc8fb8430ee7dba15b6875b5e9a3dc42da8ac927,14,0.45,3,1538838498014,Entertainment,0.6050000000000001,0.62
e5qMnAbxyRkxjELqe,c2f89668e3e70b4c8e7846d1cc8fb8430ee7dba15b6875b5e9a3dc42da8ac927,15,0.45,3,1538838498015,Entertainment,0.405,0.565
qnPh53pZN5uu67WXN,c2f89668e3e70b4c8e7846d1cc8fb8430ee7dba15b6875b5e9a3dc42da8ac927,16,0.6,3,1538838498016,Entertainment,0.32000000000000006,0.55
qxvcCXPcfASoHQMNt,c2f89668e3e70b4c8e7846d1cc8fb8430ee7dba15b6875b5e9a3dc42da8ac927,17,0.4,3,1538838498016,Entertainment,0.32000000000000006,0.515
SxLSrQ5AKMa4xSX4W,c2f89668e3e70b4c8e7846d1cc8fb8430ee7dba15b6875b5e9a3dc42da8ac927,18,0.45,3,1538838498017,Entertainment,0.405,0.51
8Ph3zjhpAPzR2pcP7,7d0f9e58d2ab08d395adab30a294ffb81efcd4e5dd4489f5b7a29b73c0711619,1,0.56,3,1538838862859,Sports,0.38719999999999993,0.595
Eqa2NB5MpMuxM5SGW,7d0f9e58d2ab08d395adab30a294ffb81efcd4e5dd4489f5b7a29b73c0711619,2,0.46,3,1538838862861,Sports,0.4232,0.585
X8RNctXWsbrPHTD37,7d0f9e58d2ab08d395adab30a294ffb81efcd4e5dd4489f5b7a29b73c0711619,3,0.13,3,1538838862862,Sports,0.033800000000000004,0.45
o8vvLAPMbg7NSrmha,7d0f9e58d2ab08d395adab30a294ffb81efcd4e5dd4489f5b7a29b73c0711619,4,0.58,3,1538838862863,Sports,0.35280000000000006,0.635
YWy4tPybL9bxXrdLA,7d0f9e58d2ab08d395adab30a294ffb81efcd4e5dd4489f5b7a29b73c0711619,5,0.26,3,1538838862864,Sports,0.13520000000000001,0.425
5bS2ATnWmcCZA6zpj,7d0f9e58d2ab08d395adab30a294ffb81efcd4e5dd4489f5b7a29b73c0711619,6,0.24,3,1538838862865,Sports,0.1152,0.43
HwAnHN9mTABgGG8ZL,7d0f9e58d2ab08d395adab30a294ffb81efcd4e5dd4489f5b7a29b73c0711619,7,0.44,3,1538838905111,Politics,0.3872,0.625
9s2ZYXbFHbZtuqstp,7d0f9e58d2ab08d395adab30a294ffb81efcd4e5dd4489f5b7a29b73c0711619,8,0.5,3,1538838905113,Politics,0.5,0.625
eHJF2raGdBuNLqHip,7d0f9e58d2ab08d395adab30a294ffb81efcd4e5dd4489f5b7a29b73c0711619,9,0.46,3,1538838905115,Politics,0.4232,0.6
vrZZvhBmAhiFRLH26,7d0f9e58d2ab08d395adab30a294ffb81efcd4e5dd4489f5b7a29b73c0711619,10,0.09,3,1538838905116,Politics,0.0162,0.315
5kf7nAupWMbSS9uQP,7d0f9e58d2ab08d395adab30a294ffb81efcd4e5dd4489f5b7a29b73c0711619,11,0.23,3,1538838905117,Politics,0.1058,0.435
sxiCL7wiYREkaqYRD,7d0f9e58d2ab08d395adab30a294ffb81efcd4e5dd4489f5b7a29b73c0711619,12,0.22,3,1538838905118,Politics,0.0968,0.355
2hwvEQe9mpxy8xhCL,7d0f9e58d2ab08d395adab30a294ffb81efcd4e5dd4489f5b7a29b73c0711619,13,0.36,3,1538838951887,Entertainment,0.2592,0.59
YcpxpDMGk8MzqbZZS,7d0f9e58d2ab08d395adab30a294ffb81efcd4e5dd4489f5b7a29b73c0711619,14,0.38,3,1538838951888,Entertainment,0.7688,0.64
JLKXSqbCrs8g7EssW,7d0f9e58d2ab08d395adab30a294ffb81efcd4e5dd4489f5b7a29b73c0711619,15,0.38,3,1538838951888,Entertainment,0.2888,0.62
pDwNxJ7afTjoH9Xrh,7d0f9e58d2ab08d395adab30a294ffb81efcd4e5dd4489f5b7a29b73c0711619,16,0.56,3,1538838951889,Entertainment,0.38719999999999993,0.59
4vdKv5MbrZqExQ4FF,7d0f9e58d2ab08d395adab30a294ffb81efcd4e5dd4489f5b7a29b73c0711619,17,0.43,3,1538838951890,Entertainment,0.36979999999999996,0.525
PauNjbJkyuYRJN9mw,7d0f9e58d2ab08d395adab30a294ffb81efcd4e5dd4489f5b7a29b73c0711619,18,0.45,3,1538838951891,Entertainment,0.405,0.525
whLy9e3tkSLQEx8eh,c248a1159a7acafa78636d3ce32bf57d6bc597572b4070500a551372f7a51632,1,1,3,1538839013615,Sports,0,0.705
nbPSXft9jTqgbaeZo,c248a1159a7acafa78636d3ce32bf57d6bc597572b4070500a551372f7a51632,2,0,3,1538839013619,Sports,0,0.365
kXJsdXKhaT65t2Qz2,c248a1159a7acafa78636d3ce32bf57d6bc597572b4070500a551372f7a51632,3,0,3,1538839013622,Sports,0,0.475
nz5FyQqBxhT9Rc2vv,c248a1159a7acafa78636d3ce32bf57d6bc597572b4070500a551372f7a51632,4,1,3,1538839013624,Sports,0,0.765
847b2rLYNszCQbXHc,c248a1159a7acafa78636d3ce32bf57d6bc597572b4070500a551372f7a51632,5,0,3,1538839013626,Sports,0,0.43
5P8FEAgCYJ6auRCuy,c248a1159a7acafa78636d3ce32bf57d6bc597572b4070500a551372f7a51632,6,0.82,3,1538839013629,Sports,1.3447999999999998,0.725
2d3yGidMsJjwqu5Yn,c248a1159a7acafa78636d3ce32bf57d6bc597572b4070500a551372f7a51632,7,0,3,1538839058728,Politics,0,0.335
7FPZ2TSZrFNfqkCsc,c248a1159a7acafa78636d3ce32bf57d6bc597572b4070500a551372f7a51632,8,0,3,1538839058729,Politics,2,0.38
3Dn9uRH3kzfdSYus5,c248a1159a7acafa78636d3ce32bf57d6bc597572b4070500a551372f7a51632,9,0,3,1538839058732,Politics,0,0.41
2GqPcAqmWJgAuq8nb,c248a1159a7acafa78636d3ce32bf57d6bc597572b4070500a551372f7a51632,10,1,3,1538839058732,Politics,2,0.55
QBh3sEnx22mRAHTWr,c248a1159a7acafa78636d3ce32bf57d6bc597572b4070500a551372f7a51632,11,0,3,1538839058734,Politics,0,0.41
Ffm4xxsJG9XBKtmee,c248a1159a7acafa78636d3ce32bf57d6bc597572b4070500a551372f7a51632,12,0,3,1538839058738,Politics,0,0.555
sqEcN48T8tQcJBExy,c248a1159a7acafa78636d3ce32bf57d6bc597572b4070500a551372f7a51632,13,1,3,1538839182241,Entertainment,2,0.705
puQLwkB3fAKcgtGPt,c248a1159a7acafa78636d3ce32bf57d6bc597572b4070500a551372f7a51632,14,1,3,1538839182242,Entertainment,0,0.73
HMFbrHBd5GhgnWYBT,c248a1159a7acafa78636d3ce32bf57d6bc597572b4070500a551372f7a51632,15,0,3,1538839182242,Entertainment,0,0.36
fwaMaxrAShF5TG52r,c248a1159a7acafa78636d3ce32bf57d6bc597572b4070500a551372f7a51632,16,0.83,3,1538839182243,Entertainment,0.057800000000000025,0.66
GRvaYFA6eahMAAzCF,c248a1159a7acafa78636d3ce32bf57d6bc597572b4070500a551372f7a51632,17,0,3,1538839182245,Entertainment,0,0.395
k8EiiTdocyoPNAZSF,c248a1159a7acafa78636d3ce32bf57d6bc597572b4070500a551372f7a51632,18,0,3,1538839182246,Entertainment,0,0.365
rCcRg8zebZvWbv94T,964196ef786f55ca6ecf16e8e401ba5bc9db595ca96fb4546d3e441a50c72d92,1,0.53,3,1538839970880,Sports,0.44179999999999997,0.64
5hrPynhH9T9gxPzjm,964196ef786f55ca6ecf16e8e401ba5bc9db595ca96fb4546d3e441a50c72d92,2,0.4,3,1538839970881,Sports,0.32000000000000006,0.595
2ko8tS22KppxRjXEc,964196ef786f55ca6ecf16e8e401ba5bc9db595ca96fb4546d3e441a50c72d92,3,0.56,3,1538839970882,Sports,0.6272000000000001,0.455
LtAfkRJx4cC3jz6wg,964196ef786f55ca6ecf16e8e401ba5bc9db595ca96fb4546d3e441a50c72d92,4,0.76,3,1538839970882,Sports,0.1152,0.62
rEPMxqT36jeRPx8u8,964196ef786f55ca6ecf16e8e401ba5bc9db595ca96fb4546d3e441a50c72d92,5,0.34,3,1538839970882,Sports,0.23120000000000004,0.71
iej63cnsaxifFhqNN,964196ef786f55ca6ecf16e8e401ba5bc9db595ca96fb4546d3e441a50c72d92,6,0.67,3,1538839970884,Sports,0.8978000000000002,0.625
oADoPwZGmSG6iZhjL,259824589cba305cba39a82ec17dbbbf357ff3e2098d480f27aaa5c1e703a8fb,1,0.68,3,1538839973901,Sports,0.20479999999999993,0.575
xLhoJaC66x6QL8zP2,259824589cba305cba39a82ec17dbbbf357ff3e2098d480f27aaa5c1e703a8fb,2,0.94,3,1538839973927,Sports,1.7671999999999999,0.525
NWFMtcuhzyiXLr4QK,259824589cba305cba39a82ec17dbbbf357ff3e2098d480f27aaa5c1e703a8fb,3,0.38,3,1538839973930,Sports,0.2888,0.545
twNnBjKq5zWhNxRAL,259824589cba305cba39a82ec17dbbbf357ff3e2098d480f27aaa5c1e703a8fb,4,0.9,3,1538839973933,Sports,0.01999999999999999,0.59
ipPQsZ2LQdg9DJehX,259824589cba305cba39a82ec17dbbbf357ff3e2098d480f27aaa5c1e703a8fb,5,0.87,3,1538839973936,Sports,1.5138,0.45
mfFfAeh4Pcbvng9jc,259824589cba305cba39a82ec17dbbbf357ff3e2098d480f27aaa5c1e703a8fb,6,0.66,3,1538839973939,Sports,0.8712000000000001,0.495
fMucYQZ7uDcPCW3Pk,259824589cba305cba39a82ec17dbbbf357ff3e2098d480f27aaa5c1e703a8fb,7,0.78,3,1538839993599,Politics,1.2168,0.515
vdfZp5fBuAmHHP73q,259824589cba305cba39a82ec17dbbbf357ff3e2098d480f27aaa5c1e703a8fb,8,0.267,3,1538839993603,Politics,1.074578,0.415
htacC8XTrmNixDccR,259824589cba305cba39a82ec17dbbbf357ff3e2098d480f27aaa5c1e703a8fb,9,0.62,3,1538839993619,Politics,0.7688,0.485
dgTDdhea473EYPhQo,259824589cba305cba39a82ec17dbbbf357ff3e2098d480f27aaa5c1e703a8fb,10,0.45,3,1538839993626,Politics,0.405,0.48
3SQae5ks4QP5oEJK7,259824589cba305cba39a82ec17dbbbf357ff3e2098d480f27aaa5c1e703a8fb,11,0.78,3,1538839993631,Politics,1.2168,0.34
v4C3MSKn828FcibYq,259824589cba305cba39a82ec17dbbbf357ff3e2098d480f27aaa5c1e703a8fb,12,0.55,3,1538839993633,Politics,0.6050000000000001,0.43
5jQabjfCXPvJ88txB,259824589cba305cba39a82ec17dbbbf357ff3e2098d480f27aaa5c1e703a8fb,13,0.58,3,1538840029607,Entertainment,0.6728,0.55
8KwwnWqgNy88JNX9i,259824589cba305cba39a82ec17dbbbf357ff3e2098d480f27aaa5c1e703a8fb,14,0.72,3,1538840029610,Entertainment,0.15680000000000002,0.56
ZXSzXShS7ZWo24W5i,259824589cba305cba39a82ec17dbbbf357ff3e2098d480f27aaa5c1e703a8fb,15,0.64,3,1538840029614,Entertainment,0.8192,0.475
jKi5Pbm4rQNxgjhLG,259824589cba305cba39a82ec17dbbbf357ff3e2098d480f27aaa5c1e703a8fb,16,0.34,3,1538840029619,Entertainment,0.8711999999999998,0.57
4DxobKZWT8XaAH3LE,259824589cba305cba39a82ec17dbbbf357ff3e2098d480f27aaa5c1e703a8fb,17,0.76,3,1538840029623,Entertainment,1.1552,0.49
bH7M5xS2T5tfWmcD5,259824589cba305cba39a82ec17dbbbf357ff3e2098d480f27aaa5c1e703a8fb,18,0.51,3,1538840029626,Entertainment,0.5202,0.575
X6BKgeZfZjxnupoYZ,964196ef786f55ca6ecf16e8e401ba5bc9db595ca96fb4546d3e441a50c72d92,7,0.86,3,1538840080641,Politics,1.4791999999999998,0.645
jRgwNq9aDKBtLfbmR,964196ef786f55ca6ecf16e8e401ba5bc9db595ca96fb4546d3e441a50c72d92,8,0.11,3,1538840080641,Politics,1.5842,0.315
6gq5sKWbs5mcHhsew,964196ef786f55ca6ecf16e8e401ba5bc9db595ca96fb4546d3e441a50c72d92,9,0.84,3,1538840080641,Politics,1.4111999999999998,0.58
siknDbYxkEvGgFQTc,964196ef786f55ca6ecf16e8e401ba5bc9db595ca96fb4546d3e441a50c72d92,10,0,3,1538840080641,Politics,0,0.42
65Q4CrBYz9GnXp7s8,964196ef786f55ca6ecf16e8e401ba5bc9db595ca96fb4546d3e441a50c72d92,11,0.03,3,1538840080642,Politics,0.0018,0.36
Q6wdegZHthvWodgQF,964196ef786f55ca6ecf16e8e401ba5bc9db595ca96fb4546d3e441a50c72d92,12,0.06,3,1538840080643,Politics,0.0072,0.475
GW8RorCkivucAqaAw,964196ef786f55ca6ecf16e8e401ba5bc9db595ca96fb4546d3e441a50c72d92,13,0.91,3,1538840163490,Entertainment,1.6562000000000001,0.56
ivxDxGJskCDbca2g2,964196ef786f55ca6ecf16e8e401ba5bc9db595ca96fb4546d3e441a50c72d92,14,0.8,3,1538840163491,Entertainment,0.07999999999999996,0.63
4kY93YK7rScpXfyFH,964196ef786f55ca6ecf16e8e401ba5bc9db595ca96fb4546d3e441a50c72d92,15,0.28,3,1538840163492,Entertainment,0.15680000000000002,0.5
shWTXkSg6ynhrZfPn,964196ef786f55ca6ecf16e8e401ba5bc9db595ca96fb4546d3e441a50c72d92,16,0.78,3,1538840163493,Entertainment,0.09679999999999998,0.56
RoxTPzzAaGDnDbk9B,964196ef786f55ca6ecf16e8e401ba5bc9db595ca96fb4546d3e441a50c72d92,17,0.32,3,1538840163494,Entertainment,0.2048,0.59
QZBtGJgCnuk2PSWrq,964196ef786f55ca6ecf16e8e401ba5bc9db595ca96fb4546d3e441a50c72d92,18,0.19,3,1538840163494,Entertainment,0.0722,0.37
KoCkbnkRneGbseBbo,09ac12626f59cbe31e0322a84b3b998f1535ec56e7b0767ed9d019b815d106cc,1,0.69,3,1538840295706,Sports,0.19220000000000007,0.55
NR24NjAN9J42Sbuag,09ac12626f59cbe31e0322a84b3b998f1535ec56e7b0767ed9d019b815d106cc,2,0.38,3,1538840295707,Sports,0.2888,0.65
bprAGpaYMdGF2NjW3,09ac12626f59cbe31e0322a84b3b998f1535ec56e7b0767ed9d019b815d106cc,3,0.23,3,1538840295708,Sports,0.1058,0.39
w8uBEy3Qcmp59KA7x,09ac12626f59cbe31e0322a84b3b998f1535ec56e7b0767ed9d019b815d106cc,4,0.65,3,1538840295708,Sports,0.24499999999999997,0.6
exN8joo6BcsmDCkLA,09ac12626f59cbe31e0322a84b3b998f1535ec56e7b0767ed9d019b815d106cc,5,0.4,3,1538840295709,Sports,0.32000000000000006,0.57
jqjQLyrNqDrsyGC82,09ac12626f59cbe31e0322a84b3b998f1535ec56e7b0767ed9d019b815d106cc,6,0.58,3,1538840295709,Sports,0.6728,0.59
LBgnvFd3xrFEcw5fx,47e8fac6c7a1b777fd5c11b781063946351877e80d8fab47255a7f8c717ab6cc,1,0.6,3,1538840294518,Sports,0.32000000000000006,0.52
xMgNEXGi82SRHsupq,47e8fac6c7a1b777fd5c11b781063946351877e80d8fab47255a7f8c717ab6cc,2,0.5,3,1538840294521,Sports,0.5,0.585
fm2K3kpvSxMgHo5Gt,47e8fac6c7a1b777fd5c11b781063946351877e80d8fab47255a7f8c717ab6cc,3,0,3,1538840294522,Sports,0,0.24
7JJjRduHtJBJFTjNM,47e8fac6c7a1b777fd5c11b781063946351877e80d8fab47255a7f8c717ab6cc,4,0.7,3,1538840294523,Sports,0.18000000000000005,0.615
nkuePQEMA92YdeT9o,47e8fac6c7a1b777fd5c11b781063946351877e80d8fab47255a7f8c717ab6cc,5,0.5,3,1538840294524,Sports,0.5,0.525
CQ3Hgwy6JsSWBDzix,47e8fac6c7a1b777fd5c11b781063946351877e80d8fab47255a7f8c717ab6cc,6,0.51,3,1538840294526,Sports,0.5202,0.57
fhDmrE7SBzHvk5JhP,47e8fac6c7a1b777fd5c11b781063946351877e80d8fab47255a7f8c717ab6cc,7,0.44,3,1538840340548,Politics,0.3872,0.59
iBLTeMkvTddR8ipfw,47e8fac6c7a1b777fd5c11b781063946351877e80d8fab47255a7f8c717ab6cc,8,0.16,3,1538840340549,Politics,1.4111999999999998,0.315
vHma4Acv7nGckGcBD,47e8fac6c7a1b777fd5c11b781063946351877e80d8fab47255a7f8c717ab6cc,9,0.5,3,1538840340550,Politics,0.5,0.55
iLnRjq6XRkteJpcdT,47e8fac6c7a1b777fd5c11b781063946351877e80d8fab47255a7f8c717ab6cc,10,0.37,3,1538840340552,Politics,0.2738,0.49
YA7qpCFuNGH9vNneu,47e8fac6c7a1b777fd5c11b781063946351877e80d8fab47255a7f8c717ab6cc,11,0.4,3,1538840340553,Politics,0.32000000000000006,0.42
Jmsmpq3coCdDMA4QS,47e8fac6c7a1b777fd5c11b781063946351877e80d8fab47255a7f8c717ab6cc,12,0.4,3,1538840340554,Politics,0.32000000000000006,0.435
i4WHJdj2d3y4dSWxc,09ac12626f59cbe31e0322a84b3b998f1535ec56e7b0767ed9d019b815d106cc,7,0.67,3,1538840420927,Politics,0.8978000000000002,0.585
b5LiWqsEPcq5jQrQy,09ac12626f59cbe31e0322a84b3b998f1535ec56e7b0767ed9d019b815d106cc,8,0.55,3,1538840420928,Politics,0.4049999999999999,0.635
grDHSEght55oM3w7n,09ac12626f59cbe31e0322a84b3b998f1535ec56e7b0767ed9d019b815d106cc,9,0.76,3,1538840420928,Politics,1.1552,0.515
mbD3p38fqqgeYtrKB,09ac12626f59cbe31e0322a84b3b998f1535ec56e7b0767ed9d019b815d106cc,10,0.15,3,1538840420928,Politics,0.045,0.44
GGkzw7H7J5GL5iAdu,09ac12626f59cbe31e0322a84b3b998f1535ec56e7b0767ed9d019b815d106cc,11,0.36,3,1538840420928,Politics,0.2592,0.53
XvnytJvCDg9QQiSSn,09ac12626f59cbe31e0322a84b3b998f1535ec56e7b0767ed9d019b815d106cc,12,0.29,3,1538840420929,Politics,0.1682,0.375
5PQmzeuLcDJcyYe5H,09ac12626f59cbe31e0322a84b3b998f1535ec56e7b0767ed9d019b815d106cc,13,0.77,3,1538840577551,Entertainment,1.1858,0.505
NuhM7g9xjxKxPjKZ2,09ac12626f59cbe31e0322a84b3b998f1535ec56e7b0767ed9d019b815d106cc,14,0.8,3,1538840577552,Entertainment,0.07999999999999996,0.58
f24B5oirEeaaheTCu,09ac12626f59cbe31e0322a84b3b998f1535ec56e7b0767ed9d019b815d106cc,15,0.67,3,1538840577552,Entertainment,0.8978000000000002,0.525
otYKeoseYTvJDXwXC,09ac12626f59cbe31e0322a84b3b998f1535ec56e7b0767ed9d019b815d106cc,16,0.24,3,1538840577552,Entertainment,1.1552,0.45
E84ZPKhvAuQnYyHR2,09ac12626f59cbe31e0322a84b3b998f1535ec56e7b0767ed9d019b815d106cc,17,0.63,3,1538840577552,Entertainment,0.7938000000000001,0.54
5Z3pzuDqANCLudBdQ,09ac12626f59cbe31e0322a84b3b998f1535ec56e7b0767ed9d019b815d106cc,18,0.7,3,1538840577552,Entertainment,0.9799999999999999,0.465
wrfgH3ded8fPkKNoj,47e8fac6c7a1b777fd5c11b781063946351877e80d8fab47255a7f8c717ab6cc,13,1,3,1538840615281,Entertainment,2,0.51
TDzzf2d65N97PXp2x,47e8fac6c7a1b777fd5c11b781063946351877e80d8fab47255a7f8c717ab6cc,14,1,3,1538840615284,Entertainment,0,0.55
qAvEq725Ab7kRMkDr,47e8fac6c7a1b777fd5c11b781063946351877e80d8fab47255a7f8c717ab6cc,15,0.37,3,1538840615286,Entertainment,0.2738,0.575
8a3ENooiyhnxWaC2n,47e8fac6c7a1b777fd5c11b781063946351877e80d8fab47255a7f8c717ab6cc,16,0.51,3,1538840615288,Entertainment,0.48019999999999996,0.545
4KeAoBjtYZKd8recX,47e8fac6c7a1b777fd5c11b781063946351877e80d8fab47255a7f8c717ab6cc,17,0.42,3,1538840615290,Entertainment,0.35279999999999995,0.415
SJKy3Qu4PNwdorBvr,47e8fac6c7a1b777fd5c11b781063946351877e80d8fab47255a7f8c717ab6cc,18,0.46,3,1538840615291,Entertainment,0.4232,0.55
exY2LKu2XfiJmGg6c,5b48059807db537d01a9714fad5c973caa89c43e79880614d650a9708d290b90,1,0.52,3,1538840993270,Sports,0.4608,0.625
89JpAiabq7hsWxQAW,5b48059807db537d01a9714fad5c973caa89c43e79880614d650a9708d290b90,2,0.6,3,1538840993275,Sports,0.72,0.575
xqR2uW3xHPHmE9czE,5b48059807db537d01a9714fad5c973caa89c43e79880614d650a9708d290b90,3,0.59,3,1538840993277,Sports,0.6961999999999999,0.53
KRXP7MNp5wHog3c6K,5b48059807db537d01a9714fad5c973caa89c43e79880614d650a9708d290b90,4,0.3,3,1538840993280,Sports,0.9799999999999999,0.69
Yc8TWb2C74k7ZsNkd,5b48059807db537d01a9714fad5c973caa89c43e79880614d650a9708d290b90,5,0.51,3,1538840993281,Sports,0.5202,0.575
KCP6kH4Hd33H4Xi4Q,5b48059807db537d01a9714fad5c973caa89c43e79880614d650a9708d290b90,6,0.52,3,1538840993284,Sports,0.5408000000000001,0.6
F7rxEN54y9oqpGnKc,5b48059807db537d01a9714fad5c973caa89c43e79880614d650a9708d290b90,7,0.14,3,1538841003037,Politics,0.039200000000000006,0.335
SddooK6m2q5zcJDQW,5b48059807db537d01a9714fad5c973caa89c43e79880614d650a9708d290b90,8,0.49,3,1538841003039,Politics,0.5202,0.625
5kDcS8jFurodmibc2,5b48059807db537d01a9714fad5c973caa89c43e79880614d650a9708d290b90,9,0.54,3,1538841003040,Politics,0.5832,0.565
7QDgr2ZHiitvppEcq,5b48059807db537d01a9714fad5c973caa89c43e79880614d650a9708d290b90,10,0.56,3,1538841003041,Politics,0.6272000000000001,0.455
vHvhDWN2u6HPMeZXS,5b48059807db537d01a9714fad5c973caa89c43e79880614d650a9708d290b90,11,0.31,3,1538841003042,Politics,0.1922,0.505
MN6c7KxY5MMcSFXgf,5b48059807db537d01a9714fad5c973caa89c43e79880614d650a9708d290b90,12,0,3,1538841003043,Politics,0,0.44
DyQWqbstefcB4b4Gh,5b48059807db537d01a9714fad5c973caa89c43e79880614d650a9708d290b90,13,0.34,3,1538841008248,Entertainment,0.23120000000000004,0.64
rjemTqGbD4x2YZjWb,5b48059807db537d01a9714fad5c973caa89c43e79880614d650a9708d290b90,14,0.13,3,1538841008249,Entertainment,1.5138,0.32
eMR7mwN5vEkAeYwzL,5b48059807db537d01a9714fad5c973caa89c43e79880614d650a9708d290b90,15,0.51,3,1538841008251,Entertainment,0.5202,0.585
wdrs29arSjXcwpMKw,5b48059807db537d01a9714fad5c973caa89c43e79880614d650a9708d290b90,16,0,3,1538841008252,Entertainment,2,0.28
CZprL4GYroo42DAQr,5b48059807db537d01a9714fad5c973caa89c43e79880614d650a9708d290b90,17,0.51,3,1538841008254,Entertainment,0.5202,0.535
LJZgn2hoWK9joBG2D,5b48059807db537d01a9714fad5c973caa89c43e79880614d650a9708d290b90,18,0.07,3,1538841008255,Entertainment,0.009800000000000001,0.27
s9KcLQ9zeSgtdwFma,b3e397ed8b97aa8b8ed440b7104b37140ffeeddcc56a6143103075f786927042,1,0.25,3,1538841179186,Sports,1.125,0.42
em68eAe6xk3Zqhz7e,b3e397ed8b97aa8b8ed440b7104b37140ffeeddcc56a6143103075f786927042,2,0.75,3,1538841179187,Sports,1.125,0.615
cNLn5LyDgAfibooyR,b3e397ed8b97aa8b8ed440b7104b37140ffeeddcc56a6143103075f786927042,3,0.15,3,1538841179187,Sports,0.045,0.53
wxYaYdFwTQBAbxiN4,b3e397ed8b97aa8b8ed440b7104b37140ffeeddcc56a6143103075f786927042,4,0.15,3,1538841179187,Sports,1.4449999999999998,0.375
7WKEad9Nh5N8jMNWT,b3e397ed8b97aa8b8ed440b7104b37140ffeeddcc56a6143103075f786927042,5,0.5,3,1538841179188,Sports,0.5,0.61
y9o5FLZSdg4LH3GQi,b3e397ed8b97aa8b8ed440b7104b37140ffeeddcc56a6143103075f786927042,6,0.75,3,1538841179189,Sports,1.125,0.58
nAAzbFzqZNPhYfMTQ,ee82dd98117efd9338fe73b83557b719d1a8263f3fa4dce6e40e790d3e4542f9,1,0.72,3,1538841207339,Sports,0.15680000000000002,0.535
wMCXKWQY5Fpr5QnE3,ee82dd98117efd9338fe73b83557b719d1a8263f3fa4dce6e40e790d3e4542f9,2,0.25,3,1538841207340,Sports,0.125,0.405
mXLfGXs586EmFupKD,ee82dd98117efd9338fe73b83557b719d1a8263f3fa4dce6e40e790d3e4542f9,3,0.13,3,1538841207342,Sports,0.033800000000000004,0.44
4y9Lxp7JSBnsrL56c,ee82dd98117efd9338fe73b83557b719d1a8263f3fa4dce6e40e790d3e4542f9,4,0.81,3,1538841207342,Sports,0.07219999999999996,0.61
D28uYjuPqDifda25f,ee82dd98117efd9338fe73b83557b719d1a8263f3fa4dce6e40e790d3e4542f9,5,0.53,3,1538841207343,Sports,0.5618000000000001,0.54
v6Dn3Ya6QxDmzggrt,ee82dd98117efd9338fe73b83557b719d1a8263f3fa4dce6e40e790d3e4542f9,6,0.25,3,1538841207345,Sports,0.125,0.435
dfLdi3P8pKmTSwDGr,ee82dd98117efd9338fe73b83557b719d1a8263f3fa4dce6e40e790d3e4542f9,7,0.34,3,1538841303584,Politics,0.23120000000000004,0.65
W9AZQbj7jkwHc3sBL,ee82dd98117efd9338fe73b83557b719d1a8263f3fa4dce6e40e790d3e4542f9,8,0.68,3,1538841303585,Politics,0.20479999999999993,0.565
vFauPhnsdyGCjuyR4,ee82dd98117efd9338fe73b83557b719d1a8263f3fa4dce6e40e790d3e4542f9,9,0.07,3,1538841303586,Politics,0.009800000000000001,0.24
ewG8btDMnC8n2ck4k,ee82dd98117efd9338fe73b83557b719d1a8263f3fa4dce6e40e790d3e4542f9,10,0.8,3,1538841303587,Politics,1.2800000000000002,0.42
nJ3mHy3jnC7Q87Fee,ee82dd98117efd9338fe73b83557b719d1a8263f3fa4dce6e40e790d3e4542f9,11,0.66,3,1538841303588,Politics,0.8712000000000001,0.435
ESNfffMMMZCk6h6Yu,ee82dd98117efd9338fe73b83557b719d1a8263f3fa4dce6e40e790d3e4542f9,12,0.79,3,1538841303589,Politics,1.2482000000000002,0.415
d6XTGth6pGHGS8xKn,b3e397ed8b97aa8b8ed440b7104b37140ffeeddcc56a6143103075f786927042,7,0.9,3,1538841323807,Politics,1.62,0.605
4ggBJ6b6bSkpuDF6K,b3e397ed8b97aa8b8ed440b7104b37140ffeeddcc56a6143103075f786927042,8,0.2,3,1538841323807,Politics,1.2800000000000002,0.52
C4D6buH6Etiua8hqr,b3e397ed8b97aa8b8ed440b7104b37140ffeeddcc56a6143103075f786927042,9,0.5,3,1538841323809,Politics,0.5,0.66
HS3N7cBZpsu5Z2HZe,b3e397ed8b97aa8b8ed440b7104b37140ffeeddcc56a6143103075f786927042,10,0.05,3,1538841323809,Politics,0.005000000000000001,0.38
Hyn5jAxyumuXw6Goy,b3e397ed8b97aa8b8ed440b7104b37140ffeeddcc56a6143103075f786927042,11,0.25,3,1538841323812,Politics,0.125,0.525
gH58Mr4YYCckgNMf6,b3e397ed8b97aa8b8ed440b7104b37140ffeeddcc56a6143103075f786927042,12,0.75,3,1538841323813,Politics,1.125,0.435
bHF6EspdSF3JKqCTK,ee82dd98117efd9338fe73b83557b719d1a8263f3fa4dce6e40e790d3e4542f9,13,0.29,3,1538841340398,Entertainment,0.1682,0.4
L8ft4vejMbY85SHGF,ee82dd98117efd9338fe73b83557b719d1a8263f3fa4dce6e40e790d3e4542f9,14,0.82,3,1538841340400,Entertainment,0.06480000000000004,0.555
jg4BKWt35RrfpFLYC,ee82dd98117efd9338fe73b83557b719d1a8263f3fa4dce6e40e790d3e4542f9,15,0.86,3,1538841340402,Entertainment,1.4791999999999998,0.545
r2uRCHxYpxKB9GLmW,ee82dd98117efd9338fe73b83557b719d1a8263f3fa4dce6e40e790d3e4542f9,16,0.86,3,1538841340403,Entertainment,0.039200000000000006,0.555
XL8QXiywZywwoatxZ,ee82dd98117efd9338fe73b83557b719d1a8263f3fa4dce6e40e790d3e4542f9,17,0.86,3,1538841340404,Entertainment,1.4791999999999998,0.515
xPA3v8Jj2JG3j7YPK,ee82dd98117efd9338fe73b83557b719d1a8263f3fa4dce6e40e790d3e4542f9,18,0.57,3,1538841340406,Entertainment,0.6497999999999999,0.505
kFxNq5KAQCa8h2TAx,b3e397ed8b97aa8b8ed440b7104b37140ffeeddcc56a6143103075f786927042,13,0.2,3,1538841408984,Entertainment,0.08000000000000002,0.435
84wYiNR8aTTsRsuKz,b3e397ed8b97aa8b8ed440b7104b37140ffeeddcc56a6143103075f786927042,14,0.25,3,1538841408986,Entertainment,1.125,0.45
HbY3vzmYzcvpkZ2sM,b3e397ed8b97aa8b8ed440b7104b37140ffeeddcc56a6143103075f786927042,15,0.75,3,1538841408988,Entertainment,1.125,0.58
EMx8BzvG64JM2Rifq,b3e397ed8b97aa8b8ed440b7104b37140ffeeddcc56a6143103075f786927042,16,0.1,3,1538841408989,Entertainment,1.62,0.37
rmZKgui5CKdPzS7qs,b3e397ed8b97aa8b8ed440b7104b37140ffeeddcc56a6143103075f786927042,17,0.1,3,1538841408990,Entertainment,0.020000000000000004,0.405
cX3vLmgTiXMskvCNt,b3e397ed8b97aa8b8ed440b7104b37140ffeeddcc56a6143103075f786927042,18,0.5,3,1538841408992,Entertainment,0.5,0.66
F93TnDfyhxut6z6za,1c7c629af46951b4325a443caaf5754f711a74e7b8b7d9a1697c55c50d2380a1,1,0.22,3,1538841818339,Sports,1.2168,0.505
SQPBoXJAdKsLYZkjK,1c7c629af46951b4325a443caaf5754f711a74e7b8b7d9a1697c55c50d2380a1,2,0.21,3,1538841818342,Sports,0.08819999999999999,0.435
jpsaPX6TQTiwjFYNu,1c7c629af46951b4325a443caaf5754f711a74e7b8b7d9a1697c55c50d2380a1,3,0.25,3,1538841818343,Sports,0.125,0.39
BrFW6x4MvfEu79fny,1c7c629af46951b4325a443caaf5754f711a74e7b8b7d9a1697c55c50d2380a1,4,0.87,3,1538841818345,Sports,0.033800000000000004,0.68
Z3WKDqeqY489mPuJX,1c7c629af46951b4325a443caaf5754f711a74e7b8b7d9a1697c55c50d2380a1,5,0.19,3,1538841818348,Sports,0.0722,0.47
LdA9tcmKNnyMesAYx,1c7c629af46951b4325a443caaf5754f711a74e7b8b7d9a1697c55c50d2380a1,6,0.16,3,1538841818349,Sports,0.0512,0.36
3dpRck2XCn4orPeJG,55a9782ca08c857a05ca3ae2fe49221aac2d8e70673f5d5c6199bfa3ef3a16ff,1,0.73,3,1538842835704,Sports,0.1458,0.54
owiT2J3cnwZXn4K2e,55a9782ca08c857a05ca3ae2fe49221aac2d8e70673f5d5c6199bfa3ef3a16ff,2,0.59,3,1538842835707,Sports,0.6961999999999999,0.62
Po6DrsR83nuR84bDp,55a9782ca08c857a05ca3ae2fe49221aac2d8e70673f5d5c6199bfa3ef3a16ff,3,0.49,3,1538842835708,Sports,0.48019999999999996,0.455
i2stcMQkzxzgv5AfG,55a9782ca08c857a05ca3ae2fe49221aac2d8e70673f5d5c6199bfa3ef3a16ff,4,0.58,3,1538842835710,Sports,0.35280000000000006,0.625
XDYfh4mYGeE62BMne,55a9782ca08c857a05ca3ae2fe49221aac2d8e70673f5d5c6199bfa3ef3a16ff,5,0.59,3,1538842835711,Sports,0.6961999999999999,0.51
ZiZXqrurXPiLwZz58,55a9782ca08c857a05ca3ae2fe49221aac2d8e70673f5d5c6199bfa3ef3a16ff,6,0.47,3,1538842835713,Sports,0.44179999999999997,0.545
NQuPio93p3S7kcwSH,55a9782ca08c857a05ca3ae2fe49221aac2d8e70673f5d5c6199bfa3ef3a16ff,7,0.46,3,1538842873266,Politics,0.4232,0.57
WbJa566ieu3ZnCpxo,55a9782ca08c857a05ca3ae2fe49221aac2d8e70673f5d5c6199bfa3ef3a16ff,8,0.37,3,1538842873267,Politics,0.7938000000000001,0.59
fTedfLeQS2H5d22db,55a9782ca08c857a05ca3ae2fe49221aac2d8e70673f5d5c6199bfa3ef3a16ff,9,0.62,3,1538842873268,Politics,0.7688,0.455
DfPAHPMiqkSwNybkD,55a9782ca08c857a05ca3ae2fe49221aac2d8e70673f5d5c6199bfa3ef3a16ff,10,0.48,3,1538842873269,Politics,0.4608,0.4
TrqjgcxRAJzNAJkCn,55a9782ca08c857a05ca3ae2fe49221aac2d8e70673f5d5c6199bfa3ef3a16ff,11,0.61,3,1538842873271,Politics,0.7442,0.38
i4ELmfPwbE7hE3FsX,55a9782ca08c857a05ca3ae2fe49221aac2d8e70673f5d5c6199bfa3ef3a16ff,12,0.68,3,1538842873272,Politics,0.9248000000000002,0.32
rhmCwXqNQvwRKzXar,55a9782ca08c857a05ca3ae2fe49221aac2d8e70673f5d5c6199bfa3ef3a16ff,13,0.62,3,1538842899688,Entertainment,0.7688,0.495
pxAyeDfr2HicTwWsY,55a9782ca08c857a05ca3ae2fe49221aac2d8e70673f5d5c6199bfa3ef3a16ff,14,0.67,3,1538842899690,Entertainment,0.21779999999999994,0.565
tAke6qXqyMYn53Pp2,55a9782ca08c857a05ca3ae2fe49221aac2d8e70673f5d5c6199bfa3ef3a16ff,15,0.2,3,1538842899690,Entertainment,0.08000000000000002,0.425
jLSd5BHymHBTdQjN9,55a9782ca08c857a05ca3ae2fe49221aac2d8e70673f5d5c6199bfa3ef3a16ff,16,0.4,3,1538842899692,Entertainment,0.72,0.55
gubreGXhR62zhw7LN,55a9782ca08c857a05ca3ae2fe49221aac2d8e70673f5d5c6199bfa3ef3a16ff,17,0.65,3,1538842899692,Entertainment,0.8450000000000001,0.45
4SajbdjdgHAKPLRfC,55a9782ca08c857a05ca3ae2fe49221aac2d8e70673f5d5c6199bfa3ef3a16ff,18,0.41,3,1538842899693,Entertainment,0.33619999999999994,0.5
JT99StKaTW6PjTaWc,536a641df2e89ad5048e77570191936e025fd08e05000ddd94abdb1466f9edc6,1,0.15,3,1538842988504,Sports,1.4449999999999998,0.355
xZgFZjwhrWcRNMiwa,536a641df2e89ad5048e77570191936e025fd08e05000ddd94abdb1466f9edc6,2,0.82,3,1538842988507,Sports,1.3447999999999998,0.645
pjMZm3NjZAb9vKd6s,536a641df2e89ad5048e77570191936e025fd08e05000ddd94abdb1466f9edc6,3,0.11,3,1538842988509,Sports,0.0242,0.585
p7u6HcR7jnd8r9w6J,536a641df2e89ad5048e77570191936e025fd08e05000ddd94abdb1466f9edc6,4,0.96,3,1538842988509,Sports,0.003200000000000006,0.665
DMgpEs2bnz45wajYR,536a641df2e89ad5048e77570191936e025fd08e05000ddd94abdb1466f9edc6,5,0.3,3,1538842988512,Sports,0.18,0.655
n9FrQeAbyzPBb2XTG,536a641df2e89ad5048e77570191936e025fd08e05000ddd94abdb1466f9edc6,6,0.67,3,1538842988512,Sports,0.8978000000000002,0.65
bosYCckbpqFz2XNY2,536a641df2e89ad5048e77570191936e025fd08e05000ddd94abdb1466f9edc6,7,1,3,1538843045063,Politics,2,0.655
iBnY4icy5Y4bDfQPD,536a641df2e89ad5048e77570191936e025fd08e05000ddd94abdb1466f9edc6,8,0.75,3,1538843045066,Politics,0.125,0.59
RQkq2HAG6Hj7D68xq,536a641df2e89ad5048e77570191936e025fd08e05000ddd94abdb1466f9edc6,9,1,3,1538843045068,Politics,2,0.535
pfenFpTFWyqrzTXXo,536a641df2e89ad5048e77570191936e025fd08e05000ddd94abdb1466f9edc6,10,0,3,1538843045069,Politics,0,0.405
dkQnzhv4oXdyaHyja,536a641df2e89ad5048e77570191936e025fd08e05000ddd94abdb1466f9edc6,11,0.69,3,1538843045070,Politics,0.9521999999999998,0.475
JBfr6Tpu8WgmQB5ZF,536a641df2e89ad5048e77570191936e025fd08e05000ddd94abdb1466f9edc6,12,0,3,1538843045072,Politics,0,0.415
JQjswKh3XKaik96j2,536a641df2e89ad5048e77570191936e025fd08e05000ddd94abdb1466f9edc6,13,1,3,1538843074455,Entertainment,2,0.605
LJ2M7kFcobFqzfyMu,536a641df2e89ad5048e77570191936e025fd08e05000ddd94abdb1466f9edc6,14,0.2,3,1538843074456,Entertainment,1.2800000000000002,0.45
tfXvtd5frDj6C4aNz,536a641df2e89ad5048e77570191936e025fd08e05000ddd94abdb1466f9edc6,15,0,3,1538843074457,Entertainment,0,0.35
9kQxgGbxGK9ZCDnFr,536a641df2e89ad5048e77570191936e025fd08e05000ddd94abdb1466f9edc6,16,0.26,3,1538843074458,Entertainment,1.0952,0.445
HL2Et953cg3SzoWtG,536a641df2e89ad5048e77570191936e025fd08e05000ddd94abdb1466f9edc6,17,0.66,3,1538843074459,Entertainment,0.8712000000000001,0.545
8JowjPvR7kufAit4p,536a641df2e89ad5048e77570191936e025fd08e05000ddd94abdb1466f9edc6,18,1,3,1538843074461,Entertainment,2,0.55
LMYzs5MQudertekj4,5b75eecedecfb45f606441ffe85b098deadbc6ab72437aad9ad0863bb4e8eb88,1,1,3,1538843134943,Sports,0,0.72
yG2ngsbB28BRdhGEJ,5b75eecedecfb45f606441ffe85b098deadbc6ab72437aad9ad0863bb4e8eb88,2,0,3,1538843134946,Sports,0,0.325
GQPybzn7hNvGvtSrT,5b75eecedecfb45f606441ffe85b098deadbc6ab72437aad9ad0863bb4e8eb88,3,0,3,1538843134949,Sports,0,0.42
9zX3vbRTC8Pr4umpn,5b75eecedecfb45f606441ffe85b098deadbc6ab72437aad9ad0863bb4e8eb88,4,1,3,1538843134950,Sports,0,0.705
2f4vv4yJcBFLusKfY,5b75eecedecfb45f606441ffe85b098deadbc6ab72437aad9ad0863bb4e8eb88,5,0,3,1538843134952,Sports,0,0.415
jfBQEQSCebxE43WGr,5b75eecedecfb45f606441ffe85b098deadbc6ab72437aad9ad0863bb4e8eb88,6,1,3,1538843134955,Sports,2,0.705
yTDeuiZdES83GQ2sc,5b75eecedecfb45f606441ffe85b098deadbc6ab72437aad9ad0863bb4e8eb88,7,1,3,1538843248375,Politics,2,0.69
hQRJFHw2BHzZLMgGY,5b75eecedecfb45f606441ffe85b098deadbc6ab72437aad9ad0863bb4e8eb88,8,0,3,1538843248376,Politics,2,0.31
B7xpeEeuv3xGCRk2x,5b75eecedecfb45f606441ffe85b098deadbc6ab72437aad9ad0863bb4e8eb88,9,0,3,1538843248377,Politics,0,0.345
WQviExb6otQW3fTne,5b75eecedecfb45f606441ffe85b098deadbc6ab72437aad9ad0863bb4e8eb88,10,1,3,1538843248379,Politics,2,0.46
XFoBaDJnHZw7Pngbf,5b75eecedecfb45f606441ffe85b098deadbc6ab72437aad9ad0863bb4e8eb88,11,1,3,1538843248381,Politics,2,0.465
dQkxR2TcpM4KHBgDF,5b75eecedecfb45f606441ffe85b098deadbc6ab72437aad9ad0863bb4e8eb88,12,1,3,1538843248384,Politics,2,0.425
DqTBuqtb3mPer99kA,daf32e3c5b73984bf5a60a9e67df852c3027b3c63bad7a15dd6d49219ea62ce2,1,1,3,1538843545242,Sports,0,0.675
tZMqfK2ZpgegPJhdN,daf32e3c5b73984bf5a60a9e67df852c3027b3c63bad7a15dd6d49219ea62ce2,2,1,3,1538843545244,Sports,2,0.61
7NTXypom2Nuiyrqpf,daf32e3c5b73984bf5a60a9e67df852c3027b3c63bad7a15dd6d49219ea62ce2,3,0,3,1538843545245,Sports,0,0.415
6w9b9BmBP4gdZQhLA,daf32e3c5b73984bf5a60a9e67df852c3027b3c63bad7a15dd6d49219ea62ce2,4,1,3,1538843545245,Sports,0,0.675
EACbQx7rhCozovqBa,daf32e3c5b73984bf5a60a9e67df852c3027b3c63bad7a15dd6d49219ea62ce2,5,0.86,3,1538843545246,Sports,1.4791999999999998,0.53
8bfYAAn6rJF2H4eEw,daf32e3c5b73984bf5a60a9e67df852c3027b3c63bad7a15dd6d49219ea62ce2,6,0.9,3,1538843545247,Sports,1.62,0.62
dgk3jkfP52jBebwwq,daf32e3c5b73984bf5a60a9e67df852c3027b3c63bad7a15dd6d49219ea62ce2,7,0.89,3,1538843642736,Politics,1.5842,0.68
2FsLCir3rzHjgpvHq,daf32e3c5b73984bf5a60a9e67df852c3027b3c63bad7a15dd6d49219ea62ce2,8,0.08,3,1538843642738,Politics,1.6928,0.34
3Qcf8GvNsRkB4dDi6,daf32e3c5b73984bf5a60a9e67df852c3027b3c63bad7a15dd6d49219ea62ce2,9,0.78,3,1538843642739,Politics,1.2168,0.565
r96hwBkR2tqT5qw7t,daf32e3c5b73984bf5a60a9e67df852c3027b3c63bad7a15dd6d49219ea62ce2,10,0.83,3,1538843642740,Politics,1.3778,0.385
Cw9z2Rb9pZAJEQMGA,daf32e3c5b73984bf5a60a9e67df852c3027b3c63bad7a15dd6d49219ea62ce2,11,0.77,3,1538843642740,Politics,1.1858,0.465
Jru7A2yxZ8NnLNoT8,daf32e3c5b73984bf5a60a9e67df852c3027b3c63bad7a15dd6d49219ea62ce2,12,0.04,3,1538843642741,Politics,0.0032,0.415
MmgWKJLpKNu2Fnmiz,daf32e3c5b73984bf5a60a9e67df852c3027b3c63bad7a15dd6d49219ea62ce2,13,0.21,3,1538843703166,Entertainment,0.08819999999999999,0.405
ZbSzML7u5jabY5Wg6,daf32e3c5b73984bf5a60a9e67df852c3027b3c63bad7a15dd6d49219ea62ce2,14,0.79,3,1538843703167,Entertainment,0.08819999999999997,0.64
ospXDnDobaonAffw7,daf32e3c5b73984bf5a60a9e67df852c3027b3c63bad7a15dd6d49219ea62ce2,15,0.82,3,1538843703168,Entertainment,1.3447999999999998,0.58
BRnDuZYJC8hP6vqa6,daf32e3c5b73984bf5a60a9e67df852c3027b3c63bad7a15dd6d49219ea62ce2,16,0.18,3,1538843703168,Entertainment,1.3448000000000002,0.445
Hqj7t6utePmCNjJZw,daf32e3c5b73984bf5a60a9e67df852c3027b3c63bad7a15dd6d49219ea62ce2,17,0.24,3,1538843703169,Entertainment,0.1152,0.415
S2o3vAbAiDFxnggMo,daf32e3c5b73984bf5a60a9e67df852c3027b3c63bad7a15dd6d49219ea62ce2,18,0.17,3,1538843703169,Entertainment,0.05780000000000001,0.485
bYWtjoPd9H9d5rfJY,5b75eecedecfb45f606441ffe85b098deadbc6ab72437aad9ad0863bb4e8eb88,13,1,3,1538843957785,Entertainment,2,0.665
vS2ESK8kuqRrJZxQX,5b75eecedecfb45f606441ffe85b098deadbc6ab72437aad9ad0863bb4e8eb88,14,1,3,1538843957787,Entertainment,0,0.66
fExxzEz3jNSH67CvE,5b75eecedecfb45f606441ffe85b098deadbc6ab72437aad9ad0863bb4e8eb88,15,1,3,1538843957789,Entertainment,2,0.57
iJvzNtdRAjnzY7cNp,5b75eecedecfb45f606441ffe85b098deadbc6ab72437aad9ad0863bb4e8eb88,16,0,3,1538843957790,Entertainment,2,0.305
cBS3fQnoDQsmTaXs7,5b75eecedecfb45f606441ffe85b098deadbc6ab72437aad9ad0863bb4e8eb88,17,0,3,1538843957795,Entertainment,0,0.4
BqjKkEBwwAufv2J7Y,5b75eecedecfb45f606441ffe85b098deadbc6ab72437aad9ad0863bb4e8eb88,18,0,3,1538843957797,Entertainment,0,0.325
Jpn6pfgEybM33nzBE,3712d9a60dd52915f329ff37597da5bac42041895f4a60b7e501dd57db43bfc9,1,0.6,3,1538844067120,Sports,0.32000000000000006,0.57
4maSfaef4CBZWgPR4,3712d9a60dd52915f329ff37597da5bac42041895f4a60b7e501dd57db43bfc9,2,0.6,3,1538844067121,Sports,0.72,0.525
px7g9Nw7zyq95PMD5,3712d9a60dd52915f329ff37597da5bac42041895f4a60b7e501dd57db43bfc9,3,0.6,3,1538844067122,Sports,0.72,0.435
nu7BHFWJB2X4bXK3N,3712d9a60dd52915f329ff37597da5bac42041895f4a60b7e501dd57db43bfc9,4,0.7,3,1538844067122,Sports,0.18000000000000005,0.6
YbqydzdRY6KWLJY3t,3712d9a60dd52915f329ff37597da5bac42041895f4a60b7e501dd57db43bfc9,5,0.4,3,1538844067122,Sports,0.32000000000000006,0.54
fgvjAwBxXwbtTfDTh,3712d9a60dd52915f329ff37597da5bac42041895f4a60b7e501dd57db43bfc9,6,0.6,3,1538844067123,Sports,0.72,0.535
LonE5nmLCTGseKGFw,3712d9a60dd52915f329ff37597da5bac42041895f4a60b7e501dd57db43bfc9,7,0.6,3,1538844142476,Politics,0.72,0.535
t5dXhQQmLQqMvwCrP,3712d9a60dd52915f329ff37597da5bac42041895f4a60b7e501dd57db43bfc9,8,0.6,3,1538844142477,Politics,0.32000000000000006,0.52
wR8D49SsCWNKfbRi6,3712d9a60dd52915f329ff37597da5bac42041895f4a60b7e501dd57db43bfc9,9,0.6,3,1538844142478,Politics,0.72,0.43
FaHy6ysGZmdzRt4WB,3712d9a60dd52915f329ff37597da5bac42041895f4a60b7e501dd57db43bfc9,10,0.3,3,1538844142479,Politics,0.18,0.455
sckpoKyDCQ8mxSxuH,3712d9a60dd52915f329ff37597da5bac42041895f4a60b7e501dd57db43bfc9,11,0.6,3,1538844142479,Politics,0.72,0.41
oQLpdLiPjENTZMc7D,3712d9a60dd52915f329ff37597da5bac42041895f4a60b7e501dd57db43bfc9,12,0.2,3,1538844142480,Politics,0.08000000000000002,0.355
rpCxKRJjwjz4BEmA2,3712d9a60dd52915f329ff37597da5bac42041895f4a60b7e501dd57db43bfc9,13,0.3,3,1538844205962,Entertainment,0.18,0.575
jFYD9yd4WZDbXyFc3,3712d9a60dd52915f329ff37597da5bac42041895f4a60b7e501dd57db43bfc9,14,0.3,3,1538844205962,Entertainment,0.9799999999999999,0.635
EnyjzLYK4r7wbCyjm,3712d9a60dd52915f329ff37597da5bac42041895f4a60b7e501dd57db43bfc9,15,0.3,3,1538844205962,Entertainment,0.18,0.65
5tdE8tRn6Q9q6YicB,3712d9a60dd52915f329ff37597da5bac42041895f4a60b7e501dd57db43bfc9,16,0.6,3,1538844205963,Entertainment,0.32000000000000006,0.505
BA2o8B53YYQNTMPES,3712d9a60dd52915f329ff37597da5bac42041895f4a60b7e501dd57db43bfc9,17,0.6,3,1538844205963,Entertainment,0.72,0.455
BkivTJDwn58QwEBKo,3712d9a60dd52915f329ff37597da5bac42041895f4a60b7e501dd57db43bfc9,18,0.25,3,1538844205964,Entertainment,0.125,0.435
ZykPL8prn4T8WR36m,4a28a00c48d4f3a30d1a78d4a927fd1cb1316ccfc2aa5fcc08fdd8080e6ac6c9,1,0.76,3,1538844268190,Sports,0.1152,0.59
Ap3QDv24yk6kka4JM,4a28a00c48d4f3a30d1a78d4a927fd1cb1316ccfc2aa5fcc08fdd8080e6ac6c9,2,0.74,3,1538844268192,Sports,1.0952,0.545
nN6DFaM9mvQwtNvTt,4a28a00c48d4f3a30d1a78d4a927fd1cb1316ccfc2aa5fcc08fdd8080e6ac6c9,3,0.39,3,1538844268192,Sports,0.3042,0.49
tyTBhPS2YxfmFPEpp,4a28a00c48d4f3a30d1a78d4a927fd1cb1316ccfc2aa5fcc08fdd8080e6ac6c9,4,0.56,3,1538844268193,Sports,0.38719999999999993,0.6
QbftNABSeHdt5BJ32,4a28a00c48d4f3a30d1a78d4a927fd1cb1316ccfc2aa5fcc08fdd8080e6ac6c9,5,0.48,3,1538844268195,Sports,0.4608,0.55
oiHxPggPDJRMxvpFQ,4a28a00c48d4f3a30d1a78d4a927fd1cb1316ccfc2aa5fcc08fdd8080e6ac6c9,6,0.56,3,1538844268196,Sports,0.6272000000000001,0.55
PTjZEBScF77pL8zc4,4a28a00c48d4f3a30d1a78d4a927fd1cb1316ccfc2aa5fcc08fdd8080e6ac6c9,7,0.38,3,1538844304625,Politics,0.2888,0.6
E6XdiRYRi7gZapmtK,4a28a00c48d4f3a30d1a78d4a927fd1cb1316ccfc2aa5fcc08fdd8080e6ac6c9,8,0.56,3,1538844304627,Politics,0.38719999999999993,0.62
AbYRRWrNp2MQZEdEn,4a28a00c48d4f3a30d1a78d4a927fd1cb1316ccfc2aa5fcc08fdd8080e6ac6c9,9,0.46,3,1538844304627,Politics,0.4232,0.535
5apLZAaKiJBoQirTz,4a28a00c48d4f3a30d1a78d4a927fd1cb1316ccfc2aa5fcc08fdd8080e6ac6c9,10,0.16,3,1538844304628,Politics,0.0512,0.365
WkauogiXpiXFFdKgA,4a28a00c48d4f3a30d1a78d4a927fd1cb1316ccfc2aa5fcc08fdd8080e6ac6c9,11,0.12,3,1538844304630,Politics,0.0288,0.46
yQjxFeoxXpfN5NTRR,4a28a00c48d4f3a30d1a78d4a927fd1cb1316ccfc2aa5fcc08fdd8080e6ac6c9,12,0.2,3,1538844304631,Politics,0.08000000000000002,0.46
TD63EJCTzqcdchrod,4a28a00c48d4f3a30d1a78d4a927fd1cb1316ccfc2aa5fcc08fdd8080e6ac6c9,13,0.5,3,1538844385599,Entertainment,0.5,0.555
zcXzSMuPLc5tC7nqB,4a28a00c48d4f3a30d1a78d4a927fd1cb1316ccfc2aa5fcc08fdd8080e6ac6c9,14,1,3,1538844385599,Entertainment,0,0.59
Gc5cFHRyJN86HGZGi,4a28a00c48d4f3a30d1a78d4a927fd1cb1316ccfc2aa5fcc08fdd8080e6ac6c9,15,0.66,3,1538844385600,Entertainment,0.8712000000000001,0.505
xbGtewQHmrgArsvRz,4a28a00c48d4f3a30d1a78d4a927fd1cb1316ccfc2aa5fcc08fdd8080e6ac6c9,16,0.36,3,1538844385602,Entertainment,0.8192,0.575
2ZmX5KnS2MhXZNk5u,4a28a00c48d4f3a30d1a78d4a927fd1cb1316ccfc2aa5fcc08fdd8080e6ac6c9,17,0.31,3,1538844385603,Entertainment,0.1922,0.6
rufhqgBc9HRJcEnQp,4a28a00c48d4f3a30d1a78d4a927fd1cb1316ccfc2aa5fcc08fdd8080e6ac6c9,18,0.51,3,1538844385605,Entertainment,0.5202,0.51
YsAhnTBmLPgtJpoNt,c0785f75a343e859a8d6b9cba7d096f390ba4bb6f5da52116c2a1ccd8e1f706a,1,0.59,3,1538844915655,Sports,0.33620000000000005,0.665
f9McCbyBso3ZsKNXp,c0785f75a343e859a8d6b9cba7d096f390ba4bb6f5da52116c2a1ccd8e1f706a,2,0.02,3,1538844915656,Sports,8e-4,0.245
KKuFEgtfGGeXY6d4R,c0785f75a343e859a8d6b9cba7d096f390ba4bb6f5da52116c2a1ccd8e1f706a,3,0.61,3,1538844915657,Sports,0.7442,0.535
whyw5cExAefLTyPPa,c0785f75a343e859a8d6b9cba7d096f390ba4bb6f5da52116c2a1ccd8e1f706a,4,0.85,3,1538844915659,Sports,0.04500000000000001,0.65
hRSzb9hYiRPYAkoSm,c0785f75a343e859a8d6b9cba7d096f390ba4bb6f5da52116c2a1ccd8e1f706a,5,0.13,3,1538844915659,Sports,0.033800000000000004,0.475
ZZxKZ4ndNtS42CHG2,c0785f75a343e859a8d6b9cba7d096f390ba4bb6f5da52116c2a1ccd8e1f706a,6,0.6,3,1538844915659,Sports,0.72,0.605
R4xdgFyoLhp486T2S,1638605cce11fec87d3df0b66f17f84a91aaae7535602a08e84346d7246fcee5,1,0.5,3,1538844839441,Sports,0.5,0.66
MjvXprPbGHeyoXxJp,1638605cce11fec87d3df0b66f17f84a91aaae7535602a08e84346d7246fcee5,2,0.5,3,1538844839441,Sports,0.5,0.655
4696Fo9qrX7RupXXD,1638605cce11fec87d3df0b66f17f84a91aaae7535602a08e84346d7246fcee5,3,0.4,3,1538844839441,Sports,0.32000000000000006,0.585
mxjEnnhojN5iBeaQg,1638605cce11fec87d3df0b66f17f84a91aaae7535602a08e84346d7246fcee5,4,0.5,3,1538844839442,Sports,0.5,0.625
JNAFqPTwTohFu5fXT,1638605cce11fec87d3df0b66f17f84a91aaae7535602a08e84346d7246fcee5,5,0.5,3,1538844839442,Sports,0.5,0.555
re2bBDmit7C2iAFGQ,1638605cce11fec87d3df0b66f17f84a91aaae7535602a08e84346d7246fcee5,6,0.5,3,1538844839442,Sports,0.5,0.68
xGmQb4xKhdJkjC3tL,c0785f75a343e859a8d6b9cba7d096f390ba4bb6f5da52116c2a1ccd8e1f706a,7,1,3,1538844928647,Politics,2,0.68
Np8eG6KWzoCnj4XQZ,c0785f75a343e859a8d6b9cba7d096f390ba4bb6f5da52116c2a1ccd8e1f706a,8,0.25,3,1538844928648,Politics,1.125,0.42
C6ANeMMFeH36tEvNu,c0785f75a343e859a8d6b9cba7d096f390ba4bb6f5da52116c2a1ccd8e1f706a,9,1,3,1538844928648,Politics,2,0.555
wrhrh5BSZjtA3dDT4,c0785f75a343e859a8d6b9cba7d096f390ba4bb6f5da52116c2a1ccd8e1f706a,10,0.2,3,1538844928649,Politics,0.08000000000000002,0.425
Y454JPYW5iDvdymqX,c0785f75a343e859a8d6b9cba7d096f390ba4bb6f5da52116c2a1ccd8e1f706a,11,0,3,1538844928650,Politics,0,0.45
WFn4hchdGdfEbkpiN,c0785f75a343e859a8d6b9cba7d096f390ba4bb6f5da52116c2a1ccd8e1f706a,12,0,3,1538844928650,Politics,0,0.485
98b7Mx2kxKaxAdzxb,c0785f75a343e859a8d6b9cba7d096f390ba4bb6f5da52116c2a1ccd8e1f706a,13,0.83,3,1538844931894,Entertainment,1.3778,0.635
opEGHdn4PS6anu42g,c0785f75a343e859a8d6b9cba7d096f390ba4bb6f5da52116c2a1ccd8e1f706a,14,0.89,3,1538844931895,Entertainment,0.024199999999999996,0.64
KgFZJJLd3WjEj6jGA,c0785f75a343e859a8d6b9cba7d096f390ba4bb6f5da52116c2a1ccd8e1f706a,15,0.71,3,1538844931897,Entertainment,1.0082,0.61
2eCrEiSwvnmKvTiyt,c0785f75a343e859a8d6b9cba7d096f390ba4bb6f5da52116c2a1ccd8e1f706a,16,0,3,1538844931897,Entertainment,2,0.345
ygXh5neM3B4JMePpi,c0785f75a343e859a8d6b9cba7d096f390ba4bb6f5da52116c2a1ccd8e1f706a,17,0.58,3,1538844931897,Entertainment,0.6728,0.625
x3YYsGvfkCzmiEz9f,c0785f75a343e859a8d6b9cba7d096f390ba4bb6f5da52116c2a1ccd8e1f706a,18,0.02,3,1538844931898,Entertainment,8e-4,0.36
GyontNFngphs5oHXj,1638605cce11fec87d3df0b66f17f84a91aaae7535602a08e84346d7246fcee5,7,0.5,3,1538844865272,Politics,0.5,0.675
tMffRCFSJRBENhkL8,1638605cce11fec87d3df0b66f17f84a91aaae7535602a08e84346d7246fcee5,8,0.5,3,1538844865272,Politics,0.5,0.66
ansXpnEHJXyBazHbg,1638605cce11fec87d3df0b66f17f84a91aaae7535602a08e84346d7246fcee5,9,0.5,3,1538844865274,Politics,0.5,0.58
WArtm4zKJCwTuWDre,1638605cce11fec87d3df0b66f17f84a91aaae7535602a08e84346d7246fcee5,10,0,3,1538844865274,Politics,0,0.475
2CzYTgMMDepmmwTwi,1638605cce11fec87d3df0b66f17f84a91aaae7535602a08e84346d7246fcee5,11,0,3,1538844865274,Politics,0,0.345
vr6rt5MvqP8zmYQsQ,1638605cce11fec87d3df0b66f17f84a91aaae7535602a08e84346d7246fcee5,12,0,3,1538844865274,Politics,0,0.47
zctvNgYgnqqMjimH6,1eb6bc68a419d6df173ea2a91a9778821624803788b1269ca55aa0afdd638c3c,1,0.6,3,1538845020653,Sports,0.32000000000000006,0.595
fB5cJ5X3Ppb3PdEv7,1eb6bc68a419d6df173ea2a91a9778821624803788b1269ca55aa0afdd638c3c,2,0.7,3,1538845020654,Sports,0.9799999999999999,0.59
nmf39sz4ytDGWtwNz,1eb6bc68a419d6df173ea2a91a9778821624803788b1269ca55aa0afdd638c3c,3,0.25,3,1538845020655,Sports,0.125,0.475
MAoyPhgYh7t4jCDSb,1eb6bc68a419d6df173ea2a91a9778821624803788b1269ca55aa0afdd638c3c,4,0.72,3,1538845020655,Sports,0.15680000000000002,0.61
hvxTDaMWR9Nxy7nzb,1eb6bc68a419d6df173ea2a91a9778821624803788b1269ca55aa0afdd638c3c,5,0.26,3,1538845020655,Sports,0.13520000000000001,0.465
bRCszAnu54c2ciTDG,1eb6bc68a419d6df173ea2a91a9778821624803788b1269ca55aa0afdd638c3c,6,0.76,3,1538845020656,Sports,1.1552,0.585
MnX4xksReY2EftP7t,1638605cce11fec87d3df0b66f17f84a91aaae7535602a08e84346d7246fcee5,13,0.2,3,1538844972380,Entertainment,0.08000000000000002,0.42
nvSMW2QtR8m6B429X,1638605cce11fec87d3df0b66f17f84a91aaae7535602a08e84346d7246fcee5,14,1,3,1538844972380,Entertainment,0,0.665
W3P3usrqqfzXLemWq,1638605cce11fec87d3df0b66f17f84a91aaae7535602a08e84346d7246fcee5,15,0,3,1538844972380,Entertainment,0,0.345
9nYST7LJMpdvcGgSu,1638605cce11fec87d3df0b66f17f84a91aaae7535602a08e84346d7246fcee5,16,0,3,1538844972381,Entertainment,2,0.28
74bDguRxDoJisPRtM,1638605cce11fec87d3df0b66f17f84a91aaae7535602a08e84346d7246fcee5,17,0,3,1538844972381,Entertainment,0,0.29
K3JADT47xdJd2edqc,1638605cce11fec87d3df0b66f17f84a91aaae7535602a08e84346d7246fcee5,18,0.5,3,1538844972381,Entertainment,0.5,0.63
bhuw4B5QkrL9xLn8E,1eb6bc68a419d6df173ea2a91a9778821624803788b1269ca55aa0afdd638c3c,7,0.53,3,1538845097531,Politics,0.5618000000000001,0.67
d5qaTLRJYwbfEhHkk,1eb6bc68a419d6df173ea2a91a9778821624803788b1269ca55aa0afdd638c3c,8,0.22,3,1538845097532,Politics,1.2168,0.47
irGbr2v6yzmJigrxh,1eb6bc68a419d6df173ea2a91a9778821624803788b1269ca55aa0afdd638c3c,9,0.33,3,1538845097532,Politics,0.21780000000000002,0.585
vnuSRfQZvyvMrfxQq,1eb6bc68a419d6df173ea2a91a9778821624803788b1269ca55aa0afdd638c3c,10,0.28,3,1538845097533,Politics,0.15680000000000002,0.4
AZnzpG8tzHPDqX7xF,1eb6bc68a419d6df173ea2a91a9778821624803788b1269ca55aa0afdd638c3c,11,0.61,3,1538845097535,Politics,0.7442,0.425
LS3GsPxiDXydaWYLQ,1eb6bc68a419d6df173ea2a91a9778821624803788b1269ca55aa0afdd638c3c,12,0.55,3,1538845097535,Politics,0.6050000000000001,0.505
qYbKeL74mpGQEh3B5,1eb6bc68a419d6df173ea2a91a9778821624803788b1269ca55aa0afdd638c3c,13,0.31,3,1538845165048,Entertainment,0.1922,0.655
oSFv7TDMQZ2YQiB9X,1eb6bc68a419d6df173ea2a91a9778821624803788b1269ca55aa0afdd638c3c,14,0.32,3,1538845165050,Entertainment,0.9247999999999998,0.61
9qfyXpBuSjrNCeNha,1eb6bc68a419d6df173ea2a91a9778821624803788b1269ca55aa0afdd638c3c,15,0.33,3,1538845165050,Entertainment,0.21780000000000002,0.62
tzLCsKgmFgEYZ8Psh,1eb6bc68a419d6df173ea2a91a9778821624803788b1269ca55aa0afdd638c3c,16,0.28,3,1538845165050,Entertainment,1.0368,0.465
7XJ4utjzAz4Qii6ew,1eb6bc68a419d6df173ea2a91a9778821624803788b1269ca55aa0afdd638c3c,17,0.29,3,1538845165051,Entertainment,0.1682,0.41
muzYxTMGZ26T84hjL,1eb6bc68a419d6df173ea2a91a9778821624803788b1269ca55aa0afdd638c3c,18,0.28,3,1538845165051,Entertainment,0.15680000000000002,0.44
hyRxmJDXag2umfdBJ,c053b10001e418a0c5dfd10525eac01dab16770a3ab7a40caa6d488538eb9fce,1,0.48,3,1538845189301,Sports,0.5408000000000001,0.535
hMMtoen7K85ubzjSQ,c053b10001e418a0c5dfd10525eac01dab16770a3ab7a40caa6d488538eb9fce,2,0.52,3,1538845189302,Sports,0.5408000000000001,0.57
jzamqR52Hd8vmdrx5,c053b10001e418a0c5dfd10525eac01dab16770a3ab7a40caa6d488538eb9fce,3,0.48,3,1538845189303,Sports,0.4608,0.43
TDSxPij4aHRpLFeZv,c053b10001e418a0c5dfd10525eac01dab16770a3ab7a40caa6d488538eb9fce,4,0.52,3,1538845189303,Sports,0.4608,0.565
wMMhx3YfzZicDG85e,c053b10001e418a0c5dfd10525eac01dab16770a3ab7a40caa6d488538eb9fce,5,0.52,3,1538845189303,Sports,0.5408000000000001,0.46
Czttq2QDZyzX3isg6,c053b10001e418a0c5dfd10525eac01dab16770a3ab7a40caa6d488538eb9fce,6,0.48,3,1538845189304,Sports,0.4608,0.57
c996ZXvRanevEj8Kq,c053b10001e418a0c5dfd10525eac01dab16770a3ab7a40caa6d488538eb9fce,7,0.52,3,1538845244584,Politics,0.5408000000000001,0.555
NAFLHs8sLxFyGPDMg,c053b10001e418a0c5dfd10525eac01dab16770a3ab7a40caa6d488538eb9fce,8,0.48,3,1538845244584,Politics,0.5408000000000001,0.585
cLXMPKMRbBN4EDkj2,c053b10001e418a0c5dfd10525eac01dab16770a3ab7a40caa6d488538eb9fce,9,0.48,3,1538845244584,Politics,0.4608,0.49
Jvj9Erjn2NkP5vysd,c053b10001e418a0c5dfd10525eac01dab16770a3ab7a40caa6d488538eb9fce,10,0.48,3,1538845244585,Politics,0.4608,0.32
WfthrkjChSAswZCfN,c053b10001e418a0c5dfd10525eac01dab16770a3ab7a40caa6d488538eb9fce,11,0.48,3,1538845244585,Politics,0.4608,0.43
AZuRyznAStdyPmvBq,c053b10001e418a0c5dfd10525eac01dab16770a3ab7a40caa6d488538eb9fce,12,0.48,3,1538845244585,Politics,0.4608,0.355
tDM27FxWxs23q73GJ,c053b10001e418a0c5dfd10525eac01dab16770a3ab7a40caa6d488538eb9fce,13,0.52,3,1538845399586,Entertainment,0.5408000000000001,0.525
bePSgLpLs5LGrmzLL,c053b10001e418a0c5dfd10525eac01dab16770a3ab7a40caa6d488538eb9fce,14,0.48,3,1538845399586,Entertainment,0.5408000000000001,0.53
TarPiY3HEvNaxPaep,c053b10001e418a0c5dfd10525eac01dab16770a3ab7a40caa6d488538eb9fce,15,0.48,3,1538845399587,Entertainment,0.4608,0.52
daQzut7tPQPSDrxKZ,c053b10001e418a0c5dfd10525eac01dab16770a3ab7a40caa6d488538eb9fce,16,0.48,3,1538845399587,Entertainment,0.5408000000000001,0.515
yFBNpozmiNsGhavYJ,c053b10001e418a0c5dfd10525eac01dab16770a3ab7a40caa6d488538eb9fce,17,0.48,3,1538845399587,Entertainment,0.4608,0.51
zP7hWytHWzbKiCMWz,c053b10001e418a0c5dfd10525eac01dab16770a3ab7a40caa6d488538eb9fce,18,0.48,3,1538845399588,Entertainment,0.4608,0.49
f8cHxEncT4G5PczGe,15208676d7aae230aae8c53fc06a0ea7cdb4e29c8da4640bea0d71ddee3cf4c5,1,0.3,3,1538845693340,Sports,0.9799999999999999,0.655
iT2srek3XPFnn44cr,15208676d7aae230aae8c53fc06a0ea7cdb4e29c8da4640bea0d71ddee3cf4c5,2,0.4,3,1538845693342,Sports,0.32000000000000006,0.575
3XrzLaRLsMtkDk34p,15208676d7aae230aae8c53fc06a0ea7cdb4e29c8da4640bea0d71ddee3cf4c5,3,0.3,3,1538845693344,Sports,0.18,0.615
faYeAizdzCqRiu9fE,15208676d7aae230aae8c53fc06a0ea7cdb4e29c8da4640bea0d71ddee3cf4c5,4,0.73,3,1538845693346,Sports,0.1458,0.61
bzbeZu6qYP9oLzYvS,15208676d7aae230aae8c53fc06a0ea7cdb4e29c8da4640bea0d71ddee3cf4c5,5,0.13,3,1538845693348,Sports,0.033800000000000004,0.44
qtW3r9cuG7cPYecYo,15208676d7aae230aae8c53fc06a0ea7cdb4e29c8da4640bea0d71ddee3cf4c5,6,0.48,3,1538845693349,Sports,0.4608,0.55
3NkGXmYkhDDcB5YqL,15208676d7aae230aae8c53fc06a0ea7cdb4e29c8da4640bea0d71ddee3cf4c5,7,0.44,3,1538845734963,Politics,0.3872,0.595
ehHETkJKNqqaNLjsg,15208676d7aae230aae8c53fc06a0ea7cdb4e29c8da4640bea0d71ddee3cf4c5,8,0.19,3,1538845734964,Politics,1.3122000000000003,0.275
6745utWZruuPJAGZc,15208676d7aae230aae8c53fc06a0ea7cdb4e29c8da4640bea0d71ddee3cf4c5,9,0.4,3,1538845734965,Politics,0.32000000000000006,0.59
YmoPNJvZCFCyGjEM9,15208676d7aae230aae8c53fc06a0ea7cdb4e29c8da4640bea0d71ddee3cf4c5,10,0.13,3,1538845734966,Politics,0.033800000000000004,0.45
3pTMNrorFJ2YDDdtd,15208676d7aae230aae8c53fc06a0ea7cdb4e29c8da4640bea0d71ddee3cf4c5,11,0.42,3,1538845734967,Politics,0.35279999999999995,0.475
dtbukdDKeopmkjEnD,15208676d7aae230aae8c53fc06a0ea7cdb4e29c8da4640bea0d71ddee3cf4c5,12,0.02,3,1538845734971,Politics,8e-4,0.355
ewxGErYSyETHRbQoL,15208676d7aae230aae8c53fc06a0ea7cdb4e29c8da4640bea0d71ddee3cf4c5,13,0.59,3,1538845778741,Entertainment,0.6961999999999999,0.535
uJ2YJwABpiDfzzQzD,15208676d7aae230aae8c53fc06a0ea7cdb4e29c8da4640bea0d71ddee3cf4c5,14,0.55,3,1538845778742,Entertainment,0.4049999999999999,0.59
322Kh7HP4M4zJQAiy,15208676d7aae230aae8c53fc06a0ea7cdb4e29c8da4640bea0d71ddee3cf4c5,15,0.25,3,1538845778743,Entertainment,0.125,0.445
mxK4P47AvzR65uWoa,15208676d7aae230aae8c53fc06a0ea7cdb4e29c8da4640bea0d71ddee3cf4c5,16,0.42,3,1538845778744,Entertainment,0.6728000000000002,0.58
Bz36h3M2stsHoekpn,15208676d7aae230aae8c53fc06a0ea7cdb4e29c8da4640bea0d71ddee3cf4c5,17,0.36,3,1538845778745,Entertainment,0.2592,0.585
wGpctqAmqo8m37PbW,15208676d7aae230aae8c53fc06a0ea7cdb4e29c8da4640bea0d71ddee3cf4c5,18,0.13,3,1538845778746,Entertainment,0.033800000000000004,0.405
fGbtJEyawEM75zQY7,b6ddef2f0415e08ca8b8f421b6ebc080fbcf915a8b7683939e3acc179349c84d,1,0.6,3,1538845835548,Sports,0.32000000000000006,0.585
GPtmhF6B8hTS8kvPh,b6ddef2f0415e08ca8b8f421b6ebc080fbcf915a8b7683939e3acc179349c84d,2,0.41,3,1538845835550,Sports,0.33619999999999994,0.615
AobNWDcrgWWfRdP22,b6ddef2f0415e08ca8b8f421b6ebc080fbcf915a8b7683939e3acc179349c84d,3,0.78,3,1538845835552,Sports,1.2168,0.5
Wmopy9JNEhTEv3v7N,b6ddef2f0415e08ca8b8f421b6ebc080fbcf915a8b7683939e3acc179349c84d,4,0.8,3,1538845835553,Sports,0.07999999999999996,0.635
9TjGaL6ycoBNNd4Rn,b6ddef2f0415e08ca8b8f421b6ebc080fbcf915a8b7683939e3acc179349c84d,5,0.22,3,1538845835555,Sports,0.0968,0.46
9BNeJhHtAs5JQydhR,b6ddef2f0415e08ca8b8f421b6ebc080fbcf915a8b7683939e3acc179349c84d,6,0.25,3,1538845835557,Sports,0.125,0.515
ubu2g874XvGKeFpNm,b6ddef2f0415e08ca8b8f421b6ebc080fbcf915a8b7683939e3acc179349c84d,7,0.1,3,1538845889715,Politics,0.020000000000000004,0.335
msL8WEBNLde3vppbw,b6ddef2f0415e08ca8b8f421b6ebc080fbcf915a8b7683939e3acc179349c84d,8,0.9,3,1538845889716,Politics,0.01999999999999999,0.635
v2jXRyfQXbK6SseHv,b6ddef2f0415e08ca8b8f421b6ebc080fbcf915a8b7683939e3acc179349c84d,9,0.02,3,1538845889718,Politics,8e-4,0.295
LTzTBrJpioNxDtK8b,b6ddef2f0415e08ca8b8f421b6ebc080fbcf915a8b7683939e3acc179349c84d,10,0.61,3,1538845889722,Politics,0.7442,0.46
axRrsxYAARF6k9FA2,b6ddef2f0415e08ca8b8f421b6ebc080fbcf915a8b7683939e3acc179349c84d,11,0.35,3,1538845889723,Politics,0.24499999999999997,0.585
HeeLt9S3iPoHZuyDB,b6ddef2f0415e08ca8b8f421b6ebc080fbcf915a8b7683939e3acc179349c84d,12,0.18,3,1538845889724,Politics,0.0648,0.51
8Wg6YRB4hPaXxTctn,8a56075b538377cd5ae930e3c77c9f164e463288a0049c89bc6753330ebdb2d4,1,0.5,3,1538845906203,Sports,0.5,0.55
wEwXLxwXqFL98HSED,8a56075b538377cd5ae930e3c77c9f164e463288a0049c89bc6753330ebdb2d4,2,0.5,3,1538845906203,Sports,0.5,0.57
tuLGuXgwrc5WFuhDj,8a56075b538377cd5ae930e3c77c9f164e463288a0049c89bc6753330ebdb2d4,3,0.5,3,1538845906203,Sports,0.5,0.48
eXxFg5yywN3DHwm4g,8a56075b538377cd5ae930e3c77c9f164e463288a0049c89bc6753330ebdb2d4,4,0.5,3,1538845906203,Sports,0.5,0.595
GGyj5egWC3tPspfBG,8a56075b538377cd5ae930e3c77c9f164e463288a0049c89bc6753330ebdb2d4,5,0.5,3,1538845906203,Sports,0.5,0.515
EXAuBY9Wbi3CHtEMJ,8a56075b538377cd5ae930e3c77c9f164e463288a0049c89bc6753330ebdb2d4,6,0.5,3,1538845906203,Sports,0.5,0.515
yQGyBT9pGy34WZipd,b6ddef2f0415e08ca8b8f421b6ebc080fbcf915a8b7683939e3acc179349c84d,13,0.9,3,1538845952185,Entertainment,1.62,0.54
QJtEYJ84kc6Kc5LXz,b6ddef2f0415e08ca8b8f421b6ebc080fbcf915a8b7683939e3acc179349c84d,14,0.4,3,1538845952186,Entertainment,0.72,0.695
j46ez4Ps536kwhkbo,b6ddef2f0415e08ca8b8f421b6ebc080fbcf915a8b7683939e3acc179349c84d,15,0.4,3,1538845952188,Entertainment,0.32000000000000006,0.65
EHpsy4Q3zjwxBhBLT,b6ddef2f0415e08ca8b8f421b6ebc080fbcf915a8b7683939e3acc179349c84d,16,0.69,3,1538845952188,Entertainment,0.19220000000000007,0.6
uLBY3ChXxkkeBHGFj,b6ddef2f0415e08ca8b8f421b6ebc080fbcf915a8b7683939e3acc179349c84d,17,0.08,3,1538845952189,Entertainment,0.0128,0.275
gk72rpvFzBoTg9bBr,b6ddef2f0415e08ca8b8f421b6ebc080fbcf915a8b7683939e3acc179349c84d,18,0.11,3,1538845952190,Entertainment,0.0242,0.36
J4vGBtnuLXjK2Xzjk,8a56075b538377cd5ae930e3c77c9f164e463288a0049c89bc6753330ebdb2d4,7,0.53,3,1538845960331,Politics,0.5618000000000001,0.565
dAJhBagHtB3A9hxNr,8a56075b538377cd5ae930e3c77c9f164e463288a0049c89bc6753330ebdb2d4,8,0.4,3,1538845960331,Politics,0.72,0.575
nDWSb8Fu55Wgx6FkQ,8a56075b538377cd5ae930e3c77c9f164e463288a0049c89bc6753330ebdb2d4,9,0.48,3,1538845960331,Politics,0.4608,0.51
cJf4J7giLJPJzPmW2,8a56075b538377cd5ae930e3c77c9f164e463288a0049c89bc6753330ebdb2d4,10,0.45,3,1538845960331,Politics,0.405,0.44
B3jKgzeToPJADTQTe,8a56075b538377cd5ae930e3c77c9f164e463288a0049c89bc6753330ebdb2d4,11,0.54,3,1538845960331,Politics,0.5832,0.46
orntJKWn4Z6TQeT2T,8a56075b538377cd5ae930e3c77c9f164e463288a0049c89bc6753330ebdb2d4,12,0.09,3,1538845960331,Politics,0.0162,0.31
Trygd4QLxjCEwpL2E,8a56075b538377cd5ae930e3c77c9f164e463288a0049c89bc6753330ebdb2d4,13,0.04,3,1538845985996,Entertainment,0.0032,0.2
t38Ben7DGmBhYLAbi,8a56075b538377cd5ae930e3c77c9f164e463288a0049c89bc6753330ebdb2d4,14,0.51,3,1538845985996,Entertainment,0.48019999999999996,0.57
RKj5uTF2PKFojEnPa,8a56075b538377cd5ae930e3c77c9f164e463288a0049c89bc6753330ebdb2d4,15,0.36,3,1538845985996,Entertainment,0.2592,0.605
jN4SqCjNhNQQQmJHn,8a56075b538377cd5ae930e3c77c9f164e463288a0049c89bc6753330ebdb2d4,16,0.48,3,1538845986012,Entertainment,0.5408000000000001,0.5
p4wGvYXk5p223qWim,8a56075b538377cd5ae930e3c77c9f164e463288a0049c89bc6753330ebdb2d4,17,0.37,3,1538845986012,Entertainment,0.2738,0.6
r3Sjp4szSxY4WYFpR,8a56075b538377cd5ae930e3c77c9f164e463288a0049c89bc6753330ebdb2d4,18,0.7,3,1538845986012,Entertainment,0.9799999999999999,0.5
ioyXuNxFdrBEotCNQ,f126eb3155569773173bb19935a5fb4f100892115f1189721297c1aaa338f9b2,1,0.6,3,1538847068731,Sports,0.32000000000000006,0.635
LzJuAWTfwYPXuRnF3,f126eb3155569773173bb19935a5fb4f100892115f1189721297c1aaa338f9b2,2,1,3,1538847068733,Sports,2,0.655
xikRmAR5H9LiXgkNs,f126eb3155569773173bb19935a5fb4f100892115f1189721297c1aaa338f9b2,3,0,3,1538847068733,Sports,0,0.395
K9heeCvvFnDwkPJXo,f126eb3155569773173bb19935a5fb4f100892115f1189721297c1aaa338f9b2,4,0.35,3,1538847068734,Sports,0.8450000000000001,0.76
yji5mLuMxCqND9G9M,f126eb3155569773173bb19935a5fb4f100892115f1189721297c1aaa338f9b2,5,0,3,1538847068735,Sports,0,0.355
5nevaJH8i6ANmZL49,f126eb3155569773173bb19935a5fb4f100892115f1189721297c1aaa338f9b2,6,0.5,3,1538847068736,Sports,0.5,0.725
uFcZ2KFBEdFRd7QDg,f126eb3155569773173bb19935a5fb4f100892115f1189721297c1aaa338f9b2,7,1,3,1538847154634,Politics,2,0.71
5cFBfsFYP5eTDso4i,f126eb3155569773173bb19935a5fb4f100892115f1189721297c1aaa338f9b2,8,0.8,3,1538847154635,Politics,0.07999999999999996,0.68
Jvc8ctoFEHuPp47A7,f126eb3155569773173bb19935a5fb4f100892115f1189721297c1aaa338f9b2,9,0,3,1538847154636,Politics,0,0.34
Qie5u8RqwcDiD3iGr,f126eb3155569773173bb19935a5fb4f100892115f1189721297c1aaa338f9b2,10,0,3,1538847154637,Politics,0,0.44
gbs4uBS8Jf5vF3t6W,f126eb3155569773173bb19935a5fb4f100892115f1189721297c1aaa338f9b2,11,0,3,1538847154638,Politics,0,0.415
QZwrYswNQ4nLAEKzP,f126eb3155569773173bb19935a5fb4f100892115f1189721297c1aaa338f9b2,12,0.19,3,1538847154639,Politics,0.0722,0.575
oPAeNxPrGv7NnTGdZ,512db3f922bffd531637e2aa9351ccdafc69879707c8b13910717096610d43d4,1,1,3,1538847251415,Sports,0,0.66
TZRh2BdaRG9KYSDtG,512db3f922bffd531637e2aa9351ccdafc69879707c8b13910717096610d43d4,2,0,3,1538847251421,Sports,0,0.325
PCrBptr5eXahka3ds,512db3f922bffd531637e2aa9351ccdafc69879707c8b13910717096610d43d4,3,1,3,1538847251423,Sports,2,0.525
XnnnA8ymBYNRbo5CR,512db3f922bffd531637e2aa9351ccdafc69879707c8b13910717096610d43d4,4,1,3,1538847251424,Sports,0,0.735
DRBT253swx4juTMtS,512db3f922bffd531637e2aa9351ccdafc69879707c8b13910717096610d43d4,5,0,3,1538847251426,Sports,0,0.37
XGziKWkqhxTDspZDy,512db3f922bffd531637e2aa9351ccdafc69879707c8b13910717096610d43d4,6,0,3,1538847251427,Sports,0,0.315
dcW4krj6zkhhWH3Ru,f126eb3155569773173bb19935a5fb4f100892115f1189721297c1aaa338f9b2,13,0.7,3,1538847282482,Entertainment,0.9799999999999999,0.62
f9M97qrCr9huqDiA9,f126eb3155569773173bb19935a5fb4f100892115f1189721297c1aaa338f9b2,14,0.25,3,1538847282483,Entertainment,1.125,0.415
9io6dqEMgaJ4dzzQe,f126eb3155569773173bb19935a5fb4f100892115f1189721297c1aaa338f9b2,15,0.15,3,1538847282483,Entertainment,0.045,0.41
kaQm9XoXg5wXYTE3d,f126eb3155569773173bb19935a5fb4f100892115f1189721297c1aaa338f9b2,16,0,3,1538847282484,Entertainment,2,0.33
CSFrw98yFtbdbiKY5,f126eb3155569773173bb19935a5fb4f100892115f1189721297c1aaa338f9b2,17,0.2,3,1538847282485,Entertainment,0.08000000000000002,0.445
mGfXKEhEDQQhe4Auv,f126eb3155569773173bb19935a5fb4f100892115f1189721297c1aaa338f9b2,18,0.5,3,1538847282486,Entertainment,0.5,0.63
3hng86tNCr48HB33h,512db3f922bffd531637e2aa9351ccdafc69879707c8b13910717096610d43d4,7,1,3,1538847312533,Politics,2,0.695
Bwem46AhH7BfDv9HG,512db3f922bffd531637e2aa9351ccdafc69879707c8b13910717096610d43d4,8,1,3,1538847312536,Politics,0,0.62
oqZFnBFXYRt5rYLb8,512db3f922bffd531637e2aa9351ccdafc69879707c8b13910717096610d43d4,9,0,3,1538847312539,Politics,0,0.325
YvN8vn2ftCfAjP2iF,512db3f922bffd531637e2aa9351ccdafc69879707c8b13910717096610d43d4,10,0,3,1538847312541,Politics,0,0.46
NDPnpp4kYT2rYE9ek,512db3f922bffd531637e2aa9351ccdafc69879707c8b13910717096610d43d4,11,0,3,1538847312543,Politics,0,0.49
74iK3no7BqWpTaxnM,512db3f922bffd531637e2aa9351ccdafc69879707c8b13910717096610d43d4,12,1,3,1538847312544,Politics,2,0.455
SaXJhrfm7XAHuTbFA,512db3f922bffd531637e2aa9351ccdafc69879707c8b13910717096610d43d4,13,1,3,1538847376853,Entertainment,2,0.655
HSqfyYXD4kQtaeBtn,512db3f922bffd531637e2aa9351ccdafc69879707c8b13910717096610d43d4,14,1,3,1538847376858,Entertainment,0,0.69
SvzWEpCgWvS5rQkbd,512db3f922bffd531637e2aa9351ccdafc69879707c8b13910717096610d43d4,15,0,3,1538847376860,Entertainment,0,0.405
iuZLcRJT9qy6P2u63,512db3f922bffd531637e2aa9351ccdafc69879707c8b13910717096610d43d4,16,1,3,1538847376862,Entertainment,0,0.655
G2azrwsxmuShf2phe,512db3f922bffd531637e2aa9351ccdafc69879707c8b13910717096610d43d4,17,1,3,1538847376863,Entertainment,2,0.58
fjb48ez9Q33QgEFHm,512db3f922bffd531637e2aa9351ccdafc69879707c8b13910717096610d43d4,18,0,3,1538847376865,Entertainment,0,0.375
6wNJpcWL4J6c2AS3r,a8a10f18e5931a8d598d3d98fa214b0324777d62d8468af279e3ea0c7ea43061,1,0.82,3,1538847829441,Sports,0.06480000000000004,0.525
SPYtoJG3An4myxfDA,a8a10f18e5931a8d598d3d98fa214b0324777d62d8468af279e3ea0c7ea43061,2,0.28,3,1538847829443,Sports,0.15680000000000002,0.445
RS3j3MY2jMFj6MXqg,a8a10f18e5931a8d598d3d98fa214b0324777d62d8468af279e3ea0c7ea43061,3,0.71,3,1538847829443,Sports,1.0082,0.47
j4x5uQ3f2vwXQyq8J,a8a10f18e5931a8d598d3d98fa214b0324777d62d8468af279e3ea0c7ea43061,4,0.66,3,1538847829444,Sports,0.23119999999999996,0.63
WjEE7bjqt6HH8ZW6d,a8a10f18e5931a8d598d3d98fa214b0324777d62d8468af279e3ea0c7ea43061,5,0.72,3,1538847829444,Sports,1.0368,0.475
oTpaPsQQFvhCKpGkn,a8a10f18e5931a8d598d3d98fa214b0324777d62d8468af279e3ea0c7ea43061,6,0.29,3,1538847829445,Sports,0.1682,0.45
hy5MuRMkDwg5GpFp4,a8a10f18e5931a8d598d3d98fa214b0324777d62d8468af279e3ea0c7ea43061,7,0.24,3,1538847879198,Politics,0.1152,0.355
fFgsJvKxZLsmSgrXR,a8a10f18e5931a8d598d3d98fa214b0324777d62d8468af279e3ea0c7ea43061,8,0.59,3,1538847879200,Politics,0.33620000000000005,0.62
P7rBKe6wqPaHjXWZy,a8a10f18e5931a8d598d3d98fa214b0324777d62d8468af279e3ea0c7ea43061,9,0.29,3,1538847879200,Politics,0.1682,0.475
ubepg85F3CtRhunm4,a8a10f18e5931a8d598d3d98fa214b0324777d62d8468af279e3ea0c7ea43061,10,0.7,3,1538847879201,Politics,0.9799999999999999,0.33
REQFeGfRxqJGwsC2m,a8a10f18e5931a8d598d3d98fa214b0324777d62d8468af279e3ea0c7ea43061,11,0.61,3,1538847879202,Politics,0.7442,0.415
G3yvuucNButx7x6t9,a8a10f18e5931a8d598d3d98fa214b0324777d62d8468af279e3ea0c7ea43061,12,0.13,3,1538847879203,Politics,0.033800000000000004,0.485
eqBz53MXvYxCPGWtD,a8a10f18e5931a8d598d3d98fa214b0324777d62d8468af279e3ea0c7ea43061,13,0.78,3,1538847962900,Entertainment,1.2168,0.6
ELoJtXhv73uE4P3hY,a8a10f18e5931a8d598d3d98fa214b0324777d62d8468af279e3ea0c7ea43061,14,0.83,3,1538847962901,Entertainment,0.057800000000000025,0.57
PgvQ5pHpN9eDMLbiK,a8a10f18e5931a8d598d3d98fa214b0324777d62d8468af279e3ea0c7ea43061,15,0.62,3,1538847962902,Entertainment,0.7688,0.54
ugikWGJHywN6ke8yB,a8a10f18e5931a8d598d3d98fa214b0324777d62d8468af279e3ea0c7ea43061,16,0.72,3,1538847962902,Entertainment,0.15680000000000002,0.545
WBvZ7KbGqAAYctGLP,a8a10f18e5931a8d598d3d98fa214b0324777d62d8468af279e3ea0c7ea43061,17,0.67,3,1538847962903,Entertainment,0.8978000000000002,0.47
Dg6c9TTskAZXfvnfk,a8a10f18e5931a8d598d3d98fa214b0324777d62d8468af279e3ea0c7ea43061,18,0.34,3,1538847962904,Entertainment,0.23120000000000004,0.605
uy7DXexeSpyka3KWD,1a2774ace54c4e4d862ad822f387c5558b550199b28d84a9160d7a0fc7479da1,1,0.16,3,1538848742629,Sports,1.4111999999999998,0.445
Jn9wemxKaMwKLNMqD,1a2774ace54c4e4d862ad822f387c5558b550199b28d84a9160d7a0fc7479da1,2,0.72,3,1538848742631,Sports,1.0368,0.65
PMBRZJSj78h6Tv7ff,1a2774ace54c4e4d862ad822f387c5558b550199b28d84a9160d7a0fc7479da1,3,0.27,3,1538848742631,Sports,0.1458,0.525
Nt6HkffJsyiH3wDHy,1a2774ace54c4e4d862ad822f387c5558b550199b28d84a9160d7a0fc7479da1,4,0.7,3,1538848742632,Sports,0.18000000000000005,0.765
ACjW5A2arwh8waLXN,1a2774ace54c4e4d862ad822f387c5558b550199b28d84a9160d7a0fc7479da1,5,0.15,3,1538848742632,Sports,0.045,0.445
8Lnu5Kbc9WShP3yJi,1a2774ace54c4e4d862ad822f387c5558b550199b28d84a9160d7a0fc7479da1,6,0.15,3,1538848742633,Sports,0.045,0.47
hoEr6GavCY7MtzzWz,1a2774ace54c4e4d862ad822f387c5558b550199b28d84a9160d7a0fc7479da1,7,0.7,3,1538848788952,Politics,0.9799999999999999,0.675
KjEBXLzQvmsukTdJu,1a2774ace54c4e4d862ad822f387c5558b550199b28d84a9160d7a0fc7479da1,8,0.64,3,1538848788954,Politics,0.2592,0.645
A75uNCWcEnEeRciSn,1a2774ace54c4e4d862ad822f387c5558b550199b28d84a9160d7a0fc7479da1,9,0.21,3,1538848788954,Politics,0.08819999999999999,0.54
HbEEfKp6JydDdGkuT,1a2774ace54c4e4d862ad822f387c5558b550199b28d84a9160d7a0fc7479da1,10,0.03,3,1538848788955,Politics,0.0018,0.51
qZF9JZpS3CdHtfW2S,1a2774ace54c4e4d862ad822f387c5558b550199b28d84a9160d7a0fc7479da1,11,0.06,3,1538848788956,Politics,0.0072,0.375
CXZTxeiQQ5QosZnk3,1a2774ace54c4e4d862ad822f387c5558b550199b28d84a9160d7a0fc7479da1,12,0.04,3,1538848788957,Politics,0.0032,0.52
jgGjyWCnYrxkni8x2,1a2774ace54c4e4d862ad822f387c5558b550199b28d84a9160d7a0fc7479da1,13,0.17,3,1538848835209,Entertainment,0.05780000000000001,0.47
9da2CX9LFGkf3HDgx,1a2774ace54c4e4d862ad822f387c5558b550199b28d84a9160d7a0fc7479da1,14,0.79,3,1538848835210,Entertainment,0.08819999999999997,0.665
MjqSfpwNZQCxpg5X5,1a2774ace54c4e4d862ad822f387c5558b550199b28d84a9160d7a0fc7479da1,15,0.27,3,1538848835210,Entertainment,0.1458,0.54
ToNdhHGfcKJ5PRXkc,1a2774ace54c4e4d862ad822f387c5558b550199b28d84a9160d7a0fc7479da1,16,0.11,3,1538848835211,Entertainment,1.5842,0.495
rTMZkyxafzoGzEXre,1a2774ace54c4e4d862ad822f387c5558b550199b28d84a9160d7a0fc7479da1,17,0.17,3,1538848835212,Entertainment,0.05780000000000001,0.5
77S9fD8juxw8m347J,1a2774ace54c4e4d862ad822f387c5558b550199b28d84a9160d7a0fc7479da1,18,0.18,3,1538848835212,Entertainment,0.0648,0.49
xGGi94RKQrqR6MzWP,c8023e47fa6b09054f0385db9a77e9b52cb3b6c712715844511f145cd5446cfe,1,0.5,3,1538849176797,Sports,0.5,0.585
dkpBrDYuWRR7pzYzb,c8023e47fa6b09054f0385db9a77e9b52cb3b6c712715844511f145cd5446cfe,2,0.5,3,1538849176798,Sports,0.5,0.625
S8cYjYdcPEqgkXNgw,c8023e47fa6b09054f0385db9a77e9b52cb3b6c712715844511f145cd5446cfe,3,0.25,3,1538849176798,Sports,0.125,0.435
W4CL2CbAThMWswXRm,c8023e47fa6b09054f0385db9a77e9b52cb3b6c712715844511f145cd5446cfe,4,0.5,3,1538849176798,Sports,0.5,0.675
STuGqGvtNK3zR3eyG,c8023e47fa6b09054f0385db9a77e9b52cb3b6c712715844511f145cd5446cfe,5,0.2,3,1538849176799,Sports,0.08000000000000002,0.475
sxpHSTfWBW6cs3KMQ,c8023e47fa6b09054f0385db9a77e9b52cb3b6c712715844511f145cd5446cfe,6,0.5,3,1538849176799,Sports,0.5,0.605
B8y32oqWDLD47oCAT,c8023e47fa6b09054f0385db9a77e9b52cb3b6c712715844511f145cd5446cfe,7,0.5,3,1538849181645,Politics,0.5,0.655
oqZGkmMYBZDja68Lh,c8023e47fa6b09054f0385db9a77e9b52cb3b6c712715844511f145cd5446cfe,8,0.47,3,1538849181645,Politics,0.5618000000000001,0.665
Z7TAj4Azt7rQMJvMn,c8023e47fa6b09054f0385db9a77e9b52cb3b6c712715844511f145cd5446cfe,9,0.15,3,1538849181645,Politics,0.045,0.45
QN6T7xvkSbfgc4xoq,c8023e47fa6b09054f0385db9a77e9b52cb3b6c712715844511f145cd5446cfe,10,0.15,3,1538849181645,Politics,0.045,0.495
fSFACz73DXb9uSvaz,c8023e47fa6b09054f0385db9a77e9b52cb3b6c712715844511f145cd5446cfe,11,0.1,3,1538849181646,Politics,0.020000000000000004,0.46
eZ7fnxFHKeuaMJQD6,c8023e47fa6b09054f0385db9a77e9b52cb3b6c712715844511f145cd5446cfe,12,0.44,3,1538849181646,Politics,0.3872,0.465
GnWyL2pLZotXi499C,c8023e47fa6b09054f0385db9a77e9b52cb3b6c712715844511f145cd5446cfe,13,0.4,3,1538849187685,Entertainment,0.32000000000000006,0.58
G4P5Re6TSpYBoWJpA,c8023e47fa6b09054f0385db9a77e9b52cb3b6c712715844511f145cd5446cfe,14,0.6,3,1538849187685,Entertainment,0.32000000000000006,0.62
g5tuSH9PkX8D7q2i5,c8023e47fa6b09054f0385db9a77e9b52cb3b6c712715844511f145cd5446cfe,15,0.31,3,1538849187686,Entertainment,0.1922,0.665
94qHenajCov7nFSWv,c8023e47fa6b09054f0385db9a77e9b52cb3b6c712715844511f145cd5446cfe,16,0.16,3,1538849187686,Entertainment,1.4111999999999998,0.38
7X85vw2uSrBxbCmq6,c8023e47fa6b09054f0385db9a77e9b52cb3b6c712715844511f145cd5446cfe,17,0.39,3,1538849187686,Entertainment,0.3042,0.585
8cQrj8WLjt7jGxzpJ,c8023e47fa6b09054f0385db9a77e9b52cb3b6c712715844511f145cd5446cfe,18,0.15,3,1538849187687,Entertainment,0.045,0.385
6TDQvyuxjbRCj5P2m,4b313fdb2a76b29d34f56010e0eb52c5190d3706f474804d3d9858f3da2c481e,1,0.51,3,1538849264038,Sports,0.48019999999999996,0.53
5pQhgcRZf4uB4u9hy,4b313fdb2a76b29d34f56010e0eb52c5190d3706f474804d3d9858f3da2c481e,2,0.51,3,1538849264039,Sports,0.5202,0.55
RJFpESQbL6JsFDrEv,4b313fdb2a76b29d34f56010e0eb52c5190d3706f474804d3d9858f3da2c481e,3,0.51,3,1538849264040,Sports,0.5202,0.405
DrpPqw7gjW9PYq6ou,4b313fdb2a76b29d34f56010e0eb52c5190d3706f474804d3d9858f3da2c481e,4,0.51,3,1538849264042,Sports,0.48019999999999996,0.565
2vYRpXweMaeXMX876,4b313fdb2a76b29d34f56010e0eb52c5190d3706f474804d3d9858f3da2c481e,5,0.51,3,1538849264043,Sports,0.5202,0.49
cMuBhfyx5Jq68zSAd,4b313fdb2a76b29d34f56010e0eb52c5190d3706f474804d3d9858f3da2c481e,6,0.51,3,1538849264046,Sports,0.5202,0.56
8iEWPtjjf5FRsai5x,4b313fdb2a76b29d34f56010e0eb52c5190d3706f474804d3d9858f3da2c481e,7,0.51,3,1538849278273,Politics,0.5202,0.53
n8NuZpxuyGZCqgMXs,4b313fdb2a76b29d34f56010e0eb52c5190d3706f474804d3d9858f3da2c481e,8,0.51,3,1538849278274,Politics,0.48019999999999996,0.575
baRKwR8urFHEHrHJQ,4b313fdb2a76b29d34f56010e0eb52c5190d3706f474804d3d9858f3da2c481e,9,0.51,3,1538849278275,Politics,0.5202,0.505
yn9ehhiuu7CwYQWfB,4b313fdb2a76b29d34f56010e0eb52c5190d3706f474804d3d9858f3da2c481e,10,0.51,3,1538849278276,Politics,0.5202,0.39
FCMKzJadmaw9ZZCir,4b313fdb2a76b29d34f56010e0eb52c5190d3706f474804d3d9858f3da2c481e,11,0.51,3,1538849278276,Politics,0.5202,0.45
F5QSrqXmZNHhtTQtx,4b313fdb2a76b29d34f56010e0eb52c5190d3706f474804d3d9858f3da2c481e,12,0.51,3,1538849278278,Politics,0.5202,0.375
EbCMne5xy3SSsgCZp,4b313fdb2a76b29d34f56010e0eb52c5190d3706f474804d3d9858f3da2c481e,13,0.51,3,1538849297580,Entertainment,0.5202,0.51
RwM9jDQmszveP5fjc,4b313fdb2a76b29d34f56010e0eb52c5190d3706f474804d3d9858f3da2c481e,14,0.51,3,1538849297582,Entertainment,0.48019999999999996,0.56
QWLDNnF49CRGvJnn4,4b313fdb2a76b29d34f56010e0eb52c5190d3706f474804d3d9858f3da2c481e,15,0.51,3,1538849297583,Entertainment,0.5202,0.515
gTH7Zn464yQJFtAfP,4b313fdb2a76b29d34f56010e0eb52c5190d3706f474804d3d9858f3da2c481e,16,0.51,3,1538849297586,Entertainment,0.48019999999999996,0.525
ByBfwfyeiEPvoGpgw,4b313fdb2a76b29d34f56010e0eb52c5190d3706f474804d3d9858f3da2c481e,17,0.51,3,1538849297587,Entertainment,0.5202,0.49
meBGwMZDasMfZNp8h,4b313fdb2a76b29d34f56010e0eb52c5190d3706f474804d3d9858f3da2c481e,18,0.51,3,1538849297588,Entertainment,0.5202,0.525
mbhQfrXqSTqREin7s,40b07289e966d0fc99b9a89e8d9aaa50ebfdcfa322ec563f75b50007849f79bd,9,0.36,3,1538849596614,Politics,0.2592,0.605
EdezEAWqTtbEYNaGy,40b07289e966d0fc99b9a89e8d9aaa50ebfdcfa322ec563f75b50007849f79bd,10,0.26,3,1538849596614,Politics,0.13520000000000001,0.385
SwnYxxdvp3YhSDgEN,40b07289e966d0fc99b9a89e8d9aaa50ebfdcfa322ec563f75b50007849f79bd,11,0.32,3,1538849596615,Politics,0.2048,0.545
H494ukHPNomJs6Lc9,40b07289e966d0fc99b9a89e8d9aaa50ebfdcfa322ec563f75b50007849f79bd,12,0.66,3,1538849596615,Politics,0.8712000000000001,0.325
XAuAJYxyrwW2Q8xuW,40b07289e966d0fc99b9a89e8d9aaa50ebfdcfa322ec563f75b50007849f79bd,13,0.45,3,1538849635585,Entertainment,0.405,0.535
7EA2EeWRyNQiyY58K,40b07289e966d0fc99b9a89e8d9aaa50ebfdcfa322ec563f75b50007849f79bd,14,0.92,3,1538849635585,Entertainment,0.012799999999999987,0.56
WfTWJceuaQNP3GB6H,40b07289e966d0fc99b9a89e8d9aaa50ebfdcfa322ec563f75b50007849f79bd,15,0.38,3,1538849635586,Entertainment,0.2888,0.62
yeBJZye3Xab2hR6sM,40b07289e966d0fc99b9a89e8d9aaa50ebfdcfa322ec563f75b50007849f79bd,16,0.71,3,1538849635587,Entertainment,0.16820000000000004,0.46
LR7ZRPLYFhmZopBXq,40b07289e966d0fc99b9a89e8d9aaa50ebfdcfa322ec563f75b50007849f79bd,17,0.66,3,1538849635587,Entertainment,0.8712000000000001,0.46
3viZq9DbMxb2i9xjL,40b07289e966d0fc99b9a89e8d9aaa50ebfdcfa322ec563f75b50007849f79bd,18,0.76,3,1538849635587,Entertainment,1.1552,0.52
3GAu26aQBfbxANTnP,024cebbb83c3511f1c51bf82834829eb684fe1323efdbddc513c1b67c5a357ca,1,0.73,3,1538850101540,Sports,0.1458,0.59
qTuBoaZqNF9SFuBEW,024cebbb83c3511f1c51bf82834829eb684fe1323efdbddc513c1b67c5a357ca,2,1,3,1538850101542,Sports,2,0.535
pfA76ixZWiTjsxXAJ,024cebbb83c3511f1c51bf82834829eb684fe1323efdbddc513c1b67c5a357ca,3,0.21,3,1538850101543,Sports,0.08819999999999999,0.45
MXDxfeFXGxFChkfCR,024cebbb83c3511f1c51bf82834829eb684fe1323efdbddc513c1b67c5a357ca,4,0.74,3,1538850101544,Sports,0.13520000000000001,0.64
pStYd4MfpqwinpZmm,024cebbb83c3511f1c51bf82834829eb684fe1323efdbddc513c1b67c5a357ca,5,0.35,3,1538850101544,Sports,0.24499999999999997,0.645
sXRffwyZsQX84nYai,024cebbb83c3511f1c51bf82834829eb684fe1323efdbddc513c1b67c5a357ca,6,0.26,3,1538850101544,Sports,0.13520000000000001,0.445
zNuJzjQu5it3TLuCk,024cebbb83c3511f1c51bf82834829eb684fe1323efdbddc513c1b67c5a357ca,7,1,3,1538850177757,Politics,2,0.61
2WSw7oZkjB7dmtZFr,024cebbb83c3511f1c51bf82834829eb684fe1323efdbddc513c1b67c5a357ca,8,0.71,3,1538850177759,Politics,0.16820000000000004,0.6
r7bFa6uvjtxprGoZ3,024cebbb83c3511f1c51bf82834829eb684fe1323efdbddc513c1b67c5a357ca,9,0.71,3,1538850177759,Politics,1.0082,0.53
LvyhQKBu7PaQ2EhL8,024cebbb83c3511f1c51bf82834829eb684fe1323efdbddc513c1b67c5a357ca,10,0.1,3,1538850177760,Politics,0.020000000000000004,0.51
AFsSJ9TGQE5uGGbaH,024cebbb83c3511f1c51bf82834829eb684fe1323efdbddc513c1b67c5a357ca,11,0.46,3,1538850177761,Politics,0.4232,0.475
wYQRNwvTrkK4apm2r,024cebbb83c3511f1c51bf82834829eb684fe1323efdbddc513c1b67c5a357ca,12,0.37,3,1538850177761,Politics,0.2738,0.485
5NazpokddKbaJX4Zw,024cebbb83c3511f1c51bf82834829eb684fe1323efdbddc513c1b67c5a357ca,13,0.71,3,1538850237445,Entertainment,1.0082,0.535
8iKt6c2ZvbLyxBGyL,024cebbb83c3511f1c51bf82834829eb684fe1323efdbddc513c1b67c5a357ca,14,0.57,3,1538850237446,Entertainment,0.3698000000000001,0.625
Q73vY4ETAXwz9Y3WY,024cebbb83c3511f1c51bf82834829eb684fe1323efdbddc513c1b67c5a357ca,15,0.67,3,1538850237446,Entertainment,0.8978000000000002,0.49
Dhm3vAbMtwXhXn89Z,024cebbb83c3511f1c51bf82834829eb684fe1323efdbddc513c1b67c5a357ca,16,0.34,3,1538850237447,Entertainment,0.8711999999999998,0.625
7dpxdSKufwNMuvvti,024cebbb83c3511f1c51bf82834829eb684fe1323efdbddc513c1b67c5a357ca,17,0.67,3,1538850237448,Entertainment,0.8978000000000002,0.415
ezmKC9KBga6XfJa49,024cebbb83c3511f1c51bf82834829eb684fe1323efdbddc513c1b67c5a357ca,18,0.85,3,1538850237448,Entertainment,1.4449999999999998,0.425
MBEAX6QQz27F7RBgw,6706fe79b3e913bd524987f70e417fcfdf1661733456c078852db0e11287800f,1,0.09,3,1538850474008,Sports,1.6562000000000001,0.19
M5Bym8jj5Yx8AeeZm,6706fe79b3e913bd524987f70e417fcfdf1661733456c078852db0e11287800f,2,0.65,3,1538850474009,Sports,0.8450000000000001,0.565
zvCQWbn8wKT6MH34c,6706fe79b3e913bd524987f70e417fcfdf1661733456c078852db0e11287800f,3,0.06,3,1538850474011,Sports,0.0072,0.285
ZhFDErSjmRRkpQJXp,6706fe79b3e913bd524987f70e417fcfdf1661733456c078852db0e11287800f,4,0.29,3,1538850474011,Sports,1.0082,0.32
8auwKvpab6KHTRxev,6706fe79b3e913bd524987f70e417fcfdf1661733456c078852db0e11287800f,5,0.68,3,1538850474012,Sports,0.9248000000000002,0.49
tdrxNXGP95Yv3KFQ4,6706fe79b3e913bd524987f70e417fcfdf1661733456c078852db0e11287800f,6,0.61,3,1538850474013,Sports,0.7442,0.58
y7fN6qcH9coAEQcez,6706fe79b3e913bd524987f70e417fcfdf1661733456c078852db0e11287800f,7,0.3,3,1538850514495,Politics,0.18,0.62
wvtyvNuqiKxuwKW8K,6706fe79b3e913bd524987f70e417fcfdf1661733456c078852db0e11287800f,8,0.73,3,1538850514496,Politics,0.1458,0.615
EqKiL3DcrPCjaYEzF,6706fe79b3e913bd524987f70e417fcfdf1661733456c078852db0e11287800f,9,0.35,3,1538850514497,Politics,0.24499999999999997,0.66
enmZhNfwy5s9bBnFS,6706fe79b3e913bd524987f70e417fcfdf1661733456c078852db0e11287800f,10,0.4,3,1538850514498,Politics,0.32000000000000006,0.45
y4crS7hmvnnRfw6gD,6706fe79b3e913bd524987f70e417fcfdf1661733456c078852db0e11287800f,11,0.56,3,1538850514498,Politics,0.6272000000000001,0.43
ouGP3vresQ4WuELh3,6706fe79b3e913bd524987f70e417fcfdf1661733456c078852db0e11287800f,12,0.94,3,1538850514499,Politics,1.7671999999999999,0.38
ua8K5XP5YgeAh77nq,6706fe79b3e913bd524987f70e417fcfdf1661733456c078852db0e11287800f,13,0.28,3,1538850548833,Entertainment,0.15680000000000002,0.38
wSEDXWKdLLWAWtzTr,6706fe79b3e913bd524987f70e417fcfdf1661733456c078852db0e11287800f,14,0.58,3,1538850548834,Entertainment,0.35280000000000006,0.665
cAxH4SieE8tpZ3ykr,6706fe79b3e913bd524987f70e417fcfdf1661733456c078852db0e11287800f,15,0.72,3,1538850548835,Entertainment,1.0368,0.525
zyuir4vLYCDCvDkD8,6706fe79b3e913bd524987f70e417fcfdf1661733456c078852db0e11287800f,16,0.59,3,1538850548836,Entertainment,0.33620000000000005,0.565
pHCkDHrrkHKuP9vWR,6706fe79b3e913bd524987f70e417fcfdf1661733456c078852db0e11287800f,17,0.44,3,1538850548837,Entertainment,0.3872,0.545
Z9auLFXhKCK8DMoSs,6706fe79b3e913bd524987f70e417fcfdf1661733456c078852db0e11287800f,18,0.57,3,1538850548838,Entertainment,0.6497999999999999,0.56
kgFAWv8nz5gv8Ayrx,0c237cc68b580c16de6105d5f234ef40bd812141e7d30c99b6abfb93114dfdec,1,0.7,3,1538851827545,Sports,0.18000000000000005,0.57
w3NawSdY7h9LYM4Nu,0c237cc68b580c16de6105d5f234ef40bd812141e7d30c99b6abfb93114dfdec,2,0.3,3,1538851827549,Sports,0.18,0.65
SL7LiaYSaLLEt5aMg,0c237cc68b580c16de6105d5f234ef40bd812141e7d30c99b6abfb93114dfdec,3,0.1,3,1538851827551,Sports,0.020000000000000004,0.435
nP3FRAEGwJrQHADue,0c237cc68b580c16de6105d5f234ef40bd812141e7d30c99b6abfb93114dfdec,4,0.7,3,1538851827552,Sports,0.18000000000000005,0.68
xyytGuCzjw2hzGyJ2,0c237cc68b580c16de6105d5f234ef40bd812141e7d30c99b6abfb93114dfdec,5,0.15,3,1538851827554,Sports,0.045,0.475
rb6uwFZWfq2gugNPw,0c237cc68b580c16de6105d5f234ef40bd812141e7d30c99b6abfb93114dfdec,6,0.75,3,1538851827555,Sports,1.125,0.56
7EGLyzFXkrauyzjjC,0c237cc68b580c16de6105d5f234ef40bd812141e7d30c99b6abfb93114dfdec,7,0.9,3,1538851881424,Politics,1.62,0.66
RHpp3Zm66krRZLpzS,0c237cc68b580c16de6105d5f234ef40bd812141e7d30c99b6abfb93114dfdec,8,0.6,3,1538851881428,Politics,0.32000000000000006,0.585
JTjXARq2ZFdXdnMmW,0c237cc68b580c16de6105d5f234ef40bd812141e7d30c99b6abfb93114dfdec,9,0.6,3,1538851881431,Politics,0.72,0.535
vb7tk2t2f6kFwChbq,0c237cc68b580c16de6105d5f234ef40bd812141e7d30c99b6abfb93114dfdec,10,0.1,3,1538851881433,Politics,0.020000000000000004,0.495
6ojnpSMDZDkFcKWnq,0c237cc68b580c16de6105d5f234ef40bd812141e7d30c99b6abfb93114dfdec,11,0.25,3,1538851881435,Politics,0.125,0.525
EKe7poBi4RgeY7b4L,0c237cc68b580c16de6105d5f234ef40bd812141e7d30c99b6abfb93114dfdec,12,0.05,3,1538851881437,Politics,0.005000000000000001,0.4
6Zbf4RuoSRcm4QqxL,0c237cc68b580c16de6105d5f234ef40bd812141e7d30c99b6abfb93114dfdec,13,0.86,3,1538851942877,Entertainment,1.4791999999999998,0.575
2qtNMA5C2qxhMeEeD,0c237cc68b580c16de6105d5f234ef40bd812141e7d30c99b6abfb93114dfdec,14,0.9,3,1538851942880,Entertainment,0.01999999999999999,0.64
3KXNHSgzoMGqeWiQM,0c237cc68b580c16de6105d5f234ef40bd812141e7d30c99b6abfb93114dfdec,15,0.9,3,1538851942883,Entertainment,1.62,0.55
vXzQrJ8tM7iuHSkSW,0c237cc68b580c16de6105d5f234ef40bd812141e7d30c99b6abfb93114dfdec,16,0.2,3,1538851942884,Entertainment,1.2800000000000002,0.45
GzvPdMK8gKHukqHcD,0c237cc68b580c16de6105d5f234ef40bd812141e7d30c99b6abfb93114dfdec,17,0.25,3,1538851942886,Entertainment,0.125,0.47
2MuPub2sP4jGMiKB8,0c237cc68b580c16de6105d5f234ef40bd812141e7d30c99b6abfb93114dfdec,18,0.4,3,1538851942888,Entertainment,0.32000000000000006,0.575
4n6BTHnt2f695BAtL,b5dd897a1586e9c958eb06bbc068cb5be2696f24f702e388e74b3488c3c0f73e,1,0.49,3,1538856074382,Sports,0.5202,0.69
MEQPLGdEXaBHz58QP,b5dd897a1586e9c958eb06bbc068cb5be2696f24f702e388e74b3488c3c0f73e,2,0.32,3,1538856074387,Sports,0.2048,0.645
542cvbCr6Dt3QkRZB,b5dd897a1586e9c958eb06bbc068cb5be2696f24f702e388e74b3488c3c0f73e,3,0.03,3,1538856074390,Sports,0.0018,0.35
vrNy5ABLtcf6mBkMX,b5dd897a1586e9c958eb06bbc068cb5be2696f24f702e388e74b3488c3c0f73e,4,0.55,3,1538856074394,Sports,0.4049999999999999,0.72
vk8mG7Si5Qbio6gEv,b5dd897a1586e9c958eb06bbc068cb5be2696f24f702e388e74b3488c3c0f73e,5,0.16,3,1538856074397,Sports,0.0512,0.395
D77dXCiKopbbWJ3fB,b5dd897a1586e9c958eb06bbc068cb5be2696f24f702e388e74b3488c3c0f73e,6,0.43,3,1538856074398,Sports,0.36979999999999996,0.645
XWtFPYvaGxXpc83HD,b5dd897a1586e9c958eb06bbc068cb5be2696f24f702e388e74b3488c3c0f73e,7,0.03,3,1538856118895,Politics,0.0018,0.24
m9YFzeyEkaEf4kp9r,b5dd897a1586e9c958eb06bbc068cb5be2696f24f702e388e74b3488c3c0f73e,8,0.78,3,1538856118898,Politics,0.09679999999999998,0.6
5sLRPTAQKnExcWLy2,b5dd897a1586e9c958eb06bbc068cb5be2696f24f702e388e74b3488c3c0f73e,9,0.83,3,1538856118899,Politics,1.3778,0.575
yzjM7NLBjTYCJKy4e,b5dd897a1586e9c958eb06bbc068cb5be2696f24f702e388e74b3488c3c0f73e,10,0,3,1538856118902,Politics,0,0.385
ZKMBgkjTy2EKAnMFX,b5dd897a1586e9c958eb06bbc068cb5be2696f24f702e388e74b3488c3c0f73e,11,0.01,3,1538856118904,Politics,2e-4,0.36
Y47SuTPTPR65jzkHh,b5dd897a1586e9c958eb06bbc068cb5be2696f24f702e388e74b3488c3c0f73e,12,0,3,1538856118911,Politics,0,0.435
acb3MQ5RJHXRCKvwq,b5dd897a1586e9c958eb06bbc068cb5be2696f24f702e388e74b3488c3c0f73e,13,0.47,3,1538856159321,Entertainment,0.44179999999999997,0.69
3rZDrXif25mPtL498,b5dd897a1586e9c958eb06bbc068cb5be2696f24f702e388e74b3488c3c0f73e,14,1,3,1538856159322,Entertainment,0,0.715
Cdh4N6qwod59rNJx7,b5dd897a1586e9c958eb06bbc068cb5be2696f24f702e388e74b3488c3c0f73e,15,0.15,3,1538856159324,Entertainment,0.045,0.42
zWz8aCgDApvBMHafR,b5dd897a1586e9c958eb06bbc068cb5be2696f24f702e388e74b3488c3c0f73e,16,0.74,3,1538856159325,Entertainment,0.13520000000000001,0.585
svewpodftHxih6vZ3,b5dd897a1586e9c958eb06bbc068cb5be2696f24f702e388e74b3488c3c0f73e,17,0.41,3,1538856159326,Entertainment,0.33619999999999994,0.575
tHmWnBQP5jQSBuDbz,b5dd897a1586e9c958eb06bbc068cb5be2696f24f702e388e74b3488c3c0f73e,18,1,3,1538856159328,Entertainment,2,0.515
7ppfcCQ3AXe7DsgJ2,13d8530050b4d4ea04f5f7f1e03f76163b60147cf172aa19066232893c4f6d66,1,0.52,3,1538856574771,Sports,0.4608,0.615
G6qX2EbeuKub4737n,13d8530050b4d4ea04f5f7f1e03f76163b60147cf172aa19066232893c4f6d66,2,0.89,3,1538856574772,Sports,1.5842,0.575
RyjnXQtiPWEEeif78,13d8530050b4d4ea04f5f7f1e03f76163b60147cf172aa19066232893c4f6d66,3,0.16,3,1538856574773,Sports,0.0512,0.36
Ms85Y5XprAxi6yc9c,13d8530050b4d4ea04f5f7f1e03f76163b60147cf172aa19066232893c4f6d66,4,0.54,3,1538856574773,Sports,0.4231999999999999,0.63
AmrjxarW77PscacmJ,13d8530050b4d4ea04f5f7f1e03f76163b60147cf172aa19066232893c4f6d66,5,0.23,3,1538856574774,Sports,0.1058,0.395
AHhBGuK9yBQ2X4DHp,13d8530050b4d4ea04f5f7f1e03f76163b60147cf172aa19066232893c4f6d66,6,0.64,3,1538856574774,Sports,0.8192,0.545
hQGsccLdqJio9DBz8,13d8530050b4d4ea04f5f7f1e03f76163b60147cf172aa19066232893c4f6d66,7,0.61,3,1538856605356,Politics,0.7442,0.59
od9N5BvEXCpAmYykq,13d8530050b4d4ea04f5f7f1e03f76163b60147cf172aa19066232893c4f6d66,8,0.48,3,1538856605356,Politics,0.5408000000000001,0.575
K6QpkwWi4LuMKeZjb,13d8530050b4d4ea04f5f7f1e03f76163b60147cf172aa19066232893c4f6d66,9,0.42,3,1538856605357,Politics,0.35279999999999995,0.605
Peua2YHytqHQ5zhPy,13d8530050b4d4ea04f5f7f1e03f76163b60147cf172aa19066232893c4f6d66,10,0.62,3,1538856605357,Politics,0.7688,0.33
FGmZSk5zPBEaXoZZk,13d8530050b4d4ea04f5f7f1e03f76163b60147cf172aa19066232893c4f6d66,11,0.42,3,1538856605358,Politics,0.35279999999999995,0.46
4bW2GXyCS3ppmDCDq,13d8530050b4d4ea04f5f7f1e03f76163b60147cf172aa19066232893c4f6d66,12,0.75,3,1538856605358,Politics,1.125,0.32
NYJmQdC7hWSean2cD,13d8530050b4d4ea04f5f7f1e03f76163b60147cf172aa19066232893c4f6d66,13,0.66,3,1538856643070,Entertainment,0.8712000000000001,0.52
RJiL8q9kPkcSh3uow,13d8530050b4d4ea04f5f7f1e03f76163b60147cf172aa19066232893c4f6d66,14,0.93,3,1538856643071,Entertainment,0.009799999999999986,0.59
4Md2z4NsyyjrSTPcY,13d8530050b4d4ea04f5f7f1e03f76163b60147cf172aa19066232893c4f6d66,15,0.63,3,1538856643072,Entertainment,0.7938000000000001,0.53
fBDDTHc4HyvWEFhLH,13d8530050b4d4ea04f5f7f1e03f76163b60147cf172aa19066232893c4f6d66,16,0.43,3,1538856643072,Entertainment,0.6498000000000002,0.53
iaH2vQXfdYqYnLAw6,13d8530050b4d4ea04f5f7f1e03f76163b60147cf172aa19066232893c4f6d66,17,0.88,3,1538856643073,Entertainment,1.5488,0.45
scZgipBsRXPPQwxk9,13d8530050b4d4ea04f5f7f1e03f76163b60147cf172aa19066232893c4f6d66,18,0.42,3,1538856643073,Entertainment,0.35279999999999995,0.56
bySLsRcmsKtKxi6zh,3c242cfa0e50be1aa5b45503297d0454f8f64fbde9763afbd57cab6e59e2c30b,1,0.5,3,1538857058338,Sports,0.5,0.715
B2baBZkzj3q6HCm95,3c242cfa0e50be1aa5b45503297d0454f8f64fbde9763afbd57cab6e59e2c30b,2,0.1,3,1538857058338,Sports,0.020000000000000004,0.395
ohrNcbYSDCiZht7xx,3c242cfa0e50be1aa5b45503297d0454f8f64fbde9763afbd57cab6e59e2c30b,3,0.06,3,1538857058339,Sports,0.0072,0.43
cjkqDn9K4JAEyGK2n,3c242cfa0e50be1aa5b45503297d0454f8f64fbde9763afbd57cab6e59e2c30b,4,0.75,3,1538857058340,Sports,0.125,0.715
kpjenvTFfXug76kZB,3c242cfa0e50be1aa5b45503297d0454f8f64fbde9763afbd57cab6e59e2c30b,5,0.06,3,1538857058340,Sports,0.0072,0.38
RS4nXHuqwWtbBZkGW,3c242cfa0e50be1aa5b45503297d0454f8f64fbde9763afbd57cab6e59e2c30b,6,0.1,3,1538857058340,Sports,0.020000000000000004,0.375
A94enmD9RGL86dnM4,3c242cfa0e50be1aa5b45503297d0454f8f64fbde9763afbd57cab6e59e2c30b,7,0.01,3,1538857136002,Politics,2e-4,0.265
9pG6FEqBT7k9ftApN,3c242cfa0e50be1aa5b45503297d0454f8f64fbde9763afbd57cab6e59e2c30b,8,0.1,3,1538857136002,Politics,1.62,0.45
oPn4aHcW4L5HaEYjA,3c242cfa0e50be1aa5b45503297d0454f8f64fbde9763afbd57cab6e59e2c30b,9,0.91,3,1538857136002,Politics,1.6562000000000001,0.635
CfE9KLwESiCrYrgn8,3c242cfa0e50be1aa5b45503297d0454f8f64fbde9763afbd57cab6e59e2c30b,10,1,3,1538857136003,Politics,2,0.49
KTSqqjzGHJCCui7Dh,3c242cfa0e50be1aa5b45503297d0454f8f64fbde9763afbd57cab6e59e2c30b,11,0.5,3,1538857136003,Politics,0.5,0.59
uRxzFsHX2Jbe7iLLx,3c242cfa0e50be1aa5b45503297d0454f8f64fbde9763afbd57cab6e59e2c30b,12,0,3,1538857136004,Politics,0,0.515
w2BdXwhS7uihPTi6J,af17ecb68dd6a9e2f389d9fec4be4c4b9aa5840df3b94892c5180221142229de,1,0.55,3,1538857213361,Sports,0.4049999999999999,0.575
hYjQNuWvAfTBopLJs,af17ecb68dd6a9e2f389d9fec4be4c4b9aa5840df3b94892c5180221142229de,2,0.54,3,1538857213361,Sports,0.5832,0.585
ev6PR34naJRC3YsYY,af17ecb68dd6a9e2f389d9fec4be4c4b9aa5840df3b94892c5180221142229de,3,0.41,3,1538857213362,Sports,0.33619999999999994,0.47
SXG3Kgh9GpTQBtoBw,af17ecb68dd6a9e2f389d9fec4be4c4b9aa5840df3b94892c5180221142229de,4,0.55,3,1538857213363,Sports,0.4049999999999999,0.6
hJLcW2FnkxppKyFAc,af17ecb68dd6a9e2f389d9fec4be4c4b9aa5840df3b94892c5180221142229de,5,0.74,3,1538857213363,Sports,1.0952,0.42
peHFiLMyJvbkZHyMh,af17ecb68dd6a9e2f389d9fec4be4c4b9aa5840df3b94892c5180221142229de,6,0.4,3,1538857213365,Sports,0.32000000000000006,0.605
wcxMQKBEgGobjeNPP,3c242cfa0e50be1aa5b45503297d0454f8f64fbde9763afbd57cab6e59e2c30b,13,0.24,3,1538857214305,Entertainment,0.1152,0.41
DBRLSXMgDEypWSeGz,3c242cfa0e50be1aa5b45503297d0454f8f64fbde9763afbd57cab6e59e2c30b,14,0.1,3,1538857214305,Entertainment,1.62,0.4
YukSLfS3CXFGswQDP,3c242cfa0e50be1aa5b45503297d0454f8f64fbde9763afbd57cab6e59e2c30b,15,0.51,3,1538857214305,Entertainment,0.5202,0.655
9wvrpfjCmSDeftjwu,3c242cfa0e50be1aa5b45503297d0454f8f64fbde9763afbd57cab6e59e2c30b,16,0.1,3,1538857214306,Entertainment,1.62,0.455
L6JbxftvmPAeKKsrS,3c242cfa0e50be1aa5b45503297d0454f8f64fbde9763afbd57cab6e59e2c30b,17,1,3,1538857214306,Entertainment,2,0.6
bt2R4eMEWxeHAj2F6,3c242cfa0e50be1aa5b45503297d0454f8f64fbde9763afbd57cab6e59e2c30b,18,0.01,3,1538857214306,Entertainment,2e-4,0.34
nMknz7rFDkconkNMd,af17ecb68dd6a9e2f389d9fec4be4c4b9aa5840df3b94892c5180221142229de,7,0.58,3,1538857227635,Politics,0.6728,0.575
BXfhDwwsAuQcKiMSh,af17ecb68dd6a9e2f389d9fec4be4c4b9aa5840df3b94892c5180221142229de,8,0.57,3,1538857227636,Politics,0.3698000000000001,0.565
z64LizrPYgE2nSvxX,af17ecb68dd6a9e2f389d9fec4be4c4b9aa5840df3b94892c5180221142229de,9,0.64,3,1538857227636,Politics,0.8192,0.46
2DjJtDc7CBtqSBb32,af17ecb68dd6a9e2f389d9fec4be4c4b9aa5840df3b94892c5180221142229de,10,0.81,3,1538857227637,Politics,1.3122000000000003,0.275
k8NWCGDMG9bacJwyn,af17ecb68dd6a9e2f389d9fec4be4c4b9aa5840df3b94892c5180221142229de,11,0.36,3,1538857227637,Politics,0.2592,0.485
o3LtDbGnLt3SJABZw,af17ecb68dd6a9e2f389d9fec4be4c4b9aa5840df3b94892c5180221142229de,12,0.64,3,1538857227637,Politics,0.8192,0.295
sdhxTtjpRsFwEecHE,af17ecb68dd6a9e2f389d9fec4be4c4b9aa5840df3b94892c5180221142229de,13,0.61,3,1538857238452,Entertainment,0.7442,0.51
pfQfhBBXqfrgzd288,af17ecb68dd6a9e2f389d9fec4be4c4b9aa5840df3b94892c5180221142229de,14,0.52,3,1538857238453,Entertainment,0.4608,0.58
e2rGdyMp4AxCWdmZx,af17ecb68dd6a9e2f389d9fec4be4c4b9aa5840df3b94892c5180221142229de,15,0.66,3,1538857238453,Entertainment,0.8712000000000001,0.5
2SH9rBa3oMk2GssgQ,af17ecb68dd6a9e2f389d9fec4be4c4b9aa5840df3b94892c5180221142229de,16,0.3,3,1538857238454,Entertainment,0.9799999999999999,0.615
qy2L7Fy2FHMaaQLia,af17ecb68dd6a9e2f389d9fec4be4c4b9aa5840df3b94892c5180221142229de,17,0.27,3,1538857238455,Entertainment,0.1458,0.395
eax2M7yNpfRE6uFht,af17ecb68dd6a9e2f389d9fec4be4c4b9aa5840df3b94892c5180221142229de,18,0.28,3,1538857238456,Entertainment,0.15680000000000002,0.415
E3X3mokePhXGzXh8Q,7c323b027b7ee6e9762ed8456425494090718361e20a00e11fd331c51e0299bf,1,0.76,3,1538857299263,Sports,0.1152,0.505
a3D9mdGXcevHAP6dh,7c323b027b7ee6e9762ed8456425494090718361e20a00e11fd331c51e0299bf,2,0.67,3,1538857299292,Sports,0.8978000000000002,0.525
T8z4F4zwvwMWLvHLp,7c323b027b7ee6e9762ed8456425494090718361e20a00e11fd331c51e0299bf,3,0.79,3,1538857299296,Sports,1.2482000000000002,0.38
CKpi4e8gdKvtMQWYE,7c323b027b7ee6e9762ed8456425494090718361e20a00e11fd331c51e0299bf,4,0.4,3,1538857299301,Sports,0.72,0.615
5EhSfwbQnhG6W76Ra,7c323b027b7ee6e9762ed8456425494090718361e20a00e11fd331c51e0299bf,5,0.32,3,1538857299307,Sports,0.2048,0.565
QQiqwtdLvn7vGzTK4,7c323b027b7ee6e9762ed8456425494090718361e20a00e11fd331c51e0299bf,6,0.4,3,1538857299310,Sports,0.32000000000000006,0.55
snupZq3N67XjayJtm,7c323b027b7ee6e9762ed8456425494090718361e20a00e11fd331c51e0299bf,7,0.68,3,1538857332683,Politics,0.9248000000000002,0.515
jYCZEDmaPTcxmPG78,7c323b027b7ee6e9762ed8456425494090718361e20a00e11fd331c51e0299bf,8,0.43,3,1538857332686,Politics,0.6498000000000002,0.55
4ydo5cHXAu9xLuaus,7c323b027b7ee6e9762ed8456425494090718361e20a00e11fd331c51e0299bf,9,0.65,3,1538857332687,Politics,0.8450000000000001,0.485
SitiBx3K6uzhFJbzk,7c323b027b7ee6e9762ed8456425494090718361e20a00e11fd331c51e0299bf,10,0.44,3,1538857332695,Politics,0.3872,0.45
WpgGGxLvmtYRCS4CG,7c323b027b7ee6e9762ed8456425494090718361e20a00e11fd331c51e0299bf,11,0.66,3,1538857332698,Politics,0.8712000000000001,0.36
iCd3myEXJhrqpysLZ,7c323b027b7ee6e9762ed8456425494090718361e20a00e11fd331c51e0299bf,12,0.37,3,1538857332700,Politics,0.2738,0.48
6qdBNLqw4CyWdZdxT,7c323b027b7ee6e9762ed8456425494090718361e20a00e11fd331c51e0299bf,13,0.78,3,1538857344075,Entertainment,1.2168,0.55
JCHWFNqJP9uWZai3E,7c323b027b7ee6e9762ed8456425494090718361e20a00e11fd331c51e0299bf,14,0.35,3,1538857344084,Entertainment,0.8450000000000001,0.65
296amXhXWTinyiSJy,7c323b027b7ee6e9762ed8456425494090718361e20a00e11fd331c51e0299bf,15,0.76,3,1538857344087,Entertainment,1.1552,0.425
CGegX5WtuPe598FBW,7c323b027b7ee6e9762ed8456425494090718361e20a00e11fd331c51e0299bf,16,0.62,3,1538857344090,Entertainment,0.2888,0.53
fseKXWoC8ezyeDJWw,7c323b027b7ee6e9762ed8456425494090718361e20a00e11fd331c51e0299bf,17,0.74,3,1538857344094,Entertainment,1.0952,0.46
9SD2PKni8aWq5tT4n,7c323b027b7ee6e9762ed8456425494090718361e20a00e11fd331c51e0299bf,18,0.73,3,1538857344097,Entertainment,1.0657999999999999,0.435
croPLv8W9vvk6Y8EG,ea16aadc0a6a80c1528480986680a3c0640fcc936a286418fd993b56c6d706ba,1,0.9,3,1538857466615,Sports,0.01999999999999999,0.59
cX4n8Dvnw2nyBpYqG,ea16aadc0a6a80c1528480986680a3c0640fcc936a286418fd993b56c6d706ba,2,0.66,3,1538857466618,Sports,0.8712000000000001,0.625
Ex9nbryiXcBE2nb6h,ea16aadc0a6a80c1528480986680a3c0640fcc936a286418fd993b56c6d706ba,3,0,3,1538857466618,Sports,0,0.375
rj2D4u6P48LmgTa3M,ea16aadc0a6a80c1528480986680a3c0640fcc936a286418fd993b56c6d706ba,4,0.8,3,1538857466619,Sports,0.07999999999999996,0.65
uvezqyrwMzyJMt3dD,ea16aadc0a6a80c1528480986680a3c0640fcc936a286418fd993b56c6d706ba,5,0.5,3,1538857466620,Sports,0.5,0.575
nQCsHfGfdML92YyB2,ea16aadc0a6a80c1528480986680a3c0640fcc936a286418fd993b56c6d706ba,6,0.4,3,1538857466620,Sports,0.32000000000000006,0.64
sPEBYiFEBDDeHuA9C,ea16aadc0a6a80c1528480986680a3c0640fcc936a286418fd993b56c6d706ba,7,0.5,3,1538857576190,Politics,0.5,0.635
XZmw4qW8FFq9uAtiE,ea16aadc0a6a80c1528480986680a3c0640fcc936a286418fd993b56c6d706ba,8,0.5,3,1538857576191,Politics,0.5,0.6
cGDEhDoThYiGEj2aw,ea16aadc0a6a80c1528480986680a3c0640fcc936a286418fd993b56c6d706ba,9,0.5,3,1538857576192,Politics,0.5,0.57
zPXXEBqMEowBaeMib,ea16aadc0a6a80c1528480986680a3c0640fcc936a286418fd993b56c6d706ba,10,0,3,1538857576193,Politics,0,0.345
6e2HaP7LWW5fYAPcN,ea16aadc0a6a80c1528480986680a3c0640fcc936a286418fd993b56c6d706ba,11,0.1,3,1538857576194,Politics,0.020000000000000004,0.55
6h37Q73ZEH3f2y2zG,ea16aadc0a6a80c1528480986680a3c0640fcc936a286418fd993b56c6d706ba,12,0,3,1538857576194,Politics,0,0.42
7dzSCaPBjqqZhJYYK,ea16aadc0a6a80c1528480986680a3c0640fcc936a286418fd993b56c6d706ba,13,0.5,3,1538857660389,Entertainment,0.5,0.595
GjKAAhhdxCnNFF6dw,ea16aadc0a6a80c1528480986680a3c0640fcc936a286418fd993b56c6d706ba,14,1,3,1538857660390,Entertainment,0,0.635
guiT9FnyaCn39nhk3,ea16aadc0a6a80c1528480986680a3c0640fcc936a286418fd993b56c6d706ba,15,0.71,3,1538857660391,Entertainment,1.0082,0.505
yFNcmk4imoWmEDisM,ea16aadc0a6a80c1528480986680a3c0640fcc936a286418fd993b56c6d706ba,16,0.3,3,1538857660392,Entertainment,0.9799999999999999,0.7
EWWqKKRX3cNPTDenS,ea16aadc0a6a80c1528480986680a3c0640fcc936a286418fd993b56c6d706ba,17,0.5,3,1538857660392,Entertainment,0.5,0.58
pRBLr3HEhKquxoovC,ea16aadc0a6a80c1528480986680a3c0640fcc936a286418fd993b56c6d706ba,18,0,3,1538857660392,Entertainment,0,0.275
Ze5m8pNzbvMkMu2FQ,2c8a54e254792ca14125afc8dde998b171239b737c7ab1d24163314bfcccd781,1,0.35,3,1538858591510,Sports,0.8450000000000001,0.635
5mmWPSpTFXxcizytm,2c8a54e254792ca14125afc8dde998b171239b737c7ab1d24163314bfcccd781,2,0.65,3,1538858591513,Sports,0.8450000000000001,0.59
kZY93GQXzTDwgxYyw,2c8a54e254792ca14125afc8dde998b171239b737c7ab1d24163314bfcccd781,3,0.7,3,1538858591516,Sports,0.9799999999999999,0.485
v36NhLohept8WL9ff,2c8a54e254792ca14125afc8dde998b171239b737c7ab1d24163314bfcccd781,4,0.3,3,1538858591518,Sports,0.9799999999999999,0.69
3D42LwyKd2ryM4a5n,2c8a54e254792ca14125afc8dde998b171239b737c7ab1d24163314bfcccd781,5,0.35,3,1538858591519,Sports,0.24499999999999997,0.615
uLKrA3TrmfoLxnZhG,2c8a54e254792ca14125afc8dde998b171239b737c7ab1d24163314bfcccd781,6,0.65,3,1538858591520,Sports,0.8450000000000001,0.52
RNkaWwSEZfYYxriXu,2c8a54e254792ca14125afc8dde998b171239b737c7ab1d24163314bfcccd781,7,0.74,3,1538858638308,Politics,1.0952,0.575
4KpM5yDzzJGYG64Bs,2c8a54e254792ca14125afc8dde998b171239b737c7ab1d24163314bfcccd781,8,0.62,3,1538858638310,Politics,0.2888,0.59
AaunpFXD7basej7Ym,2c8a54e254792ca14125afc8dde998b171239b737c7ab1d24163314bfcccd781,9,0.4,3,1538858638310,Politics,0.32000000000000006,0.62
FXWpCoDZcSHu9RdbJ,2c8a54e254792ca14125afc8dde998b171239b737c7ab1d24163314bfcccd781,10,0.2,3,1538858638312,Politics,0.08000000000000002,0.495
yJomSmcYxXsk3fiGB,2c8a54e254792ca14125afc8dde998b171239b737c7ab1d24163314bfcccd781,11,0.1,3,1538858638312,Politics,0.020000000000000004,0.425
TtQ7WAQzvAAmsrsNW,2c8a54e254792ca14125afc8dde998b171239b737c7ab1d24163314bfcccd781,12,0.29,3,1538858638314,Politics,0.1682,0.375
b3WnHYTEE2pmgMbuP,2c8a54e254792ca14125afc8dde998b171239b737c7ab1d24163314bfcccd781,13,0.35,3,1538858694438,Entertainment,0.24499999999999997,0.565
RNA7dsSELnMzmGYGt,2c8a54e254792ca14125afc8dde998b171239b737c7ab1d24163314bfcccd781,14,0.33,3,1538858694440,Entertainment,0.8977999999999998,0.69
evSCuDwBcAEHPFvpB,2c8a54e254792ca14125afc8dde998b171239b737c7ab1d24163314bfcccd781,15,0.59,3,1538858694442,Entertainment,0.6961999999999999,0.545
cnF4ixaJtXCCNR5Si,2c8a54e254792ca14125afc8dde998b171239b737c7ab1d24163314bfcccd781,16,0.19,3,1538858694444,Entertainment,1.3122000000000003,0.36
QtfkWKyuNuMsrkTn7,2c8a54e254792ca14125afc8dde998b171239b737c7ab1d24163314bfcccd781,17,0.26,3,1538858694446,Entertainment,0.13520000000000001,0.4
2FoHdqEZYAt7P64eZ,2c8a54e254792ca14125afc8dde998b171239b737c7ab1d24163314bfcccd781,18,0.25,3,1538858694447,Entertainment,0.125,0.525
mn9fxbvHoqqyXLdPa,1e8025ab5d71255f344010651a5419713469afd2f3854c754aacdbbc9a1b2a36,1,0.54,3,1538858881567,Sports,0.4231999999999999,0.55
WfAjLC84gcoBofCxm,1e8025ab5d71255f344010651a5419713469afd2f3854c754aacdbbc9a1b2a36,2,0.84,3,1538858881574,Sports,1.4111999999999998,0.52
42z6qmxnXzSvER8tj,1e8025ab5d71255f344010651a5419713469afd2f3854c754aacdbbc9a1b2a36,3,0.39,3,1538858881576,Sports,0.3042,0.535
wcTsfcuviyqXix9p7,1e8025ab5d71255f344010651a5419713469afd2f3854c754aacdbbc9a1b2a36,4,0.39,3,1538858881579,Sports,0.7442,0.6
BrwYKk8oNYaE2vP9S,1e8025ab5d71255f344010651a5419713469afd2f3854c754aacdbbc9a1b2a36,5,0.74,3,1538858881583,Sports,1.0952,0.415
YwEBhH3siNEwSHZzc,1e8025ab5d71255f344010651a5419713469afd2f3854c754aacdbbc9a1b2a36,6,0.65,3,1538858881585,Sports,0.8450000000000001,0.53
erPLYtb7CyCrQBeuT,1e8025ab5d71255f344010651a5419713469afd2f3854c754aacdbbc9a1b2a36,7,0.36,3,1538858914826,Politics,0.2592,0.585
QfbL3hktnvFSPEPA9,1e8025ab5d71255f344010651a5419713469afd2f3854c754aacdbbc9a1b2a36,8,0.63,3,1538858914832,Politics,0.2738,0.505
3QK4ECe8iXs67z3TW,1e8025ab5d71255f344010651a5419713469afd2f3854c754aacdbbc9a1b2a36,9,0.35,3,1538858914834,Politics,0.24499999999999997,0.585
4JnSdhw7Snkcamf57,1e8025ab5d71255f344010651a5419713469afd2f3854c754aacdbbc9a1b2a36,10,0.69,3,1538858914842,Politics,0.9521999999999998,0.34
vt5CGLPeYRePwnSSW,1e8025ab5d71255f344010651a5419713469afd2f3854c754aacdbbc9a1b2a36,11,0.31,3,1538858914845,Politics,0.1922,0.515
nXiEG9iton4S4tJPo,1e8025ab5d71255f344010651a5419713469afd2f3854c754aacdbbc9a1b2a36,12,0.57,3,1538858914846,Politics,0.6497999999999999,0.35
zkod8SPoBhnW6p97r,09cca0adfc6f93e59e3c0bb647edcefe324e9118c2ad08ce223b78160ef03ec5,1,0.7,3,1538858952954,Sports,0.18000000000000005,0.565
dgPmpKW2gvczNcEdj,09cca0adfc6f93e59e3c0bb647edcefe324e9118c2ad08ce223b78160ef03ec5,2,0.14,3,1538858952954,Sports,0.039200000000000006,0.3
7CSdF2EtDCwvDx4va,09cca0adfc6f93e59e3c0bb647edcefe324e9118c2ad08ce223b78160ef03ec5,3,0,3,1538858952955,Sports,0,0.245
ctRm3x9T9peHXMmTA,09cca0adfc6f93e59e3c0bb647edcefe324e9118c2ad08ce223b78160ef03ec5,4,0.8,3,1538858952955,Sports,0.07999999999999996,0.625
k9YQst6Tv4aiKMSLo,09cca0adfc6f93e59e3c0bb647edcefe324e9118c2ad08ce223b78160ef03ec5,5,1,3,1538858952955,Sports,2,0.455
PXhdwemSYGmCc7BZX,09cca0adfc6f93e59e3c0bb647edcefe324e9118c2ad08ce223b78160ef03ec5,6,0.44,3,1538858952956,Sports,0.3872,0.585
ozcnxJMpCpicQSEdk,1e8025ab5d71255f344010651a5419713469afd2f3854c754aacdbbc9a1b2a36,13,0.85,3,1538858948788,Entertainment,1.4449999999999998,0.525
BmaffJXigcWt252qE,1e8025ab5d71255f344010651a5419713469afd2f3854c754aacdbbc9a1b2a36,14,0.92,3,1538858948796,Entertainment,0.012799999999999987,0.575
5aPf5rdg9v6RcZPPk,1e8025ab5d71255f344010651a5419713469afd2f3854c754aacdbbc9a1b2a36,15,0.83,3,1538858948798,Entertainment,1.3778,0.505
ygRuaD98RcgkcdTrv,1e8025ab5d71255f344010651a5419713469afd2f3854c754aacdbbc9a1b2a36,16,0.76,3,1538858948800,Entertainment,0.1152,0.495
Xec3RsTgjXuQoTsoS,1e8025ab5d71255f344010651a5419713469afd2f3854c754aacdbbc9a1b2a36,17,0.78,3,1538858948801,Entertainment,1.2168,0.45
CJbc2AuEYf7C6ZtSn,1e8025ab5d71255f344010651a5419713469afd2f3854c754aacdbbc9a1b2a36,18,0.38,3,1538858948803,Entertainment,0.2888,0.55
Ng9NJFtARFG8LYK2J,09cca0adfc6f93e59e3c0bb647edcefe324e9118c2ad08ce223b78160ef03ec5,7,0.62,3,1538858979069,Politics,0.7688,0.61
yjqDgdx2zSxods9L8,09cca0adfc6f93e59e3c0bb647edcefe324e9118c2ad08ce223b78160ef03ec5,8,0.42,3,1538858979069,Politics,0.6728000000000002,0.62
ns4qbwg3JhGydqrjy,09cca0adfc6f93e59e3c0bb647edcefe324e9118c2ad08ce223b78160ef03ec5,9,0.34,3,1538858979069,Politics,0.23120000000000004,0.63
SMfWN3wfh3spmzRCt,09cca0adfc6f93e59e3c0bb647edcefe324e9118c2ad08ce223b78160ef03ec5,10,0.6,3,1538858979069,Politics,0.72,0.375
3PweS5RAxeonu3oYS,09cca0adfc6f93e59e3c0bb647edcefe324e9118c2ad08ce223b78160ef03ec5,11,0.83,3,1538858979070,Politics,1.3778,0.38
rj25S2MKqpfAPzBt4,09cca0adfc6f93e59e3c0bb647edcefe324e9118c2ad08ce223b78160ef03ec5,12,0.72,3,1538858979070,Politics,1.0368,0.38
GbcpcEwdGG7Hz9G4L,09cca0adfc6f93e59e3c0bb647edcefe324e9118c2ad08ce223b78160ef03ec5,13,0.83,3,1538859006535,Entertainment,1.3778,0.525
GSahXtMYd2oFZKd8k,09cca0adfc6f93e59e3c0bb647edcefe324e9118c2ad08ce223b78160ef03ec5,14,0.93,3,1538859006535,Entertainment,0.009799999999999986,0.61
ECMGvrBJmzq6fuEJE,09cca0adfc6f93e59e3c0bb647edcefe324e9118c2ad08ce223b78160ef03ec5,15,0.85,3,1538859006536,Entertainment,1.4449999999999998,0.57
SdT8RwfDZLLjqj2vE,09cca0adfc6f93e59e3c0bb647edcefe324e9118c2ad08ce223b78160ef03ec5,16,0.9,3,1538859006536,Entertainment,0.01999999999999999,0.545
rwHTrw7eRNP86B5jc,09cca0adfc6f93e59e3c0bb647edcefe324e9118c2ad08ce223b78160ef03ec5,17,0.7,3,1538859006536,Entertainment,0.9799999999999999,0.48
A2op2TSw49r6fkHsC,09cca0adfc6f93e59e3c0bb647edcefe324e9118c2ad08ce223b78160ef03ec5,18,0.67,3,1538859006536,Entertainment,0.8978000000000002,0.53
pcqMxK46sEKTYyJWF,9834ba793cee86d47204cba73f7d12d3f9571d378502295148fd76b158a57551,1,0.54,3,1538859617462,Sports,0.4231999999999999,0.55
PEfafYdzxhi5Hcahk,9834ba793cee86d47204cba73f7d12d3f9571d378502295148fd76b158a57551,2,0.63,3,1538859617470,Sports,0.7938000000000001,0.53
dX8amFKuKRG6TMhjQ,9834ba793cee86d47204cba73f7d12d3f9571d378502295148fd76b158a57551,3,0.38,3,1538859617474,Sports,0.2888,0.485
azonwJ59vMW7vdxzx,9834ba793cee86d47204cba73f7d12d3f9571d378502295148fd76b158a57551,4,0.62,3,1538859617477,Sports,0.2888,0.585
4ZHATKtzJw27YLogo,9834ba793cee86d47204cba73f7d12d3f9571d378502295148fd76b158a57551,5,0.29,3,1538859617479,Sports,0.1682,0.465
M3ZPdtguvgjSFaaMa,9834ba793cee86d47204cba73f7d12d3f9571d378502295148fd76b158a57551,6,0.55,3,1538859617481,Sports,0.6050000000000001,0.6
qamcR7TXvyZfPL6mH,9834ba793cee86d47204cba73f7d12d3f9571d378502295148fd76b158a57551,7,0.65,3,1538859735626,Politics,0.8450000000000001,0.565
wgm8BcXmuvrBHwScZ,9834ba793cee86d47204cba73f7d12d3f9571d378502295148fd76b158a57551,8,0.54,3,1538859735633,Politics,0.4231999999999999,0.58
6tgtKFY2axmRtmTep,9834ba793cee86d47204cba73f7d12d3f9571d378502295148fd76b158a57551,9,0.58,3,1538859735635,Politics,0.6728,0.535
JJ7kkyompSxRZzcvP,9834ba793cee86d47204cba73f7d12d3f9571d378502295148fd76b158a57551,10,0.36,3,1538859735637,Politics,0.2592,0.45
Za8be2pHEBo7DEN3b,9834ba793cee86d47204cba73f7d12d3f9571d378502295148fd76b158a57551,11,0.37,3,1538859735639,Politics,0.2738,0.505
FkmbFtGx7yW8accnq,9834ba793cee86d47204cba73f7d12d3f9571d378502295148fd76b158a57551,12,0.34,3,1538859735641,Politics,0.23120000000000004,0.39
ZrBbLSjtsCNEcGjis,9834ba793cee86d47204cba73f7d12d3f9571d378502295148fd76b158a57551,13,0.69,3,1538859794598,Entertainment,0.9521999999999998,0.465
op5r3HphTHd69iM5e,9834ba793cee86d47204cba73f7d12d3f9571d378502295148fd76b158a57551,14,0.85,3,1538859794603,Entertainment,0.04500000000000001,0.505
D5smp68KKWygjRJMz,9834ba793cee86d47204cba73f7d12d3f9571d378502295148fd76b158a57551,15,0.43,3,1538859794606,Entertainment,0.36979999999999996,0.51
XJ5iWQhZLke5Qztpd,9834ba793cee86d47204cba73f7d12d3f9571d378502295148fd76b158a57551,16,0.46,3,1538859794608,Entertainment,0.5832,0.55
Qz47zgTcvuth79PMu,9834ba793cee86d47204cba73f7d12d3f9571d378502295148fd76b158a57551,17,0.53,3,1538859794609,Entertainment,0.5618000000000001,0.485
BYL7LhvfqWgsNmiLh,9834ba793cee86d47204cba73f7d12d3f9571d378502295148fd76b158a57551,18,0.4,3,1538859794611,Entertainment,0.32000000000000006,0.51
au85gR2etcy7uiWSG,102f7b1bd030b63055f8d0a2bd1215c299228d78e30b4440f0912cd1589b65fc,1,0.19,3,1538861529843,Sports,1.3122000000000003,0.33
RXQsh8mAmzMzAjeTo,102f7b1bd030b63055f8d0a2bd1215c299228d78e30b4440f0912cd1589b65fc,2,0.55,3,1538861529844,Sports,0.6050000000000001,0.615
5wneixvDctzQunPQ9,102f7b1bd030b63055f8d0a2bd1215c299228d78e30b4440f0912cd1589b65fc,3,0,3,1538861529844,Sports,0,0.32
sc4MghhYegoMv3KqJ,102f7b1bd030b63055f8d0a2bd1215c299228d78e30b4440f0912cd1589b65fc,4,0.4,3,1538861529846,Sports,0.72,0.69
JxM8SwcNBru4syz7x,102f7b1bd030b63055f8d0a2bd1215c299228d78e30b4440f0912cd1589b65fc,5,0.22,3,1538861529846,Sports,0.0968,0.55
LTJvND3F4goZmyhrk,102f7b1bd030b63055f8d0a2bd1215c299228d78e30b4440f0912cd1589b65fc,6,0.14,3,1538861529847,Sports,0.039200000000000006,0.37
6nM46JRdS2gkPdS69,102f7b1bd030b63055f8d0a2bd1215c299228d78e30b4440f0912cd1589b65fc,7,0.83,3,1538861857400,Politics,1.3778,0.59
Rv7MbfoKiRz2Fc3Fj,102f7b1bd030b63055f8d0a2bd1215c299228d78e30b4440f0912cd1589b65fc,8,0.9,3,1538861857400,Politics,0.01999999999999999,0.605
JcbWi4xmFTpAz3NBc,102f7b1bd030b63055f8d0a2bd1215c299228d78e30b4440f0912cd1589b65fc,9,0.2,3,1538861857402,Politics,0.08000000000000002,0.53
Mq3YADKRJNsZERDiR,102f7b1bd030b63055f8d0a2bd1215c299228d78e30b4440f0912cd1589b65fc,10,0.14,3,1538861857402,Politics,0.039200000000000006,0.61
uPEqbyZaLDP4PCfQJ,102f7b1bd030b63055f8d0a2bd1215c299228d78e30b4440f0912cd1589b65fc,11,0.22,3,1538861857402,Politics,0.0968,0.51
2Qox3TLGojmT7Azb7,102f7b1bd030b63055f8d0a2bd1215c299228d78e30b4440f0912cd1589b65fc,12,0.14,3,1538861857403,Politics,0.039200000000000006,0.58
kDArPJnimukJGJ9o4,102f7b1bd030b63055f8d0a2bd1215c299228d78e30b4440f0912cd1589b65fc,13,0.88,3,1538862083623,Entertainment,1.5488,0.6
mEiXmNPnojxMW7Ssi,102f7b1bd030b63055f8d0a2bd1215c299228d78e30b4440f0912cd1589b65fc,14,0.88,3,1538862083623,Entertainment,0.0288,0.595
KqwAMu7ibGa5e7vzn,102f7b1bd030b63055f8d0a2bd1215c299228d78e30b4440f0912cd1589b65fc,15,0.53,3,1538862083624,Entertainment,0.5618000000000001,0.695
ss8HiRRYJWjywiXgc,102f7b1bd030b63055f8d0a2bd1215c299228d78e30b4440f0912cd1589b65fc,16,0.3,3,1538862083624,Entertainment,0.9799999999999999,0.68
WBRJ3hgfy6Bat42GG,102f7b1bd030b63055f8d0a2bd1215c299228d78e30b4440f0912cd1589b65fc,17,0.15,3,1538862083624,Entertainment,0.045,0.42
yaWhiqM5X5JEed9Ls,102f7b1bd030b63055f8d0a2bd1215c299228d78e30b4440f0912cd1589b65fc,18,0.81,3,1538862083624,Entertainment,1.3122000000000003,0.625
chtTmuqcvaXweudYM,c486e03f05639982b2f3e5d9f417465fe080bbc304f7456ad8c552774edec4ee,1,0.29,3,1538862443807,Sports,1.0082,0.395
am2DKn5WJwkeBpofZ,c486e03f05639982b2f3e5d9f417465fe080bbc304f7456ad8c552774edec4ee,2,0.28,3,1538862443808,Sports,0.15680000000000002,0.345
CbmrPeEynpkzkb9Pn,c486e03f05639982b2f3e5d9f417465fe080bbc304f7456ad8c552774edec4ee,3,0.09,3,1538862443808,Sports,0.0162,0.255
8MkAbsoyiat9Yzbc6,c486e03f05639982b2f3e5d9f417465fe080bbc304f7456ad8c552774edec4ee,4,0.75,3,1538862443808,Sports,0.125,0.605
mBpLXrmnMyDa6sh88,c486e03f05639982b2f3e5d9f417465fe080bbc304f7456ad8c552774edec4ee,5,0.84,3,1538862443808,Sports,1.4111999999999998,0.465
iGCgz7PBFs2fvtANQ,c486e03f05639982b2f3e5d9f417465fe080bbc304f7456ad8c552774edec4ee,6,0.81,3,1538862443808,Sports,1.3122000000000003,0.515
WSuFtiEm7v646jXGS,c486e03f05639982b2f3e5d9f417465fe080bbc304f7456ad8c552774edec4ee,7,0.49,3,1538862447139,Politics,0.48019999999999996,0.68
WXFMPMY8TwxFqSezk,c486e03f05639982b2f3e5d9f417465fe080bbc304f7456ad8c552774edec4ee,8,0.42,3,1538862447140,Politics,0.6728000000000002,0.61
MD2hbSWShkibTjmxy,c486e03f05639982b2f3e5d9f417465fe080bbc304f7456ad8c552774edec4ee,9,0.78,3,1538862447140,Politics,1.2168,0.5
hMAbZxtGqvhRFcEcX,c486e03f05639982b2f3e5d9f417465fe080bbc304f7456ad8c552774edec4ee,10,0.32,3,1538862447140,Politics,0.2048,0.575
hDzjNyifkonj54Qwq,c486e03f05639982b2f3e5d9f417465fe080bbc304f7456ad8c552774edec4ee,11,0.18,3,1538862447140,Politics,0.0648,0.45
zoa5GNbbZKuaFzKty,c486e03f05639982b2f3e5d9f417465fe080bbc304f7456ad8c552774edec4ee,12,0.25,3,1538862447141,Politics,0.125,0.435
D3AbDoBgT4EAnsvpW,c486e03f05639982b2f3e5d9f417465fe080bbc304f7456ad8c552774edec4ee,13,0.59,3,1538862448802,Entertainment,0.6961999999999999,0.59
dKZnS3WGe4dzg8Gix,c486e03f05639982b2f3e5d9f417465fe080bbc304f7456ad8c552774edec4ee,14,0.36,3,1538862448802,Entertainment,0.8192,0.675
xAyvAquyEzHNQSj2Z,c486e03f05639982b2f3e5d9f417465fe080bbc304f7456ad8c552774edec4ee,15,0.76,3,1538862448802,Entertainment,1.1552,0.545
Kj5oYwqkQdKDGFC76,c486e03f05639982b2f3e5d9f417465fe080bbc304f7456ad8c552774edec4ee,16,0.55,3,1538862448802,Entertainment,0.4049999999999999,0.58
t2bcLi6y3dbKjgc2P,c486e03f05639982b2f3e5d9f417465fe080bbc304f7456ad8c552774edec4ee,17,0.74,3,1538862448802,Entertainment,1.0952,0.485
JqMNs8fB3A5nPSrSM,c486e03f05639982b2f3e5d9f417465fe080bbc304f7456ad8c552774edec4ee,18,0.6,3,1538862448802,Entertainment,0.72,0.485
SR2zMnhu5M9wHCmXZ,0b5ad237c903d27b7584ded59cf7752326d50b229bed52b5ec1b7b8fc917ce03,1,0.5,3,1538863756815,Sports,0.5,0.56
RnSXvQCHRMHTwA85u,0b5ad237c903d27b7584ded59cf7752326d50b229bed52b5ec1b7b8fc917ce03,2,0.6,3,1538863756815,Sports,0.72,0.555
ZEmnSrzfZYyJRGL4a,0b5ad237c903d27b7584ded59cf7752326d50b229bed52b5ec1b7b8fc917ce03,3,0.3,3,1538863756816,Sports,0.18,0.565
9ExJbjGajbREEDkxp,0b5ad237c903d27b7584ded59cf7752326d50b229bed52b5ec1b7b8fc917ce03,4,0.7,3,1538863756816,Sports,0.18000000000000005,0.59
Ek88qhQEZuEggS4Kg,0b5ad237c903d27b7584ded59cf7752326d50b229bed52b5ec1b7b8fc917ce03,5,0.8,3,1538863756816,Sports,1.2800000000000002,0.55
uYMRgGCx7mQjYm79t,0b5ad237c903d27b7584ded59cf7752326d50b229bed52b5ec1b7b8fc917ce03,6,0.45,3,1538863756817,Sports,0.405,0.6
gevqBxxtjZKkp9zxg,0b5ad237c903d27b7584ded59cf7752326d50b229bed52b5ec1b7b8fc917ce03,7,0.85,3,1538863881822,Politics,1.4449999999999998,0.59
9mASdoYWEi5TPKdwi,0b5ad237c903d27b7584ded59cf7752326d50b229bed52b5ec1b7b8fc917ce03,8,0.7,3,1538863881822,Politics,0.18000000000000005,0.615
5cj2YTTPiTM8cFzjn,0b5ad237c903d27b7584ded59cf7752326d50b229bed52b5ec1b7b8fc917ce03,9,0.35,3,1538863881823,Politics,0.24499999999999997,0.56
sXWaikjq6XSHMn9Nv,0b5ad237c903d27b7584ded59cf7752326d50b229bed52b5ec1b7b8fc917ce03,10,0.05,3,1538863881823,Politics,0.005000000000000001,0.36
tBpSziyGZwoMk5Nxa,0b5ad237c903d27b7584ded59cf7752326d50b229bed52b5ec1b7b8fc917ce03,11,0.08,3,1538863881825,Politics,0.0128,0.335
QK2nzYoDLL4fGRNsn,0b5ad237c903d27b7584ded59cf7752326d50b229bed52b5ec1b7b8fc917ce03,12,0.3,3,1538863881825,Politics,0.18,0.51
LLLjXm4ZhDx5FsFZy,0b5ad237c903d27b7584ded59cf7752326d50b229bed52b5ec1b7b8fc917ce03,13,0.4,3,1538864024902,Entertainment,0.32000000000000006,0.57
LS2XwRG86norcF9wS,0b5ad237c903d27b7584ded59cf7752326d50b229bed52b5ec1b7b8fc917ce03,14,0.83,3,1538864024902,Entertainment,0.057800000000000025,0.585
EowvgEaEPCdfytv26,0b5ad237c903d27b7584ded59cf7752326d50b229bed52b5ec1b7b8fc917ce03,15,0.45,3,1538864024902,Entertainment,0.405,0.58
8BgzLkm4rPs3fC2cx,0b5ad237c903d27b7584ded59cf7752326d50b229bed52b5ec1b7b8fc917ce03,16,0.5,3,1538864024903,Entertainment,0.5,0.635
d7Tx9nvbYmkpxjWY7,0b5ad237c903d27b7584ded59cf7752326d50b229bed52b5ec1b7b8fc917ce03,17,0.4,3,1538864024903,Entertainment,0.32000000000000006,0.59
qFrBPL2M47sQGA8Kv,0b5ad237c903d27b7584ded59cf7752326d50b229bed52b5ec1b7b8fc917ce03,18,0.25,3,1538864024903,Entertainment,0.125,0.465
RxahSQk8fhbtqQjpa,fb299952e2b3d546c295cfeabbea8d64e308d92873700496a2b66b4cc324b5b6,1,0.6,3,1538864733790,Sports,0.32000000000000006,0.635
iLRMAenBKMj7mKPDM,fb299952e2b3d546c295cfeabbea8d64e308d92873700496a2b66b4cc324b5b6,2,0.8,3,1538864733790,Sports,1.2800000000000002,0.69
ZYq3iPZ5gQ537KsYF,fb299952e2b3d546c295cfeabbea8d64e308d92873700496a2b66b4cc324b5b6,3,0,3,1538864733791,Sports,0,0.375
SqkWL5va97NxLeNCt,fb299952e2b3d546c295cfeabbea8d64e308d92873700496a2b66b4cc324b5b6,4,0.62,3,1538864733792,Sports,0.2888,0.72
wYLoDMkf4W5SMhn2d,fb299952e2b3d546c295cfeabbea8d64e308d92873700496a2b66b4cc324b5b6,5,0.56,3,1538864733792,Sports,0.6272000000000001,0.615
o2mA7RwadqXcnNF6E,fb299952e2b3d546c295cfeabbea8d64e308d92873700496a2b66b4cc324b5b6,6,0.63,3,1538864733792,Sports,0.7938000000000001,0.65
xPeZNw5mFrNhEQB7A,fb299952e2b3d546c295cfeabbea8d64e308d92873700496a2b66b4cc324b5b6,7,1,3,1538864735852,Politics,2,0.665
RPwPbg43Y8vEGNj4C,fb299952e2b3d546c295cfeabbea8d64e308d92873700496a2b66b4cc324b5b6,8,0.19,3,1538864735853,Politics,1.3122000000000003,0.37
F8FQS675iXLECr8Pf,fb299952e2b3d546c295cfeabbea8d64e308d92873700496a2b66b4cc324b5b6,9,0.2,3,1538864735853,Politics,0.08000000000000002,0.525
Hfi5xPRfhCfcKvQti,fb299952e2b3d546c295cfeabbea8d64e308d92873700496a2b66b4cc324b5b6,10,0,3,1538864735853,Politics,0,0.41
Ggu7CMi2znsn6sQ3H,fb299952e2b3d546c295cfeabbea8d64e308d92873700496a2b66b4cc324b5b6,11,0,3,1538864735853,Politics,0,0.38
LNbc4ozAdQdzDyjeG,fb299952e2b3d546c295cfeabbea8d64e308d92873700496a2b66b4cc324b5b6,12,0,3,1538864735854,Politics,0,0.535
75Ai9arSXEWt3oZta,fb299952e2b3d546c295cfeabbea8d64e308d92873700496a2b66b4cc324b5b6,13,0.14,3,1538864739541,Entertainment,0.039200000000000006,0.335
CZBbZK344asCLpCPw,fb299952e2b3d546c295cfeabbea8d64e308d92873700496a2b66b4cc324b5b6,14,1,3,1538864739541,Entertainment,0,0.655
bQKtj4TJ8u2789ySp,fb299952e2b3d546c295cfeabbea8d64e308d92873700496a2b66b4cc324b5b6,15,0.49,3,1538864739542,Entertainment,0.48019999999999996,0.635
vdt4d5i9neGAtkaud,fb299952e2b3d546c295cfeabbea8d64e308d92873700496a2b66b4cc324b5b6,16,0.41,3,1538864739542,Entertainment,0.6962000000000002,0.665
8vDtfYYXgDrqrtadg,fb299952e2b3d546c295cfeabbea8d64e308d92873700496a2b66b4cc324b5b6,17,0,3,1538864739542,Entertainment,0,0.33
23R8trHjeGTcYTtJn,fb299952e2b3d546c295cfeabbea8d64e308d92873700496a2b66b4cc324b5b6,18,0.62,3,1538864739543,Entertainment,0.7688,0.515
7AGtnLuy5e8C84Tme,ced148e53528cc6daf92913f617de70b00a31fa30febaf172b370c9be6f3ae0f,1,0.6,3,1538867092703,Sports,0.32000000000000006,0.56
bLMgg46uXKJwTKdf8,ced148e53528cc6daf92913f617de70b00a31fa30febaf172b370c9be6f3ae0f,2,0.7,3,1538867092704,Sports,0.9799999999999999,0.52
a8q4GnAojGban9xXP,ced148e53528cc6daf92913f617de70b00a31fa30febaf172b370c9be6f3ae0f,3,0.4,3,1538867092705,Sports,0.32000000000000006,0.5
q8Xz5jvzpmag4G87L,ced148e53528cc6daf92913f617de70b00a31fa30febaf172b370c9be6f3ae0f,4,0.8,3,1538867092705,Sports,0.07999999999999996,0.645
FKatGSCPMu5nnMKLt,ced148e53528cc6daf92913f617de70b00a31fa30febaf172b370c9be6f3ae0f,5,0.4,3,1538867092705,Sports,0.32000000000000006,0.58
YoZveJ7KTTarj3p9N,ced148e53528cc6daf92913f617de70b00a31fa30febaf172b370c9be6f3ae0f,6,0.3,3,1538867092706,Sports,0.18,0.65
7QkdypMJGHegwqPwY,6881742878b5de9b1b9666516f0442278873be8435226ea7a22ae667fc074843,1,0.78,3,1538867217651,Sports,0.09679999999999998,0.66
KTyPFtb867RgJsb7e,6881742878b5de9b1b9666516f0442278873be8435226ea7a22ae667fc074843,2,0.3,3,1538867217654,Sports,0.18,0.745
YwkdJDW6bG2Tfvw42,6881742878b5de9b1b9666516f0442278873be8435226ea7a22ae667fc074843,3,0,3,1538867217656,Sports,0,0.39
SiuJ2pqwvvcDQdygB,6881742878b5de9b1b9666516f0442278873be8435226ea7a22ae667fc074843,4,0.53,3,1538867217659,Sports,0.44179999999999997,0.725
kYS6xJiu4GiEY333N,6881742878b5de9b1b9666516f0442278873be8435226ea7a22ae667fc074843,5,0,3,1538867217661,Sports,0,0.27
7wKavcHnNbaCzTGTn,6881742878b5de9b1b9666516f0442278873be8435226ea7a22ae667fc074843,6,1,3,1538867217665,Sports,2,0.66
Yn2hxhKqf5nNjKhuE,6881742878b5de9b1b9666516f0442278873be8435226ea7a22ae667fc074843,7,0,3,1538867240230,Politics,0,0.265
kX6wfYJYBAaLY7qdE,6881742878b5de9b1b9666516f0442278873be8435226ea7a22ae667fc074843,8,0.6,3,1538867240232,Politics,0.32000000000000006,0.605
WMMqKiXWynTPiSLNR,6881742878b5de9b1b9666516f0442278873be8435226ea7a22ae667fc074843,9,0.58,3,1538867240234,Politics,0.6728,0.65
4F8jTdnvLg3yHB5jK,6881742878b5de9b1b9666516f0442278873be8435226ea7a22ae667fc074843,10,0,3,1538867240240,Politics,0,0.495
NndYfZ9X9LYyPaLqo,6881742878b5de9b1b9666516f0442278873be8435226ea7a22ae667fc074843,11,0,3,1538867240241,Politics,0,0.45
8vCrAoZmbrvTNhybZ,6881742878b5de9b1b9666516f0442278873be8435226ea7a22ae667fc074843,12,0,3,1538867240243,Politics,0,0.48
aXKJDvfe29gHpF8Ah,6881742878b5de9b1b9666516f0442278873be8435226ea7a22ae667fc074843,13,1,3,1538867259319,Entertainment,2,0.57
eRSZHhRJRpiAbppaB,6881742878b5de9b1b9666516f0442278873be8435226ea7a22ae667fc074843,14,0.28,3,1538867259321,Entertainment,1.0368,0.46
qPtioehofqg6WvkTz,6881742878b5de9b1b9666516f0442278873be8435226ea7a22ae667fc074843,15,0,3,1538867259322,Entertainment,0,0.3
nn575kWG4e4dj9jWK,6881742878b5de9b1b9666516f0442278873be8435226ea7a22ae667fc074843,16,0.85,3,1538867259324,Entertainment,0.04500000000000001,0.56
jtTxhnPw3ibD3RKfS,6881742878b5de9b1b9666516f0442278873be8435226ea7a22ae667fc074843,17,1,3,1538867259325,Entertainment,2,0.59
v5nQbiHTH5RjfWFKj,6881742878b5de9b1b9666516f0442278873be8435226ea7a22ae667fc074843,18,0.54,3,1538867259328,Entertainment,0.5832,0.635
McA7cQMjQXdxpPxQu,ced148e53528cc6daf92913f617de70b00a31fa30febaf172b370c9be6f3ae0f,7,0.7,3,1538867262263,Politics,0.9799999999999999,0.6
okdififG9AErmob24,ced148e53528cc6daf92913f617de70b00a31fa30febaf172b370c9be6f3ae0f,8,0.6,3,1538867262264,Politics,0.32000000000000006,0.51
LvZcFrxYmxwLNBNqc,ced148e53528cc6daf92913f617de70b00a31fa30febaf172b370c9be6f3ae0f,9,0.4,3,1538867262265,Politics,0.32000000000000006,0.54
raCKRNjsh3ZAM5ZRH,ced148e53528cc6daf92913f617de70b00a31fa30febaf172b370c9be6f3ae0f,10,0.2,3,1538867262266,Politics,0.08000000000000002,0.42
bPEmMB95ekNFgnY9t,ced148e53528cc6daf92913f617de70b00a31fa30febaf172b370c9be6f3ae0f,11,0,3,1538867262267,Politics,0,0.315
MdXJcFR4ijDbyJKGa,ced148e53528cc6daf92913f617de70b00a31fa30febaf172b370c9be6f3ae0f,12,0,3,1538867262269,Politics,0,0.39
CFcrFXQ8Dhhzd9WbE,ced148e53528cc6daf92913f617de70b00a31fa30febaf172b370c9be6f3ae0f,13,0.3,3,1538867459388,Entertainment,0.18,0.625
iZ7L66kks664a3Tij,ced148e53528cc6daf92913f617de70b00a31fa30febaf172b370c9be6f3ae0f,14,0.8,3,1538867459389,Entertainment,0.07999999999999996,0.57
s3gKBofAjHyhrrJbJ,ced148e53528cc6daf92913f617de70b00a31fa30febaf172b370c9be6f3ae0f,15,0.4,3,1538867459390,Entertainment,0.32000000000000006,0.575
7RpJgXTYnJhdsx9nu,ced148e53528cc6daf92913f617de70b00a31fa30febaf172b370c9be6f3ae0f,16,0.7,3,1538867459390,Entertainment,0.18000000000000005,0.505
MSfsMMi6MhAxDRHN8,ced148e53528cc6daf92913f617de70b00a31fa30febaf172b370c9be6f3ae0f,17,0.3,3,1538867459391,Entertainment,0.18,0.59
HGGwr6TrQK8nXa4XR,ced148e53528cc6daf92913f617de70b00a31fa30febaf172b370c9be6f3ae0f,18,0.2,3,1538867459391,Entertainment,0.08000000000000002,0.47
LAy2WjWKMGMf7g6CD,f79ece01e9bf89412c9393fa5fe3fbd2219a7cc8ede28b0fb3c4db4645f5fe16,1,0.37,3,1538868037471,Sports,0.7938000000000001,0.59
MDugTZ9NYxmYx3k9s,f79ece01e9bf89412c9393fa5fe3fbd2219a7cc8ede28b0fb3c4db4645f5fe16,2,0.59,3,1538868037481,Sports,0.6961999999999999,0.57
E2z2RzzPCXKA9kiL3,f79ece01e9bf89412c9393fa5fe3fbd2219a7cc8ede28b0fb3c4db4645f5fe16,3,0.79,3,1538868037488,Sports,1.2482000000000002,0.42
EaQLZc8aL2MsQE3Tr,f79ece01e9bf89412c9393fa5fe3fbd2219a7cc8ede28b0fb3c4db4645f5fe16,4,0.79,3,1538868037493,Sports,0.08819999999999997,0.62
LecdYHPnZh9Kq7Yha,f79ece01e9bf89412c9393fa5fe3fbd2219a7cc8ede28b0fb3c4db4645f5fe16,5,0.23,3,1538868037497,Sports,0.1058,0.395
XiaG3EgJkN2oeSXxa,f79ece01e9bf89412c9393fa5fe3fbd2219a7cc8ede28b0fb3c4db4645f5fe16,6,0.49,3,1538868037500,Sports,0.48019999999999996,0.565
6h8NYKXMjfuyDKSob,f79ece01e9bf89412c9393fa5fe3fbd2219a7cc8ede28b0fb3c4db4645f5fe16,7,0.39,3,1538868046225,Politics,0.3042,0.64
KQyw7B5jzJNSNPf6r,f79ece01e9bf89412c9393fa5fe3fbd2219a7cc8ede28b0fb3c4db4645f5fe16,8,0.42,3,1538868046228,Politics,0.6728000000000002,0.55
RQSe7T738yWMKYpkh,f79ece01e9bf89412c9393fa5fe3fbd2219a7cc8ede28b0fb3c4db4645f5fe16,9,0.49,3,1538868046237,Politics,0.48019999999999996,0.535
gowMXTxQYnMzsBzFt,f79ece01e9bf89412c9393fa5fe3fbd2219a7cc8ede28b0fb3c4db4645f5fe16,10,0.24,3,1538868046243,Politics,0.1152,0.38
voNmKAga7YsGFHPjs,f79ece01e9bf89412c9393fa5fe3fbd2219a7cc8ede28b0fb3c4db4645f5fe16,11,0.11,3,1538868046245,Politics,0.0242,0.415
7ZYAtgQt82XPNoLn3,f79ece01e9bf89412c9393fa5fe3fbd2219a7cc8ede28b0fb3c4db4645f5fe16,12,0.45,3,1538868046249,Politics,0.405,0.41
v7dFd2fkM5hxRcMXX,f79ece01e9bf89412c9393fa5fe3fbd2219a7cc8ede28b0fb3c4db4645f5fe16,13,0.68,3,1538868049874,Entertainment,0.9248000000000002,0.53
AHQtspGcuMZp3NpHZ,f79ece01e9bf89412c9393fa5fe3fbd2219a7cc8ede28b0fb3c4db4645f5fe16,14,0.94,3,1538868049879,Entertainment,0.007200000000000013,0.58
8q7uTQaBzXuuurefJ,f79ece01e9bf89412c9393fa5fe3fbd2219a7cc8ede28b0fb3c4db4645f5fe16,15,0.38,3,1538868049882,Entertainment,0.2888,0.635
APhmFvc9RwXs8se2x,f79ece01e9bf89412c9393fa5fe3fbd2219a7cc8ede28b0fb3c4db4645f5fe16,16,0.31,3,1538868049886,Entertainment,0.9521999999999998,0.55
dZkjFqZfa6YnHaq3B,f79ece01e9bf89412c9393fa5fe3fbd2219a7cc8ede28b0fb3c4db4645f5fe16,17,0.61,3,1538868049890,Entertainment,0.7442,0.47
AxHrzguMu2hRkPrkn,f79ece01e9bf89412c9393fa5fe3fbd2219a7cc8ede28b0fb3c4db4645f5fe16,18,0.39,3,1538868049893,Entertainment,0.3042,0.59
8vZ8YJwKCRgNgWqE5,5903a64827a021aedc3b2b5f8a98c62eb70a06c445294c47f8e41caaaff115b3,1,0.91,3,1538868155956,Sports,0.01619999999999999,0.54
Qrk2nyBeA4dGHA76n,5903a64827a021aedc3b2b5f8a98c62eb70a06c445294c47f8e41caaaff115b3,2,1,3,1538868155959,Sports,2,0.565
px6JhQgGnb7r8JxFL,5903a64827a021aedc3b2b5f8a98c62eb70a06c445294c47f8e41caaaff115b3,3,0.91,3,1538868155960,Sports,1.6562000000000001,0.425
p5X6wPBEBWJByScFx,5903a64827a021aedc3b2b5f8a98c62eb70a06c445294c47f8e41caaaff115b3,4,0.86,3,1538868155960,Sports,0.039200000000000006,0.64
ZLJf3Wju4NuaRuPDK,5903a64827a021aedc3b2b5f8a98c62eb70a06c445294c47f8e41caaaff115b3,5,0.11,3,1538868155962,Sports,0.0242,0.405
N79DREqTkx3JxJD4Q,5903a64827a021aedc3b2b5f8a98c62eb70a06c445294c47f8e41caaaff115b3,6,0.35,3,1538868155962,Sports,0.24499999999999997,0.635
4kv2SamMLvAqHR4fC,5903a64827a021aedc3b2b5f8a98c62eb70a06c445294c47f8e41caaaff115b3,7,1,3,1538868198696,Politics,2,0.63
4YBWPD5TEsaneqz76,5903a64827a021aedc3b2b5f8a98c62eb70a06c445294c47f8e41caaaff115b3,8,0.78,3,1538868198697,Politics,0.09679999999999998,0.615
DBCBPfvRTY8ZChARg,5903a64827a021aedc3b2b5f8a98c62eb70a06c445294c47f8e41caaaff115b3,9,0.28,3,1538868198697,Politics,0.15680000000000002,0.455
K8B5zpQBvNbDshFZN,5903a64827a021aedc3b2b5f8a98c62eb70a06c445294c47f8e41caaaff115b3,10,0.96,3,1538868198697,Politics,1.8432,0.41
r9wHzuhPm6APdAdmA,5903a64827a021aedc3b2b5f8a98c62eb70a06c445294c47f8e41caaaff115b3,11,0.09,3,1538868198698,Politics,0.0162,0.325
Pn48LbeCs3Zx6DceP,5903a64827a021aedc3b2b5f8a98c62eb70a06c445294c47f8e41caaaff115b3,12,0.22,3,1538868198698,Politics,0.0968,0.44
4mc5acM4DH6DLPZGQ,5903a64827a021aedc3b2b5f8a98c62eb70a06c445294c47f8e41caaaff115b3,13,0.99,3,1538868255943,Entertainment,1.9602,0.53
acm2MqmW8A9ydL54n,5903a64827a021aedc3b2b5f8a98c62eb70a06c445294c47f8e41caaaff115b3,14,1,3,1538868255945,Entertainment,0,0.6
xagfzYLdT3DLkpDAD,5903a64827a021aedc3b2b5f8a98c62eb70a06c445294c47f8e41caaaff115b3,15,0.38,3,1538868255946,Entertainment,0.2888,0.61
2odrugxSj3kqCB2oj,5903a64827a021aedc3b2b5f8a98c62eb70a06c445294c47f8e41caaaff115b3,16,0.74,3,1538868255946,Entertainment,0.13520000000000001,0.57
XhabnJrerhfPJgiF8,5903a64827a021aedc3b2b5f8a98c62eb70a06c445294c47f8e41caaaff115b3,17,0.91,3,1538868255947,Entertainment,1.6562000000000001,0.54
SDHNwAXyzoLfwpNQX,5903a64827a021aedc3b2b5f8a98c62eb70a06c445294c47f8e41caaaff115b3,18,0.2,3,1538868255948,Entertainment,0.08000000000000002,0.46
WhXsmcCnKx37jKLQc,b0418f93bb788cd4e4e218691dfe3a3275d539d0a9270dde962125387a75ddb2,1,0.63,3,1538869799670,Sports,0.2738,0.56
4TWn2ehSaWGxWQEnm,b0418f93bb788cd4e4e218691dfe3a3275d539d0a9270dde962125387a75ddb2,2,0.77,3,1538869799672,Sports,1.1858,0.55
LsKkqyBbEYGAtqzkt,b0418f93bb788cd4e4e218691dfe3a3275d539d0a9270dde962125387a75ddb2,3,0.53,3,1538869799673,Sports,0.5618000000000001,0.46
iJiLkGbK27Fq5gP7t,b0418f93bb788cd4e4e218691dfe3a3275d539d0a9270dde962125387a75ddb2,4,0.58,3,1538869799674,Sports,0.35280000000000006,0.615
JwP8Jm2P424crMjbE,b0418f93bb788cd4e4e218691dfe3a3275d539d0a9270dde962125387a75ddb2,5,0.71,3,1538869799675,Sports,1.0082,0.465
Jz4JSkJY96npZHpDL,b0418f93bb788cd4e4e218691dfe3a3275d539d0a9270dde962125387a75ddb2,6,0.82,3,1538869799676,Sports,1.3447999999999998,0.565
YtYTMKXexbZPMwc2i,b0418f93bb788cd4e4e218691dfe3a3275d539d0a9270dde962125387a75ddb2,7,0.61,3,1538869832595,Politics,0.7442,0.565
NtS5KdrH4oACHHa3X,b0418f93bb788cd4e4e218691dfe3a3275d539d0a9270dde962125387a75ddb2,8,0.69,3,1538869832596,Politics,0.19220000000000007,0.6
9rjPrk2oSvMzXzuLK,b0418f93bb788cd4e4e218691dfe3a3275d539d0a9270dde962125387a75ddb2,9,0.88,3,1538869832596,Politics,1.5488,0.47
vHZkdHF8mf5At9zJc,b0418f93bb788cd4e4e218691dfe3a3275d539d0a9270dde962125387a75ddb2,10,0.73,3,1538869832597,Politics,1.0657999999999999,0.32
4iFDMQyaZtPJ2qCq5,b0418f93bb788cd4e4e218691dfe3a3275d539d0a9270dde962125387a75ddb2,11,0.51,3,1538869832598,Politics,0.5202,0.47
T5Axvkv3ukjgkArYZ,b0418f93bb788cd4e4e218691dfe3a3275d539d0a9270dde962125387a75ddb2,12,0.25,3,1538869832599,Politics,0.125,0.42
22P7GjPYzKpGWY7tw,b0418f93bb788cd4e4e218691dfe3a3275d539d0a9270dde962125387a75ddb2,13,0.66,3,1538869864750,Entertainment,0.8712000000000001,0.495
PzwHr6oRYecKqSpq3,b0418f93bb788cd4e4e218691dfe3a3275d539d0a9270dde962125387a75ddb2,14,0.46,3,1538869864752,Entertainment,0.5832,0.58
pjS6r8YQo2gjRFPu6,b0418f93bb788cd4e4e218691dfe3a3275d539d0a9270dde962125387a75ddb2,15,0.58,3,1538869864752,Entertainment,0.6728,0.6
Q4MXKpggTjsyEfJw9,b0418f93bb788cd4e4e218691dfe3a3275d539d0a9270dde962125387a75ddb2,16,0.71,3,1538869864753,Entertainment,0.16820000000000004,0.495
9d22tGKFkkfMPWKzg,b0418f93bb788cd4e4e218691dfe3a3275d539d0a9270dde962125387a75ddb2,17,0.53,3,1538869864754,Entertainment,0.5618000000000001,0.525
RkHEsqo7cu3BjvuXf,b0418f93bb788cd4e4e218691dfe3a3275d539d0a9270dde962125387a75ddb2,18,0.64,3,1538869864755,Entertainment,0.8192,0.44
jR52uNYh3xn4FnfgE,887be9e938c1d629246ff6d87e6056c64258767c9b02a78579388ae5ab70c022,1,0.15,3,1538872726390,Sports,1.4449999999999998,0.365
y2Bq8FBnFWkHRdiHi,887be9e938c1d629246ff6d87e6056c64258767c9b02a78579388ae5ab70c022,2,0.64,3,1538872726391,Sports,0.8192,0.695
e45ujrgitMthgLvm9,887be9e938c1d629246ff6d87e6056c64258767c9b02a78579388ae5ab70c022,3,0.16,3,1538872726392,Sports,0.0512,0.525
4hj3Zfki9wGK52BqY,887be9e938c1d629246ff6d87e6056c64258767c9b02a78579388ae5ab70c022,4,0.16,3,1538872726392,Sports,1.4111999999999998,0.37
vXXQDdwavp4X5wqv6,887be9e938c1d629246ff6d87e6056c64258767c9b02a78579388ae5ab70c022,5,0.16,3,1538872726392,Sports,0.0512,0.555
FuKjjnJHKzp3xH6xa,887be9e938c1d629246ff6d87e6056c64258767c9b02a78579388ae5ab70c022,6,0.16,3,1538872726392,Sports,0.0512,0.455
92KWaqzAino84ThoQ,887be9e938c1d629246ff6d87e6056c64258767c9b02a78579388ae5ab70c022,7,0.38,3,1538872772076,Politics,0.2888,0.765
k5ndEQD7ZbFyZnC5i,887be9e938c1d629246ff6d87e6056c64258767c9b02a78579388ae5ab70c022,8,0.87,3,1538872772077,Politics,0.033800000000000004,0.63
chxTny48Cq4eKSBRS,887be9e938c1d629246ff6d87e6056c64258767c9b02a78579388ae5ab70c022,9,0.3,3,1538872772078,Politics,0.18,0.715
kjq2CF5vyebiF82KR,887be9e938c1d629246ff6d87e6056c64258767c9b02a78579388ae5ab70c022,10,0,3,1538872772078,Politics,0,0.495
CghiLHnqWp7FAkhnA,887be9e938c1d629246ff6d87e6056c64258767c9b02a78579388ae5ab70c022,11,0,3,1538872772078,Politics,0,0.48
inAFjMRxGzZ9C3rT7,887be9e938c1d629246ff6d87e6056c64258767c9b02a78579388ae5ab70c022,12,0,3,1538872772079,Politics,0,0.485
vtX8cCJqdQYKYJTJv,887be9e938c1d629246ff6d87e6056c64258767c9b02a78579388ae5ab70c022,13,0.13,3,1538872815310,Entertainment,0.033800000000000004,0.41
rdhsHj75M2hnEs6Em,887be9e938c1d629246ff6d87e6056c64258767c9b02a78579388ae5ab70c022,14,0.87,3,1538872815312,Entertainment,0.033800000000000004,0.675
kbp9DJBBdDEFMmZKx,887be9e938c1d629246ff6d87e6056c64258767c9b02a78579388ae5ab70c022,15,0.05,3,1538872815312,Entertainment,0.005000000000000001,0.33
3JF9rcFnMPTmZdv5b,887be9e938c1d629246ff6d87e6056c64258767c9b02a78579388ae5ab70c022,16,0.87,3,1538872815312,Entertainment,0.033800000000000004,0.615
fjW3va37gPKc5TsS4,887be9e938c1d629246ff6d87e6056c64258767c9b02a78579388ae5ab70c022,17,0.07,3,1538872815313,Entertainment,0.009800000000000001,0.375
fNjgLMY9miTZiKvGG,887be9e938c1d629246ff6d87e6056c64258767c9b02a78579388ae5ab70c022,18,0,3,1538872815314,Entertainment,0,0.35
hb77DkAoC2XSFagzG,1ecaf04fd6265fc867a305a82053072a0971756d737ea97c0bf7a06c6bca6531,1,0.004,3,1538873713932,Sports,1.984032,0.455
8kSgcuqXh9TcFLY3E,1ecaf04fd6265fc867a305a82053072a0971756d737ea97c0bf7a06c6bca6531,2,0,3,1538873713932,Sports,0,0.46
8RPYtxeaCcTSCLjHK,1ecaf04fd6265fc867a305a82053072a0971756d737ea97c0bf7a06c6bca6531,3,0.006,3,1538873713933,Sports,7.2e-5,0.545
emg646WpKhBKYNBpA,1ecaf04fd6265fc867a305a82053072a0971756d737ea97c0bf7a06c6bca6531,4,0.005,3,1538873713933,Sports,1.98005,0.395
M3bsTXRKXDnJTSD9W,1ecaf04fd6265fc867a305a82053072a0971756d737ea97c0bf7a06c6bca6531,5,0,3,1538873713933,Sports,0,0.555
SEWWmQiBxKX4ZkSkj,1ecaf04fd6265fc867a305a82053072a0971756d737ea97c0bf7a06c6bca6531,6,0.5,3,1538873713934,Sports,0.5,0.83
nNp53mRpCJYfYrFA3,1ecaf04fd6265fc867a305a82053072a0971756d737ea97c0bf7a06c6bca6531,7,0,3,1538873718267,Politics,0,0.395
yHjyRS2BQ3kAWXR4f,1ecaf04fd6265fc867a305a82053072a0971756d737ea97c0bf7a06c6bca6531,8,0.005,3,1538873718267,Politics,1.98005,0.4
mDSv5v9qQEYdqDnP4,1ecaf04fd6265fc867a305a82053072a0971756d737ea97c0bf7a06c6bca6531,9,0,3,1538873718268,Politics,0,0.45
uBb3kk6rmDqqrwJve,1ecaf04fd6265fc867a305a82053072a0971756d737ea97c0bf7a06c6bca6531,10,0,3,1538873718268,Politics,0,0.535
aJFQtjmaBpLAdJWqC,1ecaf04fd6265fc867a305a82053072a0971756d737ea97c0bf7a06c6bca6531,11,0,3,1538873718268,Politics,0,0.565
2Mkv2D6P7S3rRzJfn,1ecaf04fd6265fc867a305a82053072a0971756d737ea97c0bf7a06c6bca6531,12,0.003,3,1538873718268,Politics,1.8e-5,0.61
oCZxdkok7LrqtqbWD,1ecaf04fd6265fc867a305a82053072a0971756d737ea97c0bf7a06c6bca6531,13,0,3,1538873723419,Entertainment,0,0.49
dT7TWAQta64boDkPf,1ecaf04fd6265fc867a305a82053072a0971756d737ea97c0bf7a06c6bca6531,14,0.01,3,1538873723419,Entertainment,1.9602,0.465
fXXJ6euQsrcLGQKJ9,1ecaf04fd6265fc867a305a82053072a0971756d737ea97c0bf7a06c6bca6531,15,0.005,3,1538873723419,Entertainment,5e-5,0.445
gr4uv4qDAohAxupWz,1ecaf04fd6265fc867a305a82053072a0971756d737ea97c0bf7a06c6bca6531,16,0,3,1538873723420,Entertainment,2,0.445
da3BmrFTeC3rDu4vt,1ecaf04fd6265fc867a305a82053072a0971756d737ea97c0bf7a06c6bca6531,17,0,3,1538873723421,Entertainment,0,0.475
A3GpEfyBKxHqDmYcz,1ecaf04fd6265fc867a305a82053072a0971756d737ea97c0bf7a06c6bca6531,18,0,3,1538873723421,Entertainment,0,0.465
ti5cQBPxjZjfiZfiC,f44e49f012b6982bdc53e217b311aaf97d777f16d8c3c8a32388bb29c68a90ad,1,0.5,3,1538873801779,Sports,0.5,0.62
4e6GXEJr5jZvnytRR,f44e49f012b6982bdc53e217b311aaf97d777f16d8c3c8a32388bb29c68a90ad,2,0.25,3,1538873801780,Sports,0.125,0.355
Bva6hhDzrmWxv2d7c,f44e49f012b6982bdc53e217b311aaf97d777f16d8c3c8a32388bb29c68a90ad,3,0.1,3,1538873801782,Sports,0.020000000000000004,0.445
2gKpKFzgv8STwCjdf,f44e49f012b6982bdc53e217b311aaf97d777f16d8c3c8a32388bb29c68a90ad,4,0.7,3,1538873801783,Sports,0.18000000000000005,0.645
cJthZSxiiskeMFAtb,f44e49f012b6982bdc53e217b311aaf97d777f16d8c3c8a32388bb29c68a90ad,5,0.3,3,1538873801785,Sports,0.18,0.615
cZhiFKaekr3BWKCPf,f44e49f012b6982bdc53e217b311aaf97d777f16d8c3c8a32388bb29c68a90ad,6,0.7,3,1538873801786,Sports,0.9799999999999999,0.595
9KXupSwavJQb7nyM6,f44e49f012b6982bdc53e217b311aaf97d777f16d8c3c8a32388bb29c68a90ad,7,0.7,3,1538873846918,Politics,0.9799999999999999,0.655
whPWMcdG26mkvLr2y,f44e49f012b6982bdc53e217b311aaf97d777f16d8c3c8a32388bb29c68a90ad,8,0.7,3,1538873846920,Politics,0.18000000000000005,0.585
N2s9reZ59gSgczEDH,f44e49f012b6982bdc53e217b311aaf97d777f16d8c3c8a32388bb29c68a90ad,9,0.7,3,1538873846920,Politics,0.9799999999999999,0.585
FgYQL2Ths59vDKPiB,f44e49f012b6982bdc53e217b311aaf97d777f16d8c3c8a32388bb29c68a90ad,10,0.2,3,1538873846922,Politics,0.08000000000000002,0.425
zejnJZdJcEj2mkred,f44e49f012b6982bdc53e217b311aaf97d777f16d8c3c8a32388bb29c68a90ad,11,0.21,3,1538873846923,Politics,0.08819999999999999,0.5
Joq2WCm82BuMDx4Jd,f44e49f012b6982bdc53e217b311aaf97d777f16d8c3c8a32388bb29c68a90ad,12,0.19,3,1538873846924,Politics,0.0722,0.57
J7Gy8Hm46hCjZeS9G,f44e49f012b6982bdc53e217b311aaf97d777f16d8c3c8a32388bb29c68a90ad,13,0.8,3,1538873899217,Entertainment,1.2800000000000002,0.56
NK5KhcQDECbmtF7Qu,f44e49f012b6982bdc53e217b311aaf97d777f16d8c3c8a32388bb29c68a90ad,14,0.8,3,1538873899217,Entertainment,0.07999999999999996,0.58
TXs6J6aSuAk8chujD,f44e49f012b6982bdc53e217b311aaf97d777f16d8c3c8a32388bb29c68a90ad,15,0.31,3,1538873899219,Entertainment,0.1922,0.65
uBWjojGKsexFbDQox,f44e49f012b6982bdc53e217b311aaf97d777f16d8c3c8a32388bb29c68a90ad,16,0.25,3,1538873899220,Entertainment,1.125,0.48
etzhEGoMzYpjKdMY6,f44e49f012b6982bdc53e217b311aaf97d777f16d8c3c8a32388bb29c68a90ad,17,0.6,3,1538873899220,Entertainment,0.72,0.54
JTobDgPbtYdANhQdh,f44e49f012b6982bdc53e217b311aaf97d777f16d8c3c8a32388bb29c68a90ad,18,0.1,3,1538873899222,Entertainment,0.020000000000000004,0.39
WfgxmZgmaei3Tts8z,7c8d5fcd87438199060e7347a5f5eb6985feb7483a36d165af66bf0f1c3a9864,1,0.1,3,1538875364699,Sports,1.62,0.34
9FQy6GDyTsvucXqmL,7c8d5fcd87438199060e7347a5f5eb6985feb7483a36d165af66bf0f1c3a9864,2,0.67,3,1538875364702,Sports,0.8978000000000002,0.645
Q5RmH9EAuCNgSJGEt,7c8d5fcd87438199060e7347a5f5eb6985feb7483a36d165af66bf0f1c3a9864,3,0.13,3,1538875364703,Sports,0.033800000000000004,0.515
M28kxxhXtBmbTxJpw,7c8d5fcd87438199060e7347a5f5eb6985feb7483a36d165af66bf0f1c3a9864,4,0.68,3,1538875364703,Sports,0.20479999999999993,0.685
QhMBzw8uQneAttkKY,7c8d5fcd87438199060e7347a5f5eb6985feb7483a36d165af66bf0f1c3a9864,5,0.24,3,1538875364705,Sports,0.1152,0.485
a35R23zFDhx8a3iBZ,7c8d5fcd87438199060e7347a5f5eb6985feb7483a36d165af66bf0f1c3a9864,6,0.2,3,1538875364705,Sports,0.08000000000000002,0.45
36MPKhoCAardFgjEb,7c8d5fcd87438199060e7347a5f5eb6985feb7483a36d165af66bf0f1c3a9864,7,0.37,3,1538875410956,Politics,0.2738,0.685
zGDDRe6oKWu9r3KZ7,7c8d5fcd87438199060e7347a5f5eb6985feb7483a36d165af66bf0f1c3a9864,8,0.55,3,1538875410956,Politics,0.4049999999999999,0.69
H336potwg2cu5siuW,7c8d5fcd87438199060e7347a5f5eb6985feb7483a36d165af66bf0f1c3a9864,9,0.35,3,1538875410957,Politics,0.24499999999999997,0.7
AdGvfx5aKpaKdeSMW,7c8d5fcd87438199060e7347a5f5eb6985feb7483a36d165af66bf0f1c3a9864,10,0.03,3,1538875410958,Politics,0.0018,0.455
YK6Wa3YQ5ZXgYavCh,7c8d5fcd87438199060e7347a5f5eb6985feb7483a36d165af66bf0f1c3a9864,11,0.17,3,1538875410959,Politics,0.05780000000000001,0.545
nCpmTpdQXkYbfFpp8,7c8d5fcd87438199060e7347a5f5eb6985feb7483a36d165af66bf0f1c3a9864,12,0.04,3,1538875410959,Politics,0.0032,0.42
HSXayKYPyn7bkxEMX,7c8d5fcd87438199060e7347a5f5eb6985feb7483a36d165af66bf0f1c3a9864,13,0.57,3,1538875458490,Entertainment,0.6497999999999999,0.655
pPDiY5NHjfBmeAwxG,7c8d5fcd87438199060e7347a5f5eb6985feb7483a36d165af66bf0f1c3a9864,14,0.36,3,1538875458494,Entertainment,0.8192,0.705
BhQvcScBape4RGuq7,7c8d5fcd87438199060e7347a5f5eb6985feb7483a36d165af66bf0f1c3a9864,15,0.18,3,1538875458495,Entertainment,0.0648,0.395
bNiBKhspacWTNB7uX,7c8d5fcd87438199060e7347a5f5eb6985feb7483a36d165af66bf0f1c3a9864,16,0.36,3,1538875458496,Entertainment,0.8192,0.67
BztKmJGGziqEAewsi,7c8d5fcd87438199060e7347a5f5eb6985feb7483a36d165af66bf0f1c3a9864,17,0.27,3,1538875458498,Entertainment,0.1458,0.47
gfqmRvwDBsHPQ4LKa,7c8d5fcd87438199060e7347a5f5eb6985feb7483a36d165af66bf0f1c3a9864,18,0.38,3,1538875458500,Entertainment,0.2888,0.645
voZrfTYPXWniFdpgQ,b981a0c25e3370148df0f913cc09f094d976e6b3206e2bd7c0c731229e84a4bb,1,0.75,3,1538876972128,Sports,0.125,0.625
77n27x8fCvsn7NjjN,b981a0c25e3370148df0f913cc09f094d976e6b3206e2bd7c0c731229e84a4bb,2,0.85,3,1538876972129,Sports,1.4449999999999998,0.615
G9FFBbJ6Y7FEhe7Ge,b981a0c25e3370148df0f913cc09f094d976e6b3206e2bd7c0c731229e84a4bb,3,0.33,3,1538876972130,Sports,0.21780000000000002,0.605
xNfsWSg48ZoAb4Tya,b981a0c25e3370148df0f913cc09f094d976e6b3206e2bd7c0c731229e84a4bb,4,0.75,3,1538876972131,Sports,0.125,0.605
ogBwFQTRiucxQXCSP,b981a0c25e3370148df0f913cc09f094d976e6b3206e2bd7c0c731229e84a4bb,5,0.17,3,1538876972131,Sports,0.05780000000000001,0.35
M84LmzyzrTbGxhNjW,b981a0c25e3370148df0f913cc09f094d976e6b3206e2bd7c0c731229e84a4bb,6,0.75,3,1538876972132,Sports,1.125,0.6
iiCELFHJmdJr7P6zo,b981a0c25e3370148df0f913cc09f094d976e6b3206e2bd7c0c731229e84a4bb,7,0.69,3,1538877004822,Politics,0.9521999999999998,0.605
nMfiE59ZYZGb428YB,b981a0c25e3370148df0f913cc09f094d976e6b3206e2bd7c0c731229e84a4bb,8,0.16,3,1538877004822,Politics,1.4111999999999998,0.375
hrvngFcHfuame2gbR,b981a0c25e3370148df0f913cc09f094d976e6b3206e2bd7c0c731229e84a4bb,9,0.64,3,1538877004823,Politics,0.8192,0.515
TDnXY9gswyYk4E8th,b981a0c25e3370148df0f913cc09f094d976e6b3206e2bd7c0c731229e84a4bb,10,0.17,3,1538877004825,Politics,0.05780000000000001,0.525
ZGxBYi5ixoAeMxTHt,b981a0c25e3370148df0f913cc09f094d976e6b3206e2bd7c0c731229e84a4bb,11,0.62,3,1538877004825,Politics,0.7688,0.435
noPMQ2qFwZN9MziYK,b981a0c25e3370148df0f913cc09f094d976e6b3206e2bd7c0c731229e84a4bb,12,0.06,3,1538877004826,Politics,0.0072,0.44
cRvB9yBP8WdT7jGZe,b981a0c25e3370148df0f913cc09f094d976e6b3206e2bd7c0c731229e84a4bb,13,0.95,3,1538877031278,Entertainment,1.805,0.555
PpBWG7nBfWHwkei9g,b981a0c25e3370148df0f913cc09f094d976e6b3206e2bd7c0c731229e84a4bb,14,0.72,3,1538877031279,Entertainment,0.15680000000000002,0.6
NYgM8JateswM5JJ7D,b981a0c25e3370148df0f913cc09f094d976e6b3206e2bd7c0c731229e84a4bb,15,0.3,3,1538877031279,Entertainment,0.18,0.61
7XAR9XtsWMdiQcvee,b981a0c25e3370148df0f913cc09f094d976e6b3206e2bd7c0c731229e84a4bb,16,0.72,3,1538877031280,Entertainment,0.15680000000000002,0.535
womfWMMMDJE8efoqQ,b981a0c25e3370148df0f913cc09f094d976e6b3206e2bd7c0c731229e84a4bb,17,0.69,3,1538877031280,Entertainment,0.9521999999999998,0.51
2gwh7Ex9FG9y9ENwa,b981a0c25e3370148df0f913cc09f094d976e6b3206e2bd7c0c731229e84a4bb,18,0.18,3,1538877031282,Entertainment,0.0648,0.385
mC8qQWJ4t8JHAyMnj,b2dff8abd6e3479f00b3bcf588b1f7a7acf5b5a42970fa369179daf5494da7fd,1,0.15,3,1538877562584,Sports,1.4449999999999998,0.31
h4fPgLfbEZ8xi2saa,b2dff8abd6e3479f00b3bcf588b1f7a7acf5b5a42970fa369179daf5494da7fd,2,0.5,3,1538877562590,Sports,0.5,0.65
JBwSpGkFFcG7NJgpM,b2dff8abd6e3479f00b3bcf588b1f7a7acf5b5a42970fa369179daf5494da7fd,3,0,3,1538877562591,Sports,0,0.345
d9TERwctqSWKBfTCi,b2dff8abd6e3479f00b3bcf588b1f7a7acf5b5a42970fa369179daf5494da7fd,4,0.5,3,1538877562592,Sports,0.5,0.67
apqd899FgLGh6AJFt,b2dff8abd6e3479f00b3bcf588b1f7a7acf5b5a42970fa369179daf5494da7fd,5,0.5,3,1538877562593,Sports,0.5,0.53
7D695kaKJdRLT6CzH,b2dff8abd6e3479f00b3bcf588b1f7a7acf5b5a42970fa369179daf5494da7fd,6,0.5,3,1538877562594,Sports,0.5,0.64
g2fCnufLoebkCYSqi,b2dff8abd6e3479f00b3bcf588b1f7a7acf5b5a42970fa369179daf5494da7fd,7,0.85,3,1538877581572,Politics,1.4449999999999998,0.615
bdicub7psiWLdawzb,b2dff8abd6e3479f00b3bcf588b1f7a7acf5b5a42970fa369179daf5494da7fd,8,0.6,3,1538877581574,Politics,0.32000000000000006,0.62
RmWNv3hYo7y7SoJSP,b2dff8abd6e3479f00b3bcf588b1f7a7acf5b5a42970fa369179daf5494da7fd,9,0,3,1538877581577,Politics,0,0.23
gkyfXkm6fGrifebin,b2dff8abd6e3479f00b3bcf588b1f7a7acf5b5a42970fa369179daf5494da7fd,10,0.48,3,1538877581583,Politics,0.4608,0.515
M6u824QHjmAyTjJKa,b2dff8abd6e3479f00b3bcf588b1f7a7acf5b5a42970fa369179daf5494da7fd,11,0.15,3,1538877581584,Politics,0.045,0.49
vaPodzpxDPazFiwnm,b2dff8abd6e3479f00b3bcf588b1f7a7acf5b5a42970fa369179daf5494da7fd,12,0.5,3,1538877581585,Politics,0.5,0.45
exCjdq2dGAioFCqG2,b2dff8abd6e3479f00b3bcf588b1f7a7acf5b5a42970fa369179daf5494da7fd,13,0.05,3,1538877615400,Entertainment,0.005000000000000001,0.245
mjXndQF5FDZJ2KLRF,b2dff8abd6e3479f00b3bcf588b1f7a7acf5b5a42970fa369179daf5494da7fd,14,0.82,3,1538877615403,Entertainment,0.06480000000000004,0.61
ML348g9E4QrA7ii6g,b2dff8abd6e3479f00b3bcf588b1f7a7acf5b5a42970fa369179daf5494da7fd,15,0.5,3,1538877615405,Entertainment,0.5,0.61
j3LWrvoqcBdn5ikzA,b2dff8abd6e3479f00b3bcf588b1f7a7acf5b5a42970fa369179daf5494da7fd,16,0.5,3,1538877615406,Entertainment,0.5,0.645
MaudRMh24ro6i4mMW,b2dff8abd6e3479f00b3bcf588b1f7a7acf5b5a42970fa369179daf5494da7fd,17,0.54,3,1538877615410,Entertainment,0.5832,0.585
kRXhZzkkgAeKSK6CG,b2dff8abd6e3479f00b3bcf588b1f7a7acf5b5a42970fa369179daf5494da7fd,18,0.58,3,1538877615412,Entertainment,0.6728,0.63
v24orme4E4bQzKRhB,f9d083af59716f9acd82fa2bb889be2d56b04d0d5bb8930bb888376300ae9117,1,0,3,1538889223805,Sports,2,0.185
QQXMdX3piJiQm7JN2,f9d083af59716f9acd82fa2bb889be2d56b04d0d5bb8930bb888376300ae9117,2,0.22,3,1538889223809,Sports,0.0968,0.395
Cm54kBsMAfocpJKBu,f9d083af59716f9acd82fa2bb889be2d56b04d0d5bb8930bb888376300ae9117,3,0.02,3,1538889223812,Sports,8e-4,0.305
WnrhwYBny8sxe8jYH,f9d083af59716f9acd82fa2bb889be2d56b04d0d5bb8930bb888376300ae9117,4,0.81,3,1538889223813,Sports,0.07219999999999996,0.64
EHt6PMWZ7yk25reZd,f9d083af59716f9acd82fa2bb889be2d56b04d0d5bb8930bb888376300ae9117,5,0.2,3,1538889223815,Sports,0.08000000000000002,0.555
dNNz2sFcBgxPgv336,f9d083af59716f9acd82fa2bb889be2d56b04d0d5bb8930bb888376300ae9117,6,0.1,3,1538889223817,Sports,0.020000000000000004,0.435
PGwpomJdRQWWfdBkW,f9d083af59716f9acd82fa2bb889be2d56b04d0d5bb8930bb888376300ae9117,7,0.65,3,1538889711675,Politics,0.8450000000000001,0.615
S2QGKChCZGgWGJ5op,f9d083af59716f9acd82fa2bb889be2d56b04d0d5bb8930bb888376300ae9117,8,0.42,3,1538889711678,Politics,0.6728000000000002,0.635
dTcsqH8p6iDYmxhDN,f9d083af59716f9acd82fa2bb889be2d56b04d0d5bb8930bb888376300ae9117,9,0.65,3,1538889711680,Politics,0.8450000000000001,0.58
tAymbXg2jpm7FEWgG,f9d083af59716f9acd82fa2bb889be2d56b04d0d5bb8930bb888376300ae9117,10,0.29,3,1538889711683,Politics,0.1682,0.435
C53N9bb6vBFtYrxnR,f9d083af59716f9acd82fa2bb889be2d56b04d0d5bb8930bb888376300ae9117,11,0.91,3,1538889711685,Politics,1.6562000000000001,0.415
o5XbiCu7aiAJFY3n7,f9d083af59716f9acd82fa2bb889be2d56b04d0d5bb8930bb888376300ae9117,12,0.51,3,1538889711687,Politics,0.5202,0.405
dEH9BZQntNBYrgFF8,f9d083af59716f9acd82fa2bb889be2d56b04d0d5bb8930bb888376300ae9117,13,0.76,3,1538889716711,Entertainment,1.1552,0.53
bXACPgNg6eRdqoQ2G,f9d083af59716f9acd82fa2bb889be2d56b04d0d5bb8930bb888376300ae9117,14,0.4,3,1538889716713,Entertainment,0.72,0.67
geetsj6a5SKG3krSo,f9d083af59716f9acd82fa2bb889be2d56b04d0d5bb8930bb888376300ae9117,15,0.78,3,1538889716716,Entertainment,1.2168,0.6
EjLj5JRSPgaEuopuW,f9d083af59716f9acd82fa2bb889be2d56b04d0d5bb8930bb888376300ae9117,16,0.44,3,1538889716717,Entertainment,0.6272000000000001,0.615
CYZiC4FesK3cEzp7E,f9d083af59716f9acd82fa2bb889be2d56b04d0d5bb8930bb888376300ae9117,17,0.79,3,1538889716719,Entertainment,1.2482000000000002,0.49
c43zdYTjBqR8mtmGc,f9d083af59716f9acd82fa2bb889be2d56b04d0d5bb8930bb888376300ae9117,18,0.48,3,1538889716721,Entertainment,0.4608,0.54
msKqEQtZ5PJaYpTek,e17dbe1bfd5e48f785b6f025ab4e2ecf2444d6f3bf918b597cc99443151e3347,1,1,3,1538890599387,Sports,0,0.68
GiRBM7a6WBgyWZXFS,e17dbe1bfd5e48f785b6f025ab4e2ecf2444d6f3bf918b597cc99443151e3347,2,1,3,1538890599388,Sports,2,0.64
wtH9eJR2spBao3nZu,e17dbe1bfd5e48f785b6f025ab4e2ecf2444d6f3bf918b597cc99443151e3347,3,1,3,1538890599389,Sports,2,0.575
YMDgpdHrQmSjnLqaW,e17dbe1bfd5e48f785b6f025ab4e2ecf2444d6f3bf918b597cc99443151e3347,4,1,3,1538890599390,Sports,0,0.755
G3pB8h5Muqgcb2RSy,e17dbe1bfd5e48f785b6f025ab4e2ecf2444d6f3bf918b597cc99443151e3347,5,1,3,1538890599391,Sports,2,0.595
ZJLciHfGeQJ65avG5,e17dbe1bfd5e48f785b6f025ab4e2ecf2444d6f3bf918b597cc99443151e3347,6,1,3,1538890599392,Sports,2,0.62
bbNGPSvhZftv6ksB2,e17dbe1bfd5e48f785b6f025ab4e2ecf2444d6f3bf918b597cc99443151e3347,7,1,3,1538890644096,Politics,2,0.72
r5fAAXAAKexCSnF2W,e17dbe1bfd5e48f785b6f025ab4e2ecf2444d6f3bf918b597cc99443151e3347,8,0,3,1538890644096,Politics,2,0.27
BZxCLk2FBpzo6EvLC,e17dbe1bfd5e48f785b6f025ab4e2ecf2444d6f3bf918b597cc99443151e3347,9,0,3,1538890644097,Politics,0,0.36
5AFEQcrYuo7jBuS7f,e17dbe1bfd5e48f785b6f025ab4e2ecf2444d6f3bf918b597cc99443151e3347,10,0,3,1538890644097,Politics,0,0.44
wt9EovN47mahtTGzW,e17dbe1bfd5e48f785b6f025ab4e2ecf2444d6f3bf918b597cc99443151e3347,11,0,3,1538890644098,Politics,0,0.405
a3tJstudt8JLN6bZw,e17dbe1bfd5e48f785b6f025ab4e2ecf2444d6f3bf918b597cc99443151e3347,12,0,3,1538890644099,Politics,0,0.46
EjvZ2B25PDJD6eZBW,e17dbe1bfd5e48f785b6f025ab4e2ecf2444d6f3bf918b597cc99443151e3347,13,0,3,1538890724021,Entertainment,0,0.39
hvKh2Da8Yxp7NweBz,e17dbe1bfd5e48f785b6f025ab4e2ecf2444d6f3bf918b597cc99443151e3347,14,1,3,1538890724021,Entertainment,0,0.73
8K4MmfodvrzmQGSwD,e17dbe1bfd5e48f785b6f025ab4e2ecf2444d6f3bf918b597cc99443151e3347,15,1,3,1538890724021,Entertainment,2,0.59
qok4nfQG7Ho8E6JzS,e17dbe1bfd5e48f785b6f025ab4e2ecf2444d6f3bf918b597cc99443151e3347,16,0,3,1538890724021,Entertainment,2,0.35
WY2s3ugCFFFMvmr9v,e17dbe1bfd5e48f785b6f025ab4e2ecf2444d6f3bf918b597cc99443151e3347,17,0,3,1538890724023,Entertainment,0,0.3
DAwjknGwmMcMTtdTN,e17dbe1bfd5e48f785b6f025ab4e2ecf2444d6f3bf918b597cc99443151e3347,18,1,3,1538890724023,Entertainment,2,0.56
o8q86DbSNgu5itvzw,ce27638c0cc54b6734e4025a9bdd8c501888b1b4bc664dc13d638b6b9cdfcbb8,1,1,3,1538890912703,Sports,0,0.66
tFruA2bCR2YWn3j7k,ce27638c0cc54b6734e4025a9bdd8c501888b1b4bc664dc13d638b6b9cdfcbb8,2,1,3,1538890912705,Sports,2,0.69
MgKdcR2jvcqjLhrEy,ce27638c0cc54b6734e4025a9bdd8c501888b1b4bc664dc13d638b6b9cdfcbb8,3,0.81,3,1538890912707,Sports,1.3122000000000003,0.525
YjFctWnFuNzQdA3dt,ce27638c0cc54b6734e4025a9bdd8c501888b1b4bc664dc13d638b6b9cdfcbb8,4,0,3,1538890912707,Sports,2,0.3
4KRGioGoZovEPCM4J,ce27638c0cc54b6734e4025a9bdd8c501888b1b4bc664dc13d638b6b9cdfcbb8,5,0.08,3,1538890912709,Sports,0.0128,0.37
6rtgYvhMiM8XDDCRd,ce27638c0cc54b6734e4025a9bdd8c501888b1b4bc664dc13d638b6b9cdfcbb8,6,1,3,1538890912710,Sports,2,0.67
ukYiT5DWmvtrrQHrS,ce27638c0cc54b6734e4025a9bdd8c501888b1b4bc664dc13d638b6b9cdfcbb8,7,0,3,1538890947452,Politics,0,0.295
q9oYhrrpbpq7xpxdu,ce27638c0cc54b6734e4025a9bdd8c501888b1b4bc664dc13d638b6b9cdfcbb8,8,0.79,3,1538890947453,Politics,0.08819999999999997,0.595
z9Xf85bix46eB5RWj,ce27638c0cc54b6734e4025a9bdd8c501888b1b4bc664dc13d638b6b9cdfcbb8,9,0.16,3,1538890947454,Politics,0.0512,0.58
SGB7NiQBSwMnBrxvD,ce27638c0cc54b6734e4025a9bdd8c501888b1b4bc664dc13d638b6b9cdfcbb8,10,0,3,1538890947455,Politics,0,0.51
TkhFNRd427zsw4dbz,ce27638c0cc54b6734e4025a9bdd8c501888b1b4bc664dc13d638b6b9cdfcbb8,11,0,3,1538890947456,Politics,0,0.435
EdmwhTvpAc7YJ5ZbK,ce27638c0cc54b6734e4025a9bdd8c501888b1b4bc664dc13d638b6b9cdfcbb8,12,0,3,1538890947457,Politics,0,0.51
Bgnpv5c5PquSgPb75,ce27638c0cc54b6734e4025a9bdd8c501888b1b4bc664dc13d638b6b9cdfcbb8,13,1,3,1538890976494,Entertainment,2,0.695
wy3SZYPLD9HBCDYnx,ce27638c0cc54b6734e4025a9bdd8c501888b1b4bc664dc13d638b6b9cdfcbb8,14,1,3,1538890976496,Entertainment,0,0.67
bLxjtTTpFu9E4jzf8,ce27638c0cc54b6734e4025a9bdd8c501888b1b4bc664dc13d638b6b9cdfcbb8,15,1,3,1538890976497,Entertainment,2,0.655
djTgeRvE2Zv6Wopsn,ce27638c0cc54b6734e4025a9bdd8c501888b1b4bc664dc13d638b6b9cdfcbb8,16,0,3,1538890976498,Entertainment,2,0.375
vN4356h26nCtz6KGT,ce27638c0cc54b6734e4025a9bdd8c501888b1b4bc664dc13d638b6b9cdfcbb8,17,0.01,3,1538890976500,Entertainment,2e-4,0.36
EQ3fxmQpjn7fz9wmt,ce27638c0cc54b6734e4025a9bdd8c501888b1b4bc664dc13d638b6b9cdfcbb8,18,0.87,3,1538890976501,Entertainment,1.5138,0.62
qkJx2nioifMujPtMj,66f412127be5569f5cf6ffe95babb4d0a52a27e7c1aa9f8cbb739efbe6a03b63,1,0.55,3,1538894663074,Sports,0.4049999999999999,0.665
HwvhhKbmJ7346os6z,66f412127be5569f5cf6ffe95babb4d0a52a27e7c1aa9f8cbb739efbe6a03b63,2,0.61,3,1538894663075,Sports,0.7442,0.6
n5Xzzcw489wLpjzHR,66f412127be5569f5cf6ffe95babb4d0a52a27e7c1aa9f8cbb739efbe6a03b63,3,0.89,3,1538894663075,Sports,1.5842,0.48
KveSfDmsbJJTa5EyZ,66f412127be5569f5cf6ffe95babb4d0a52a27e7c1aa9f8cbb739efbe6a03b63,4,0.12,3,1538894663075,Sports,1.5488,0.27
QLkbTzZqXbgpPNpLZ,66f412127be5569f5cf6ffe95babb4d0a52a27e7c1aa9f8cbb739efbe6a03b63,5,0.72,3,1538894663076,Sports,1.0368,0.505
xHYb8CLYgQogX4HwH,66f412127be5569f5cf6ffe95babb4d0a52a27e7c1aa9f8cbb739efbe6a03b63,6,0.78,3,1538894663076,Sports,1.2168,0.575
JggAABNMHZDYScYen,66f412127be5569f5cf6ffe95babb4d0a52a27e7c1aa9f8cbb739efbe6a03b63,7,0.21,3,1538894700345,Politics,0.08819999999999999,0.425
GnGyFgEHjFimtyoRK,66f412127be5569f5cf6ffe95babb4d0a52a27e7c1aa9f8cbb739efbe6a03b63,8,0.38,3,1538894700345,Politics,0.7688,0.705
sjqGCALa83FxPQY9n,66f412127be5569f5cf6ffe95babb4d0a52a27e7c1aa9f8cbb739efbe6a03b63,9,0.28,3,1538894700345,Politics,0.15680000000000002,0.455
ABnaNFuwLpYdPL4jm,66f412127be5569f5cf6ffe95babb4d0a52a27e7c1aa9f8cbb739efbe6a03b63,10,0.06,3,1538894700346,Politics,0.0072,0.355
RZ6Z5mNnStkHLdTSx,66f412127be5569f5cf6ffe95babb4d0a52a27e7c1aa9f8cbb739efbe6a03b63,11,0.11,3,1538894700346,Politics,0.0242,0.52
k3zkdzoQ96DTNdHG5,66f412127be5569f5cf6ffe95babb4d0a52a27e7c1aa9f8cbb739efbe6a03b63,12,0.23,3,1538894700347,Politics,0.1058,0.45
BMcZcp4bmXtytmxzF,66f412127be5569f5cf6ffe95babb4d0a52a27e7c1aa9f8cbb739efbe6a03b63,13,0.62,3,1538894760161,Entertainment,0.7688,0.525
paoDbYaMKYh32wsaK,66f412127be5569f5cf6ffe95babb4d0a52a27e7c1aa9f8cbb739efbe6a03b63,14,1,3,1538894760161,Entertainment,0,0.655
5J67FanWK9GmJhsZY,66f412127be5569f5cf6ffe95babb4d0a52a27e7c1aa9f8cbb739efbe6a03b63,15,0.18,3,1538894760161,Entertainment,0.0648,0.445
HwomtWbfG5LBtgwk4,66f412127be5569f5cf6ffe95babb4d0a52a27e7c1aa9f8cbb739efbe6a03b63,16,0.14,3,1538894760162,Entertainment,1.4791999999999998,0.405
37qxv36vFQNsHhtWG,66f412127be5569f5cf6ffe95babb4d0a52a27e7c1aa9f8cbb739efbe6a03b63,17,0.71,3,1538894760162,Entertainment,1.0082,0.57
wfbae7vY7egupTXXJ,66f412127be5569f5cf6ffe95babb4d0a52a27e7c1aa9f8cbb739efbe6a03b63,18,0.81,3,1538894760162,Entertainment,1.3122000000000003,0.505
JaLhgdipSrYz6i8J2,5c9f374610c17830ae32cfa3c30565b694df2d7222fca6d983d1ea8044d6414a,1,0.3,3,1538895999307,Sports,0.9799999999999999,0.7
Y73HE7hCZdbtvNC5y,5c9f374610c17830ae32cfa3c30565b694df2d7222fca6d983d1ea8044d6414a,2,0.22,3,1538895999308,Sports,0.0968,0.48
du5mJB9s7rMykbgfD,5c9f374610c17830ae32cfa3c30565b694df2d7222fca6d983d1ea8044d6414a,3,0.39,3,1538895999308,Sports,0.3042,0.62
zs5t4kr3aaZ4kikCN,5c9f374610c17830ae32cfa3c30565b694df2d7222fca6d983d1ea8044d6414a,4,0.8,3,1538895999308,Sports,0.07999999999999996,0.735
eiEJwP3ys5AQmE8Gn,5c9f374610c17830ae32cfa3c30565b694df2d7222fca6d983d1ea8044d6414a,5,0.1,3,1538895999308,Sports,0.020000000000000004,0.45
yvJSuv3sH64GRXbad,5c9f374610c17830ae32cfa3c30565b694df2d7222fca6d983d1ea8044d6414a,6,0.39,3,1538895999309,Sports,0.3042,0.695
chpX4xwjRRGjkW3t7,5c9f374610c17830ae32cfa3c30565b694df2d7222fca6d983d1ea8044d6414a,7,1,3,1538896001915,Politics,2,0.65
ZfwRTazpm3NezPei4,5c9f374610c17830ae32cfa3c30565b694df2d7222fca6d983d1ea8044d6414a,8,0.4,3,1538896001915,Politics,0.72,0.705
SxQ8SZCr69HjWqpHC,5c9f374610c17830ae32cfa3c30565b694df2d7222fca6d983d1ea8044d6414a,9,0.61,3,1538896001916,Politics,0.7442,0.585
Wn3d6fPdsbSo7aD46,5c9f374610c17830ae32cfa3c30565b694df2d7222fca6d983d1ea8044d6414a,10,0.04,3,1538896001916,Politics,0.0032,0.435
tioeucYM72Hs64G3a,5c9f374610c17830ae32cfa3c30565b694df2d7222fca6d983d1ea8044d6414a,11,0.07,3,1538896001917,Politics,0.009800000000000001,0.33
nxwNoy2ywJ84iF8Zs,5c9f374610c17830ae32cfa3c30565b694df2d7222fca6d983d1ea8044d6414a,12,0.05,3,1538896001917,Politics,0.005000000000000001,0.51
73PyigE3ypafYKw8X,5c9f374610c17830ae32cfa3c30565b694df2d7222fca6d983d1ea8044d6414a,13,0.08,3,1538896005010,Entertainment,0.0128,0.275
eJvaQBZRBJtpYfbNC,5c9f374610c17830ae32cfa3c30565b694df2d7222fca6d983d1ea8044d6414a,14,0.8,3,1538896005010,Entertainment,0.07999999999999996,0.685
tEcCrwj6ncmj7q7mm,5c9f374610c17830ae32cfa3c30565b694df2d7222fca6d983d1ea8044d6414a,15,0.03,3,1538896005011,Entertainment,0.0018,0.35
RxHBSg848Gc4a76od,5c9f374610c17830ae32cfa3c30565b694df2d7222fca6d983d1ea8044d6414a,16,0.28,3,1538896005011,Entertainment,1.0368,0.505
3MLNu4yZD6GNWKWrc,5c9f374610c17830ae32cfa3c30565b694df2d7222fca6d983d1ea8044d6414a,17,0.02,3,1538896005012,Entertainment,8e-4,0.34
7xRYDkdaQ5jfwHDN3,5c9f374610c17830ae32cfa3c30565b694df2d7222fca6d983d1ea8044d6414a,18,0.71,3,1538896005013,Entertainment,1.0082,0.565
JWBGiZyhcFREFESc8,f4499cb57b08d6221ea98f957f1e83152d4dacfef64b131f920673d4237b2152,1,0.71,3,1538905041936,Sports,0.16820000000000004,0.6
bMtAt2nkLqSgZKmc4,f4499cb57b08d6221ea98f957f1e83152d4dacfef64b131f920673d4237b2152,2,0.24,3,1538905041938,Sports,0.1152,0.42
jZzDnBz8jua4Rcvt3,f4499cb57b08d6221ea98f957f1e83152d4dacfef64b131f920673d4237b2152,3,0.23,3,1538905041940,Sports,0.1058,0.48
g2u5Ku4bFmhscSdot,f4499cb57b08d6221ea98f957f1e83152d4dacfef64b131f920673d4237b2152,4,0.82,3,1538905041942,Sports,0.06480000000000004,0.74
bjhmYtTb2XtLrBqdh,f4499cb57b08d6221ea98f957f1e83152d4dacfef64b131f920673d4237b2152,5,0.75,3,1538905041943,Sports,1.125,0.575
u2pDGg2EJgAM4REHx,f4499cb57b08d6221ea98f957f1e83152d4dacfef64b131f920673d4237b2152,6,0.21,3,1538905041945,Sports,0.08819999999999999,0.485
CCog4J4RQEsqqRihv,f4499cb57b08d6221ea98f957f1e83152d4dacfef64b131f920673d4237b2152,7,1,3,1538905047054,Politics,2,0.62
FxQyuugRvwWDNWXcQ,f4499cb57b08d6221ea98f957f1e83152d4dacfef64b131f920673d4237b2152,8,0.19,3,1538905047059,Politics,1.3122000000000003,0.33
brbPKnCGcy9DFiv3P,f4499cb57b08d6221ea98f957f1e83152d4dacfef64b131f920673d4237b2152,9,0.69,3,1538905047061,Politics,0.9521999999999998,0.595
rW8KgyDy6HREAmcjG,f4499cb57b08d6221ea98f957f1e83152d4dacfef64b131f920673d4237b2152,10,0.09,3,1538905047063,Politics,0.0162,0.45
rBFqjuHNrXnaB5wM7,f4499cb57b08d6221ea98f957f1e83152d4dacfef64b131f920673d4237b2152,11,0.2,3,1538905047066,Politics,0.08000000000000002,0.565
bbeyJei6D4YmvXGAa,f4499cb57b08d6221ea98f957f1e83152d4dacfef64b131f920673d4237b2152,12,0.07,3,1538905047068,Politics,0.009800000000000001,0.41
tK3kLzpPmLLtDeLY3,f4499cb57b08d6221ea98f957f1e83152d4dacfef64b131f920673d4237b2152,13,0.82,3,1538905052237,Entertainment,1.3447999999999998,0.595
ghLmQdxMR4jM5m5sh,f4499cb57b08d6221ea98f957f1e83152d4dacfef64b131f920673d4237b2152,14,0.8,3,1538905052238,Entertainment,0.07999999999999996,0.655
kdo9fSKiTRW8ZNHL4,f4499cb57b08d6221ea98f957f1e83152d4dacfef64b131f920673d4237b2152,15,0.27,3,1538905052239,Entertainment,0.1458,0.615
PxThBdMZ7H2eRdE5D,f4499cb57b08d6221ea98f957f1e83152d4dacfef64b131f920673d4237b2152,16,0.68,3,1538905052239,Entertainment,0.20479999999999993,0.55
C6ixp6LAYspC5uHnn,f4499cb57b08d6221ea98f957f1e83152d4dacfef64b131f920673d4237b2152,17,0.29,3,1538905052239,Entertainment,0.1682,0.465
qeCQjfPu66pqMenPT,f4499cb57b08d6221ea98f957f1e83152d4dacfef64b131f920673d4237b2152,18,0.26,3,1538905052241,Entertainment,0.13520000000000001,0.54
hY2NaDCfQDCTZd8tT,3a5f3365223fa54be138016404fb9dbb7197b48e1a8abe288d13d446e6d93da4,1,0.3,3,1538911258910,Sports,0.9799999999999999,0.615
P333t2Cj9zgPaB2j7,3a5f3365223fa54be138016404fb9dbb7197b48e1a8abe288d13d446e6d93da4,2,0.82,3,1538911258922,Sports,1.3447999999999998,0.565
NK9hLeX4pdsN4k4tq,3a5f3365223fa54be138016404fb9dbb7197b48e1a8abe288d13d446e6d93da4,3,0.41,3,1538911258927,Sports,0.33619999999999994,0.535
5EES84QS7DaRffZey,3a5f3365223fa54be138016404fb9dbb7197b48e1a8abe288d13d446e6d93da4,4,0.59,3,1538911258933,Sports,0.33620000000000005,0.62
whhHssbPbHuESSWxc,3a5f3365223fa54be138016404fb9dbb7197b48e1a8abe288d13d446e6d93da4,5,0.76,3,1538911258937,Sports,1.1552,0.47
6SCAi5RRkdwrFXtQL,3a5f3365223fa54be138016404fb9dbb7197b48e1a8abe288d13d446e6d93da4,6,0.61,3,1538911258938,Sports,0.7442,0.545
5NbTCwZSKGkpKPs6w,3a5f3365223fa54be138016404fb9dbb7197b48e1a8abe288d13d446e6d93da4,7,0.69,3,1538911264118,Politics,0.9521999999999998,0.6
dFsLBQrZYbTNquiRh,3a5f3365223fa54be138016404fb9dbb7197b48e1a8abe288d13d446e6d93da4,8,0.39,3,1538911264120,Politics,0.7442,0.69
ZWHnTP8GHtzknz9Gd,3a5f3365223fa54be138016404fb9dbb7197b48e1a8abe288d13d446e6d93da4,9,0.82,3,1538911264123,Politics,1.3447999999999998,0.465
QKi3ESsufrkvCQSiD,3a5f3365223fa54be138016404fb9dbb7197b48e1a8abe288d13d446e6d93da4,10,0.01,3,1538911264125,Politics,2e-4,0.355
MBL6tRZMspDAhwchx,3a5f3365223fa54be138016404fb9dbb7197b48e1a8abe288d13d446e6d93da4,11,0,3,1538911264127,Politics,0,0.265
NgFAErveLjz2Y29iv,3a5f3365223fa54be138016404fb9dbb7197b48e1a8abe288d13d446e6d93da4,12,0,3,1538911264139,Politics,0,0.345
WjHJe4DhAEwqA3jrn,3a5f3365223fa54be138016404fb9dbb7197b48e1a8abe288d13d446e6d93da4,13,0.64,3,1538911268699,Entertainment,0.8192,0.55
LaSrcbpecxP4SKdpT,3a5f3365223fa54be138016404fb9dbb7197b48e1a8abe288d13d446e6d93da4,14,0.61,3,1538911268700,Entertainment,0.3042,0.615
NtTNfFYh9hZrkhGQQ,3a5f3365223fa54be138016404fb9dbb7197b48e1a8abe288d13d446e6d93da4,15,0.35,3,1538911268701,Entertainment,0.24499999999999997,0.685
9Es8XHQ6GerpSbT2m,3a5f3365223fa54be138016404fb9dbb7197b48e1a8abe288d13d446e6d93da4,16,0.58,3,1538911268701,Entertainment,0.35280000000000006,0.595
iCGp7AuKm7TrcLKo2,3a5f3365223fa54be138016404fb9dbb7197b48e1a8abe288d13d446e6d93da4,17,0.64,3,1538911268701,Entertainment,0.8192,0.495
PNN9zCegA55p2XK5B,3a5f3365223fa54be138016404fb9dbb7197b48e1a8abe288d13d446e6d93da4,18,0.34,3,1538911268701,Entertainment,0.23120000000000004,0.55
RXThCWhaaib78TjkR,98ec0a6a9e656adbcd0a83df24e76551433642737c4989bbae600a427c6b4e7c,1,0.58,3,1538915588030,Sports,0.35280000000000006,0.65
rNhEAb6b49LuDt72i,98ec0a6a9e656adbcd0a83df24e76551433642737c4989bbae600a427c6b4e7c,2,0.45,3,1538915588031,Sports,0.405,0.675
ubascfnQQWj7NSnQR,98ec0a6a9e656adbcd0a83df24e76551433642737c4989bbae600a427c6b4e7c,3,0.56,3,1538915588033,Sports,0.6272000000000001,0.56
vSBWDSgz7RWjpz9ut,98ec0a6a9e656adbcd0a83df24e76551433642737c4989bbae600a427c6b4e7c,4,0.78,3,1538915588034,Sports,0.09679999999999998,0.62
4SdqLSgEvBP6pEvsw,98ec0a6a9e656adbcd0a83df24e76551433642737c4989bbae600a427c6b4e7c,5,0.68,3,1538915588034,Sports,0.9248000000000002,0.505
nyqft2KmyY3wScSEW,98ec0a6a9e656adbcd0a83df24e76551433642737c4989bbae600a427c6b4e7c,6,0.57,3,1538915588035,Sports,0.6497999999999999,0.615
zbwvNjmoTtLPXqCib,98ec0a6a9e656adbcd0a83df24e76551433642737c4989bbae600a427c6b4e7c,7,0.69,3,1538915616661,Politics,0.9521999999999998,0.62
MNAHFuYhm8vqZhpNM,98ec0a6a9e656adbcd0a83df24e76551433642737c4989bbae600a427c6b4e7c,8,0.69,3,1538915616662,Politics,0.19220000000000007,0.56
3MeR6hAB3gSAk22bM,98ec0a6a9e656adbcd0a83df24e76551433642737c4989bbae600a427c6b4e7c,9,0.77,3,1538915616662,Politics,1.1858,0.54
jyebrp2JRorn3phxg,98ec0a6a9e656adbcd0a83df24e76551433642737c4989bbae600a427c6b4e7c,10,0.2,3,1538915616663,Politics,0.08000000000000002,0.47
Te5hzz8c53iEhDSxm,98ec0a6a9e656adbcd0a83df24e76551433642737c4989bbae600a427c6b4e7c,11,0.1,3,1538915616664,Politics,0.020000000000000004,0.515
zErY9Kbjxpvh2awmg,98ec0a6a9e656adbcd0a83df24e76551433642737c4989bbae600a427c6b4e7c,12,0.09,3,1538915616665,Politics,0.0162,0.36
oHmSKQaB49Dqzj3z5,98ec0a6a9e656adbcd0a83df24e76551433642737c4989bbae600a427c6b4e7c,13,0.84,3,1538915637845,Entertainment,1.4111999999999998,0.565
HGEcjPM5E5M5qBpQv,98ec0a6a9e656adbcd0a83df24e76551433642737c4989bbae600a427c6b4e7c,14,0.91,3,1538915637846,Entertainment,0.01619999999999999,0.605
HcBqtM89GGg8Brb8g,98ec0a6a9e656adbcd0a83df24e76551433642737c4989bbae600a427c6b4e7c,15,0.18,3,1538915637846,Entertainment,0.0648,0.38
dyHtaN5KkSBxT7A47,98ec0a6a9e656adbcd0a83df24e76551433642737c4989bbae600a427c6b4e7c,16,0.65,3,1538915637847,Entertainment,0.24499999999999997,0.59
R8byn9sg9KS9GGa5h,98ec0a6a9e656adbcd0a83df24e76551433642737c4989bbae600a427c6b4e7c,17,0.7,3,1538915637848,Entertainment,0.9799999999999999,0.52
5sxrnk7ZnfprGnF4j,98ec0a6a9e656adbcd0a83df24e76551433642737c4989bbae600a427c6b4e7c,18,0.27,3,1538915637848,Entertainment,0.1458,0.515
fHXPbAwsfwfTtMLTQ,141d52f25b0466c8cdbe7135026cc329d8a7258be106cd660af0439dda38d03a,1,0.86,3,1538915800356,Sports,0.039200000000000006,0.55
rNBa9Eg3kTr64uP88,141d52f25b0466c8cdbe7135026cc329d8a7258be106cd660af0439dda38d03a,2,0.86,3,1538915800356,Sports,1.4791999999999998,0.58
teAg9GL4Eogz7XqnM,141d52f25b0466c8cdbe7135026cc329d8a7258be106cd660af0439dda38d03a,3,0.19,3,1538915800356,Sports,0.0722,0.45
ipBoxDzMHs9cXH3W9,141d52f25b0466c8cdbe7135026cc329d8a7258be106cd660af0439dda38d03a,4,0.65,3,1538915800356,Sports,0.24499999999999997,0.59
fw3mwkCpaP69mWQ2b,141d52f25b0466c8cdbe7135026cc329d8a7258be106cd660af0439dda38d03a,5,0.66,3,1538915800356,Sports,0.8712000000000001,0.535
MtTg2gAuxN39nz4RP,141d52f25b0466c8cdbe7135026cc329d8a7258be106cd660af0439dda38d03a,6,0.32,3,1538915800372,Sports,0.2048,0.685
jNsGPxkLs37Ppwcdf,141d52f25b0466c8cdbe7135026cc329d8a7258be106cd660af0439dda38d03a,7,1,3,1538915935320,Politics,2,0.605
qvtnvHCWzfcvQJHJi,141d52f25b0466c8cdbe7135026cc329d8a7258be106cd660af0439dda38d03a,8,0.89,3,1538915935320,Politics,0.024199999999999996,0.54
SKQFmgQPv58MdG2pS,141d52f25b0466c8cdbe7135026cc329d8a7258be106cd660af0439dda38d03a,9,0,3,1538915935320,Politics,0,0.265
mnNNHrSmGaofM7XFw,141d52f25b0466c8cdbe7135026cc329d8a7258be106cd660af0439dda38d03a,10,0.77,3,1538915935320,Politics,1.1858,0.39
Nv2yznThfkyidkyTE,141d52f25b0466c8cdbe7135026cc329d8a7258be106cd660af0439dda38d03a,11,0.42,3,1538915935320,Politics,0.35279999999999995,0.43
gFQsEYfyhtiiQE3K9,141d52f25b0466c8cdbe7135026cc329d8a7258be106cd660af0439dda38d03a,12,0.34,3,1538915935320,Politics,0.23120000000000004,0.48
xytyfifz9S3oMmBZt,141d52f25b0466c8cdbe7135026cc329d8a7258be106cd660af0439dda38d03a,13,1,3,1538916114361,Entertainment,2,0.52
3rs85diy9fpzQBuCM,141d52f25b0466c8cdbe7135026cc329d8a7258be106cd660af0439dda38d03a,14,1,3,1538916114361,Entertainment,0,0.62
6mpnc7yc3YZWcxR6Y,141d52f25b0466c8cdbe7135026cc329d8a7258be106cd660af0439dda38d03a,15,1,3,1538916114361,Entertainment,2,0.495
DNiohrGaaMF5KKcPh,141d52f25b0466c8cdbe7135026cc329d8a7258be106cd660af0439dda38d03a,16,1,3,1538916114361,Entertainment,0,0.51
yMYoBpRWgamZryvSG,141d52f25b0466c8cdbe7135026cc329d8a7258be106cd660af0439dda38d03a,17,1,3,1538916114361,Entertainment,2,0.47
SC4CRy7cF7jFBH6p7,141d52f25b0466c8cdbe7135026cc329d8a7258be106cd660af0439dda38d03a,18,0.4,3,1538916114361,Entertainment,0.32000000000000006,0.615
DvRvj8AXxS68NrkYn,b400f2f01625853282fb59e8f0b51c10661e0aa6462846b951a5ad7f2c84f019,1,0.22,3,1538920130041,Sports,1.2168,0.48
Yosmorh59ynZ43Mr9,b400f2f01625853282fb59e8f0b51c10661e0aa6462846b951a5ad7f2c84f019,2,0.56,3,1538920130041,Sports,0.6272000000000001,0.705
KmTHBuXMSL46pu3jm,b400f2f01625853282fb59e8f0b51c10661e0aa6462846b951a5ad7f2c84f019,3,0.3,3,1538920130041,Sports,0.18,0.625
D3WgzBazyYYLH6DeH,b400f2f01625853282fb59e8f0b51c10661e0aa6462846b951a5ad7f2c84f019,4,0.8,3,1538920130042,Sports,0.07999999999999996,0.69
GWt9FXvarpfgK2GhQ,b400f2f01625853282fb59e8f0b51c10661e0aa6462846b951a5ad7f2c84f019,5,0.28,3,1538920130042,Sports,0.15680000000000002,0.515
NMvdiNocYzPEtrzkH,b400f2f01625853282fb59e8f0b51c10661e0aa6462846b951a5ad7f2c84f019,6,0.11,3,1538920130042,Sports,0.0242,0.355
oTzFpirHm9QJBzwKS,b400f2f01625853282fb59e8f0b51c10661e0aa6462846b951a5ad7f2c84f019,7,0.98,3,1538920162028,Politics,1.9207999999999998,0.675
4fGQHXtkF4o5zBWES,b400f2f01625853282fb59e8f0b51c10661e0aa6462846b951a5ad7f2c84f019,8,0.87,3,1538920162028,Politics,0.033800000000000004,0.6
XmkCfF4WXECq8bLAz,b400f2f01625853282fb59e8f0b51c10661e0aa6462846b951a5ad7f2c84f019,9,0.1,3,1538920162028,Politics,0.020000000000000004,0.47
kqPE4dhNvhekgA9Hj,b400f2f01625853282fb59e8f0b51c10661e0aa6462846b951a5ad7f2c84f019,10,0.27,3,1538920162029,Politics,0.1458,0.46
qQK564bc5okD27mvY,b400f2f01625853282fb59e8f0b51c10661e0aa6462846b951a5ad7f2c84f019,11,0.73,3,1538920162030,Politics,1.0657999999999999,0.415
owDmhz4KxiM54KgeM,b400f2f01625853282fb59e8f0b51c10661e0aa6462846b951a5ad7f2c84f019,12,1,3,1538920162030,Politics,2,0.42
puxBfqsHDaL7Dna6W,b400f2f01625853282fb59e8f0b51c10661e0aa6462846b951a5ad7f2c84f019,13,0.13,3,1538920197344,Entertainment,0.033800000000000004,0.39
nrdELn9PjTPmiqiQt,b400f2f01625853282fb59e8f0b51c10661e0aa6462846b951a5ad7f2c84f019,14,0.91,3,1538920197345,Entertainment,0.01619999999999999,0.635
dM2PkSPGM44gbK9ok,b400f2f01625853282fb59e8f0b51c10661e0aa6462846b951a5ad7f2c84f019,15,0.75,3,1538920197345,Entertainment,1.125,0.575
9NJFqa9XsRxEamxyR,b400f2f01625853282fb59e8f0b51c10661e0aa6462846b951a5ad7f2c84f019,16,0.13,3,1538920197345,Entertainment,1.5138,0.425
NkvuxZqCT3Y9wCjbJ,b400f2f01625853282fb59e8f0b51c10661e0aa6462846b951a5ad7f2c84f019,17,0.08,3,1538920197345,Entertainment,0.0128,0.3
A2zCzbQ57dNZfehPz,b400f2f01625853282fb59e8f0b51c10661e0aa6462846b951a5ad7f2c84f019,18,0.75,3,1538920197346,Entertainment,1.125,0.535
CjCp2CqBZr5hgGK8z,8ccbc55b2e5fa0e9300e66c03f84bf0059325f8a6ee4a8a4c6984b356fb55175,1,0.43,3,1538922048291,Sports,0.6498000000000002,0.54
d98ZhWjzu5xeNXdsL,8ccbc55b2e5fa0e9300e66c03f84bf0059325f8a6ee4a8a4c6984b356fb55175,2,0.77,3,1538922048291,Sports,1.1858,0.525
bCyo55FsZPv7hfCEy,8ccbc55b2e5fa0e9300e66c03f84bf0059325f8a6ee4a8a4c6984b356fb55175,3,0.54,3,1538922048292,Sports,0.5832,0.505
pyQ4myLsX7uEk5uj2,8ccbc55b2e5fa0e9300e66c03f84bf0059325f8a6ee4a8a4c6984b356fb55175,4,0.43,3,1538922048292,Sports,0.6498000000000002,0.585
PQK8DZWsfxw9KYdwK,8ccbc55b2e5fa0e9300e66c03f84bf0059325f8a6ee4a8a4c6984b356fb55175,5,0.37,3,1538922048293,Sports,0.2738,0.57
NXgfRKyQTJ7ujF8kn,8ccbc55b2e5fa0e9300e66c03f84bf0059325f8a6ee4a8a4c6984b356fb55175,6,0.67,3,1538922048293,Sports,0.8978000000000002,0.51
yNbKwqAMaFr5A3ETN,8ccbc55b2e5fa0e9300e66c03f84bf0059325f8a6ee4a8a4c6984b356fb55175,7,0.69,3,1538922086965,Politics,0.9521999999999998,0.565
HTLXkF3bKAEhhDRcp,8ccbc55b2e5fa0e9300e66c03f84bf0059325f8a6ee4a8a4c6984b356fb55175,8,0.43,3,1538922086965,Politics,0.6498000000000002,0.535
ciGehuPMYogRK6KZ4,8ccbc55b2e5fa0e9300e66c03f84bf0059325f8a6ee4a8a4c6984b356fb55175,9,0.67,3,1538922086966,Politics,0.8978000000000002,0.465
rTAnZkmiNit7bHryH,8ccbc55b2e5fa0e9300e66c03f84bf0059325f8a6ee4a8a4c6984b356fb55175,10,0.41,3,1538922086966,Politics,0.33619999999999994,0.395
27AadR76gJy7hpDZY,8ccbc55b2e5fa0e9300e66c03f84bf0059325f8a6ee4a8a4c6984b356fb55175,11,0.54,3,1538922086966,Politics,0.5832,0.46
af4iirzB6rWFmT9DM,8ccbc55b2e5fa0e9300e66c03f84bf0059325f8a6ee4a8a4c6984b356fb55175,12,0.44,3,1538922086966,Politics,0.3872,0.41
CAizTSR5gGvnaPxrd,8ccbc55b2e5fa0e9300e66c03f84bf0059325f8a6ee4a8a4c6984b356fb55175,13,0.63,3,1538922163836,Entertainment,0.7938000000000001,0.53
L9JWw9irvHvxyCD5C,8ccbc55b2e5fa0e9300e66c03f84bf0059325f8a6ee4a8a4c6984b356fb55175,14,0.44,3,1538922163837,Entertainment,0.6272000000000001,0.615
SNjanLp6mi2SLQsJv,8ccbc55b2e5fa0e9300e66c03f84bf0059325f8a6ee4a8a4c6984b356fb55175,15,0.61,3,1538922163837,Entertainment,0.7442,0.49
KZzx3N6yhtdQJw2ck,8ccbc55b2e5fa0e9300e66c03f84bf0059325f8a6ee4a8a4c6984b356fb55175,16,0.36,3,1538922163837,Entertainment,0.8192,0.58
GdcQ3aTSR7PCE3GXn,8ccbc55b2e5fa0e9300e66c03f84bf0059325f8a6ee4a8a4c6984b356fb55175,17,0.64,3,1538922163838,Entertainment,0.8192,0.43
N2nhnwbPp5eo5cC6G,8ccbc55b2e5fa0e9300e66c03f84bf0059325f8a6ee4a8a4c6984b356fb55175,18,0.67,3,1538922163838,Entertainment,0.8978000000000002,0.45
Hg59nPK7n6iGL6awZ,34b396475614aaa3b83ff33ec4b8a1114127bbbbfa9440366fefb9ead8420d97,1,0.75,3,1538924092640,Sports,0.125,0.57
cz9jJkSo4JjSsvEHW,34b396475614aaa3b83ff33ec4b8a1114127bbbbfa9440366fefb9ead8420d97,2,0.59,3,1538924092640,Sports,0.6961999999999999,0.66
WfsJwxNSNDMC5CRBh,34b396475614aaa3b83ff33ec4b8a1114127bbbbfa9440366fefb9ead8420d97,3,0.08,3,1538924092642,Sports,0.0128,0.405
3hotXtqCTGiq3NhtD,34b396475614aaa3b83ff33ec4b8a1114127bbbbfa9440366fefb9ead8420d97,4,0.42,3,1538924092643,Sports,0.6728000000000002,0.665
bZvHbw6CNXHYbKyE4,34b396475614aaa3b83ff33ec4b8a1114127bbbbfa9440366fefb9ead8420d97,5,0.57,3,1538924092643,Sports,0.6497999999999999,0.645
vKkvpe93hA4FRWsQQ,34b396475614aaa3b83ff33ec4b8a1114127bbbbfa9440366fefb9ead8420d97,6,0.55,3,1538924092644,Sports,0.6050000000000001,0.595
gNgLsea6jT4p6Z6u9,34b396475614aaa3b83ff33ec4b8a1114127bbbbfa9440366fefb9ead8420d97,7,0.82,3,1538924158084,Politics,1.3447999999999998,0.64
vEp7RtyS98Sw9AT8h,34b396475614aaa3b83ff33ec4b8a1114127bbbbfa9440366fefb9ead8420d97,8,0.55,3,1538924158085,Politics,0.4049999999999999,0.68
5zYyZXfYSzmu9Gw54,34b396475614aaa3b83ff33ec4b8a1114127bbbbfa9440366fefb9ead8420d97,9,0.42,3,1538924158086,Politics,0.35279999999999995,0.63
MhYbN3GNGfKNptmse,34b396475614aaa3b83ff33ec4b8a1114127bbbbfa9440366fefb9ead8420d97,10,0.3,3,1538924158087,Politics,0.18,0.58
NqjkcjpFLXXHPdfn8,34b396475614aaa3b83ff33ec4b8a1114127bbbbfa9440366fefb9ead8420d97,11,0.11,3,1538924158087,Politics,0.0242,0.52
umgfBszPciGynKx5B,34b396475614aaa3b83ff33ec4b8a1114127bbbbfa9440366fefb9ead8420d97,12,0.07,3,1538924158088,Politics,0.009800000000000001,0.38
cqPkJ7z58Gh9goSRN,34b396475614aaa3b83ff33ec4b8a1114127bbbbfa9440366fefb9ead8420d97,13,0.08,3,1538924218998,Entertainment,0.0128,0.26
BrJpudMTencEgvpm7,34b396475614aaa3b83ff33ec4b8a1114127bbbbfa9440366fefb9ead8420d97,14,0.08,3,1538924218998,Entertainment,1.6928,0.15
H8FAXhYPYBXn3Fw26,34b396475614aaa3b83ff33ec4b8a1114127bbbbfa9440366fefb9ead8420d97,15,0.57,3,1538924218999,Entertainment,0.6497999999999999,0.575
ihhzZkwwup5AAiKK5,34b396475614aaa3b83ff33ec4b8a1114127bbbbfa9440366fefb9ead8420d97,16,0.44,3,1538924219e3,Entertainment,0.6272000000000001,0.66
LRy4p3tweFz3WfMZq,34b396475614aaa3b83ff33ec4b8a1114127bbbbfa9440366fefb9ead8420d97,17,0.47,3,1538924219e3,Entertainment,0.44179999999999997,0.59
rnvKAhkmynhoHxgPx,34b396475614aaa3b83ff33ec4b8a1114127bbbbfa9440366fefb9ead8420d97,18,0.12,3,1538924219e3,Entertainment,0.0288,0.375
Sd9TGwBNNN2nzvPvZ,d3fc0a87212b30e7ce969c14168d84243bfcc52c815888e7fa3dc2e42c302bee,1,0.7,3,1538924660912,Sports,0.18000000000000005,0.535
fnnMGKougu3xjJxhE,d3fc0a87212b30e7ce969c14168d84243bfcc52c815888e7fa3dc2e42c302bee,2,0.67,3,1538924660913,Sports,0.8978000000000002,0.57
bwuCXE7BXp2XbZiX7,d3fc0a87212b30e7ce969c14168d84243bfcc52c815888e7fa3dc2e42c302bee,3,0.34,3,1538924660914,Sports,0.23120000000000004,0.51
JWYF3PqYBCYj66u4h,d3fc0a87212b30e7ce969c14168d84243bfcc52c815888e7fa3dc2e42c302bee,4,0.65,3,1538924660914,Sports,0.24499999999999997,0.56
bbLG5XS4NHqHmDKXv,d3fc0a87212b30e7ce969c14168d84243bfcc52c815888e7fa3dc2e42c302bee,5,0.17,3,1538924660914,Sports,0.05780000000000001,0.305
xYEoynQLJoJ6MrSRd,d3fc0a87212b30e7ce969c14168d84243bfcc52c815888e7fa3dc2e42c302bee,6,0.67,3,1538924660914,Sports,0.8978000000000002,0.575
woPwgmaw9yPuacS25,d3fc0a87212b30e7ce969c14168d84243bfcc52c815888e7fa3dc2e42c302bee,7,0.35,3,1538924697023,Politics,0.24499999999999997,0.565
QeuN3HREdzSHw33ii,d3fc0a87212b30e7ce969c14168d84243bfcc52c815888e7fa3dc2e42c302bee,8,0.35,3,1538924697023,Politics,0.8450000000000001,0.555
gRrcnPJoHyYevPYP5,d3fc0a87212b30e7ce969c14168d84243bfcc52c815888e7fa3dc2e42c302bee,9,0.33,3,1538924697024,Politics,0.21780000000000002,0.555
ar3o9bNxvrTEJXPii,d3fc0a87212b30e7ce969c14168d84243bfcc52c815888e7fa3dc2e42c302bee,10,0.29,3,1538924697024,Politics,0.1682,0.33
u6gu7BJg9stzhqCRs,d3fc0a87212b30e7ce969c14168d84243bfcc52c815888e7fa3dc2e42c302bee,11,0.28,3,1538924697024,Politics,0.15680000000000002,0.405
igvwtxGTi5cfa5Juf,d3fc0a87212b30e7ce969c14168d84243bfcc52c815888e7fa3dc2e42c302bee,12,0.33,3,1538924697025,Politics,0.21780000000000002,0.445
Rh6boyhS3dbC5Hnj3,d3fc0a87212b30e7ce969c14168d84243bfcc52c815888e7fa3dc2e42c302bee,13,0.36,3,1538924725104,Entertainment,0.2592,0.585
nexQKEaGd6kscv4XN,d3fc0a87212b30e7ce969c14168d84243bfcc52c815888e7fa3dc2e42c302bee,14,0.34,3,1538924725104,Entertainment,0.8711999999999998,0.595
TRCKLNRQ4ipoJTKTQ,d3fc0a87212b30e7ce969c14168d84243bfcc52c815888e7fa3dc2e42c302bee,15,0.36,3,1538924725104,Entertainment,0.2592,0.575
7aPgcxfk7uL4YnSFX,d3fc0a87212b30e7ce969c14168d84243bfcc52c815888e7fa3dc2e42c302bee,16,0.61,3,1538924725105,Entertainment,0.3042,0.495
2dEZ6YkKJgTztG5tb,d3fc0a87212b30e7ce969c14168d84243bfcc52c815888e7fa3dc2e42c302bee,17,0.66,3,1538924725105,Entertainment,0.8712000000000001,0.45
8gkQYxmABTyXLsQPz,d3fc0a87212b30e7ce969c14168d84243bfcc52c815888e7fa3dc2e42c302bee,18,0.63,3,1538924725105,Entertainment,0.7938000000000001,0.465
wHcssBjWWvJuiJXee,ab945f396bb6e3289092e40a47c43b4f4ec0baa832fb41a641eb48b3ec6dd9c8,1,0.55,3,1538925714445,Sports,0.4049999999999999,0.715
cmheeLBibQmrMS4dK,ab945f396bb6e3289092e40a47c43b4f4ec0baa832fb41a641eb48b3ec6dd9c8,2,0.9,3,1538925714446,Sports,1.62,0.65
8x84WfEBHsugS6oxt,ab945f396bb6e3289092e40a47c43b4f4ec0baa832fb41a641eb48b3ec6dd9c8,3,0.2,3,1538925714446,Sports,0.08000000000000002,0.44
8JYycamc9QFWSDo3M,ab945f396bb6e3289092e40a47c43b4f4ec0baa832fb41a641eb48b3ec6dd9c8,4,0.75,3,1538925714446,Sports,0.125,0.7
S9da4ti9pFA6c96LJ,ab945f396bb6e3289092e40a47c43b4f4ec0baa832fb41a641eb48b3ec6dd9c8,5,0.3,3,1538925714447,Sports,0.18,0.705
iESgkgo5mPSX3Xbb7,ab945f396bb6e3289092e40a47c43b4f4ec0baa832fb41a641eb48b3ec6dd9c8,6,0.51,3,1538925714447,Sports,0.5202,0.685
jwHCZMB3qu8JErLs7,ab945f396bb6e3289092e40a47c43b4f4ec0baa832fb41a641eb48b3ec6dd9c8,7,0.4,3,1538925769931,Politics,0.32000000000000006,0.73
dJ3K8xR2L3p2uFfGq,ab945f396bb6e3289092e40a47c43b4f4ec0baa832fb41a641eb48b3ec6dd9c8,8,0.2,3,1538925769932,Politics,1.2800000000000002,0.445
GfDw7BNKBuRXLdoE2,ab945f396bb6e3289092e40a47c43b4f4ec0baa832fb41a641eb48b3ec6dd9c8,9,0.25,3,1538925769933,Politics,0.125,0.51
pfxCTX34v3342Fymv,ab945f396bb6e3289092e40a47c43b4f4ec0baa832fb41a641eb48b3ec6dd9c8,10,0.05,3,1538925769933,Politics,0.005000000000000001,0.37
rwKqbbv6u4pjFwRjh,ab945f396bb6e3289092e40a47c43b4f4ec0baa832fb41a641eb48b3ec6dd9c8,11,0.1,3,1538925769934,Politics,0.020000000000000004,0.51
XGA9Ns43D7wKLmEsB,ab945f396bb6e3289092e40a47c43b4f4ec0baa832fb41a641eb48b3ec6dd9c8,12,0.05,3,1538925769936,Politics,0.005000000000000001,0.43
TC3iLXxBsXKEtsdeZ,ab945f396bb6e3289092e40a47c43b4f4ec0baa832fb41a641eb48b3ec6dd9c8,13,0,3,1538926145500,Entertainment,0,0.24
ZAgiXv77XFA6irRxx,ab945f396bb6e3289092e40a47c43b4f4ec0baa832fb41a641eb48b3ec6dd9c8,14,0.7,3,1538926145500,Entertainment,0.18000000000000005,0.68
aznmtxJio33siNnfj,ab945f396bb6e3289092e40a47c43b4f4ec0baa832fb41a641eb48b3ec6dd9c8,15,0.1,3,1538926145501,Entertainment,0.020000000000000004,0.51
tkMMaHJ8A9NjHSmEr,ab945f396bb6e3289092e40a47c43b4f4ec0baa832fb41a641eb48b3ec6dd9c8,16,0.62,3,1538926145502,Entertainment,0.2888,0.615
mKhLAkSnxwwH8heX7,ab945f396bb6e3289092e40a47c43b4f4ec0baa832fb41a641eb48b3ec6dd9c8,17,0.35,3,1538926145502,Entertainment,0.24499999999999997,0.66
HBzEtK4JiHWd3sMRo,ab945f396bb6e3289092e40a47c43b4f4ec0baa832fb41a641eb48b3ec6dd9c8,18,0.09,3,1538926145505,Entertainment,0.0162,0.365
pNeQgB2y3JcmQ6QFN,4a65bcebdad9e32f994b81b8228c6ad0173d4e4e16a0f719c1b52b213aedd844,1,0.5,3,1538929928597,Sports,0.5,0.605
YJD3iu44sTbfCxT8x,4a65bcebdad9e32f994b81b8228c6ad0173d4e4e16a0f719c1b52b213aedd844,2,0.5,3,1538929928598,Sports,0.5,0.675
fedRC7su37ENYaR5f,4a65bcebdad9e32f994b81b8228c6ad0173d4e4e16a0f719c1b52b213aedd844,3,0,3,1538929928599,Sports,0,0.355
qoTKk8DhpkhMmC574,4a65bcebdad9e32f994b81b8228c6ad0173d4e4e16a0f719c1b52b213aedd844,4,1,3,1538929928599,Sports,0,0.63
WEiNZzTvNeLiYRqHf,4a65bcebdad9e32f994b81b8228c6ad0173d4e4e16a0f719c1b52b213aedd844,5,1,3,1538929928599,Sports,2,0.46
h3nhRZ2R3BEfFbqBE,4a65bcebdad9e32f994b81b8228c6ad0173d4e4e16a0f719c1b52b213aedd844,6,0.5,3,1538929928600,Sports,0.5,0.64
vDMfroweGbWZmYqX4,4a65bcebdad9e32f994b81b8228c6ad0173d4e4e16a0f719c1b52b213aedd844,7,1,3,1538929958118,Politics,2,0.665
WgTQrACjMNr6cdWdQ,4a65bcebdad9e32f994b81b8228c6ad0173d4e4e16a0f719c1b52b213aedd844,8,0,3,1538929958119,Politics,2,0.275
STPukqdFG2fJh67KF,4a65bcebdad9e32f994b81b8228c6ad0173d4e4e16a0f719c1b52b213aedd844,9,0.7,3,1538929958119,Politics,0.9799999999999999,0.52
kDHoKKu6awziQ8AKc,4a65bcebdad9e32f994b81b8228c6ad0173d4e4e16a0f719c1b52b213aedd844,10,0.6,3,1538929958119,Politics,0.72,0.435
hNq84NRCWWZhFayAT,4a65bcebdad9e32f994b81b8228c6ad0173d4e4e16a0f719c1b52b213aedd844,11,0.3,3,1538929958119,Politics,0.18,0.575
q8EehFbQnHGLjYnCB,4a65bcebdad9e32f994b81b8228c6ad0173d4e4e16a0f719c1b52b213aedd844,12,0,3,1538929958120,Politics,0,0.42
M625mNYWNvyQQQkZp,4a65bcebdad9e32f994b81b8228c6ad0173d4e4e16a0f719c1b52b213aedd844,13,0.5,3,1538929968694,Entertainment,0.5,0.575
v3NBaTafjnMbionLB,4a65bcebdad9e32f994b81b8228c6ad0173d4e4e16a0f719c1b52b213aedd844,14,0,3,1538929968695,Entertainment,2,0.26
SguHXbwZwgyGyJuzj,4a65bcebdad9e32f994b81b8228c6ad0173d4e4e16a0f719c1b52b213aedd844,15,1,3,1538929968695,Entertainment,2,0.535
iTQ2ZLRok9kY5kd8b,4a65bcebdad9e32f994b81b8228c6ad0173d4e4e16a0f719c1b52b213aedd844,16,0.7,3,1538929968695,Entertainment,0.18000000000000005,0.54
BsD3QFR6vQRxbWSp9,4a65bcebdad9e32f994b81b8228c6ad0173d4e4e16a0f719c1b52b213aedd844,17,0.6,3,1538929968695,Entertainment,0.72,0.535
FwtmaKRcLrmgNuq7s,4a65bcebdad9e32f994b81b8228c6ad0173d4e4e16a0f719c1b52b213aedd844,18,0.56,3,1538929968695,Entertainment,0.6272000000000001,0.55
p2YT9DrNtLpFjG7rB,6ebd04923e84253de2a2940c3d2520db4068c7151bb9e5418af42f76d1f5142a,7,0.61,3,1538934724340,Politics,0.7442,0.65
Tp6FLp8zWNLEgXg6f,6ebd04923e84253de2a2940c3d2520db4068c7151bb9e5418af42f76d1f5142a,8,0.37,3,1538934724340,Politics,0.7938000000000001,0.68
fvRtcn9tRWuBsaHb8,6ebd04923e84253de2a2940c3d2520db4068c7151bb9e5418af42f76d1f5142a,9,0.4,3,1538934724340,Politics,0.32000000000000006,0.575
TMwwSQ866gqjcR6vn,6ebd04923e84253de2a2940c3d2520db4068c7151bb9e5418af42f76d1f5142a,10,0.1,3,1538934724341,Politics,0.020000000000000004,0.505
zGT8fvKaTko6MW8ru,6ebd04923e84253de2a2940c3d2520db4068c7151bb9e5418af42f76d1f5142a,11,0,3,1538934724341,Politics,0,0.385
v2DnCxLjwiEfKYgMB,6ebd04923e84253de2a2940c3d2520db4068c7151bb9e5418af42f76d1f5142a,12,0,3,1538934724341,Politics,0,0.435
eBAYdSmRjW8fxqZ2a,6ebd04923e84253de2a2940c3d2520db4068c7151bb9e5418af42f76d1f5142a,13,0.31,3,1538934736874,Entertainment,0.1922,0.6
ZyMLfYsjm7ywQhui7,6ebd04923e84253de2a2940c3d2520db4068c7151bb9e5418af42f76d1f5142a,14,0.56,3,1538934736875,Entertainment,0.38719999999999993,0.675
6FpwLcMro7docBwfS,6ebd04923e84253de2a2940c3d2520db4068c7151bb9e5418af42f76d1f5142a,15,0.84,3,1538934736875,Entertainment,1.4111999999999998,0.51
gxLoeqeCRnXxnH64r,6ebd04923e84253de2a2940c3d2520db4068c7151bb9e5418af42f76d1f5142a,16,0.23,3,1538934736876,Entertainment,1.1858,0.5
RjCkcqgRRcXrTEAih,6ebd04923e84253de2a2940c3d2520db4068c7151bb9e5418af42f76d1f5142a,17,0.22,3,1538934736876,Entertainment,0.0968,0.445
oPQQcHSwFSzr4KDbn,6ebd04923e84253de2a2940c3d2520db4068c7151bb9e5418af42f76d1f5142a,18,0.1,3,1538934736876,Entertainment,0.020000000000000004,0.375
xX78DD4fBMssYqroB,e69a633d3273254a39144db3ad1260c3ebc9a9fe40010017fd935b61273d61d1,1,0.39,3,1538934798394,Sports,0.7442,0.685
MbjLeefRrmFx934JC,e69a633d3273254a39144db3ad1260c3ebc9a9fe40010017fd935b61273d61d1,2,0.67,3,1538934798394,Sports,0.8978000000000002,0.59
unMoCrXpsT422XA8Q,e69a633d3273254a39144db3ad1260c3ebc9a9fe40010017fd935b61273d61d1,3,0.56,3,1538934798394,Sports,0.6272000000000001,0.525
b9ypeWSwePH4avdGE,e69a633d3273254a39144db3ad1260c3ebc9a9fe40010017fd935b61273d61d1,4,0.57,3,1538934798394,Sports,0.3698000000000001,0.665
4CCpRxijSZbsYHfMA,e69a633d3273254a39144db3ad1260c3ebc9a9fe40010017fd935b61273d61d1,5,0.37,3,1538934798394,Sports,0.2738,0.585
aeKn4cZgYeLbcW6Eb,e69a633d3273254a39144db3ad1260c3ebc9a9fe40010017fd935b61273d61d1,6,0.6,3,1538934798394,Sports,0.72,0.54
EgMRJ2B7D8F54hgxF,e69a633d3273254a39144db3ad1260c3ebc9a9fe40010017fd935b61273d61d1,7,0.72,3,1538934863224,Politics,1.0368,0.595
LEc6srsmfn9FZFduN,e69a633d3273254a39144db3ad1260c3ebc9a9fe40010017fd935b61273d61d1,8,0.4,3,1538934863224,Politics,0.72,0.655
ZWiwMsSEmRP7WuKqN,e69a633d3273254a39144db3ad1260c3ebc9a9fe40010017fd935b61273d61d1,9,0.32,3,1538934863224,Politics,0.2048,0.62
K68EEi27hCE4QY6JS,e69a633d3273254a39144db3ad1260c3ebc9a9fe40010017fd935b61273d61d1,10,0.07,3,1538934863224,Politics,0.009800000000000001,0.36
eD2tYfTCxx969YBLC,e69a633d3273254a39144db3ad1260c3ebc9a9fe40010017fd935b61273d61d1,11,0.08,3,1538934863224,Politics,0.0128,0.25
QthT6BHSbCnmxojre,e69a633d3273254a39144db3ad1260c3ebc9a9fe40010017fd935b61273d61d1,12,0.06,3,1538934863224,Politics,0.0072,0.42
WnrZNS3nBaF2hR9jW,e69a633d3273254a39144db3ad1260c3ebc9a9fe40010017fd935b61273d61d1,13,0.64,3,1538934941904,Entertainment,0.8192,0.56
BgH3p8JLuKnY8zZ7Z,e69a633d3273254a39144db3ad1260c3ebc9a9fe40010017fd935b61273d61d1,14,0.96,3,1538934941904,Entertainment,0.003200000000000006,0.64
EZMN2hEfJiNrhjF8f,e69a633d3273254a39144db3ad1260c3ebc9a9fe40010017fd935b61273d61d1,15,0.29,3,1538934941904,Entertainment,0.1682,0.525
XFspg3z4LDMDt4puA,e69a633d3273254a39144db3ad1260c3ebc9a9fe40010017fd935b61273d61d1,16,0.35,3,1538934941904,Entertainment,0.8450000000000001,0.64
spmj8ypbwsvGN4o6b,e69a633d3273254a39144db3ad1260c3ebc9a9fe40010017fd935b61273d61d1,17,0.19,3,1538934941904,Entertainment,0.0722,0.435
vAApS6JL5zb6Cjzfh,e69a633d3273254a39144db3ad1260c3ebc9a9fe40010017fd935b61273d61d1,18,0.39,3,1538934941904,Entertainment,0.3042,0.615
bJFD5BewR3MX7ChBg,d7748a97f5462162dfcbf2c66cb191faae88855997e2e2f66b1ed82437461551,1,0.8,3,1538935668277,Sports,0.07999999999999996,0.635
gLsphn2E7xuHRAoqr,d7748a97f5462162dfcbf2c66cb191faae88855997e2e2f66b1ed82437461551,2,0.96,3,1538935668278,Sports,1.8432,0.575
8Bob6iwvF5PNMzefA,d7748a97f5462162dfcbf2c66cb191faae88855997e2e2f66b1ed82437461551,3,0,3,1538935668278,Sports,0,0.355
7DSRwFPnunxERjA9x,d7748a97f5462162dfcbf2c66cb191faae88855997e2e2f66b1ed82437461551,4,0.94,3,1538935668278,Sports,0.007200000000000013,0.685
SqHZp2Qd7u68grnS9,d7748a97f5462162dfcbf2c66cb191faae88855997e2e2f66b1ed82437461551,5,0.51,3,1538935668278,Sports,0.5202,0.53
DtiMGcPAXPyWaAbpH,d7748a97f5462162dfcbf2c66cb191faae88855997e2e2f66b1ed82437461551,6,0.09,3,1538935668280,Sports,0.0162,0.23
qMcnWESBiSEswzYhB,d7748a97f5462162dfcbf2c66cb191faae88855997e2e2f66b1ed82437461551,7,0.68,3,1538935681359,Politics,0.9248000000000002,0.585
5nfFCbXFutXx2eTZZ,d7748a97f5462162dfcbf2c66cb191faae88855997e2e2f66b1ed82437461551,8,0.25,3,1538935681360,Politics,1.125,0.45
suLEHqqnA8mFeGpBq,d7748a97f5462162dfcbf2c66cb191faae88855997e2e2f66b1ed82437461551,9,0.24,3,1538935681360,Politics,0.1152,0.45
FHhMjneEEEssmKWNx,d7748a97f5462162dfcbf2c66cb191faae88855997e2e2f66b1ed82437461551,10,0.91,3,1538935681360,Politics,1.6562000000000001,0.515
DWfv66j4upXEsWuAE,d7748a97f5462162dfcbf2c66cb191faae88855997e2e2f66b1ed82437461551,11,0.3,3,1538935681360,Politics,0.18,0.59
oKqnrA33yu8khw3D2,d7748a97f5462162dfcbf2c66cb191faae88855997e2e2f66b1ed82437461551,12,0.11,3,1538935681361,Politics,0.0242,0.535
usmYJiFKMcbJLmF63,d7748a97f5462162dfcbf2c66cb191faae88855997e2e2f66b1ed82437461551,13,0.96,3,1538935683800,Entertainment,1.8432,0.56
3fqS86eW7Rfkbhged,d7748a97f5462162dfcbf2c66cb191faae88855997e2e2f66b1ed82437461551,14,1,3,1538935683800,Entertainment,0,0.605
aPix2H48vfhehmg9n,d7748a97f5462162dfcbf2c66cb191faae88855997e2e2f66b1ed82437461551,15,0.12,3,1538935683800,Entertainment,0.0288,0.385
JpB5kNLjKFAvFjAHg,d7748a97f5462162dfcbf2c66cb191faae88855997e2e2f66b1ed82437461551,16,0.57,3,1538935683801,Entertainment,0.3698000000000001,0.61
DnjgTRepW4mM6wTjQ,d7748a97f5462162dfcbf2c66cb191faae88855997e2e2f66b1ed82437461551,17,0.95,3,1538935683801,Entertainment,1.805,0.52
BFegdxocGfPPp5mX3,d7748a97f5462162dfcbf2c66cb191faae88855997e2e2f66b1ed82437461551,18,0.7,3,1538935683802,Entertainment,0.9799999999999999,0.5
JriXiWc38CXA2HR3g,73306a50b88365c49027dd0eb8170906f8bcdf913c20f14b1d5fd807f9253b02,7,0.86,3,1538936936435,Politics,1.4791999999999998,0.535
GdX3i59pq2KsEPWba,73306a50b88365c49027dd0eb8170906f8bcdf913c20f14b1d5fd807f9253b02,8,0.58,3,1538936936436,Politics,0.35280000000000006,0.595
Es9abXCchXua6tHTx,73306a50b88365c49027dd0eb8170906f8bcdf913c20f14b1d5fd807f9253b02,9,0.67,3,1538936936437,Politics,0.8978000000000002,0.435
svcadcBKdq9m6qfJh,73306a50b88365c49027dd0eb8170906f8bcdf913c20f14b1d5fd807f9253b02,10,0.53,3,1538936936439,Politics,0.5618000000000001,0.4
6Adv7kbq7Mcb4Suj6,73306a50b88365c49027dd0eb8170906f8bcdf913c20f14b1d5fd807f9253b02,11,0.43,3,1538936936440,Politics,0.36979999999999996,0.42
QyZPPEWHxbnCnwuqq,73306a50b88365c49027dd0eb8170906f8bcdf913c20f14b1d5fd807f9253b02,12,0.75,3,1538936936442,Politics,1.125,0.315
y4MYMHHCHWTL2PZW9,73306a50b88365c49027dd0eb8170906f8bcdf913c20f14b1d5fd807f9253b02,13,0.65,3,1538936951926,Entertainment,0.8450000000000001,0.485
dgmoyP7ZmiJfiTM3X,73306a50b88365c49027dd0eb8170906f8bcdf913c20f14b1d5fd807f9253b02,14,0.39,3,1538936951928,Entertainment,0.7442,0.59
sm67BsKHKna9T2iz7,73306a50b88365c49027dd0eb8170906f8bcdf913c20f14b1d5fd807f9253b02,15,0.51,3,1538936951930,Entertainment,0.5202,0.565
4Ncp3RZgWLJ7NnPoE,73306a50b88365c49027dd0eb8170906f8bcdf913c20f14b1d5fd807f9253b02,16,0.64,3,1538936951932,Entertainment,0.2592,0.515
sBha7XL7kREPeceDN,73306a50b88365c49027dd0eb8170906f8bcdf913c20f14b1d5fd807f9253b02,17,0.56,3,1538936951934,Entertainment,0.6272000000000001,0.53
7XSmMq7dMC5eNuj9f,73306a50b88365c49027dd0eb8170906f8bcdf913c20f14b1d5fd807f9253b02,18,0.64,3,1538936951936,Entertainment,0.8192,0.46
SrRdGZwCzJ3Cvcgwr,f0b37b60cce0cc792fd2661e35160bb7f675276edc9815efda31480b124c1b0f,7,0.41,3,1538940875199,Politics,0.33619999999999994,0.55
JhCY6STDoY53pdMTe,f0b37b60cce0cc792fd2661e35160bb7f675276edc9815efda31480b124c1b0f,8,0.44,3,1538940875199,Politics,0.6272000000000001,0.585
tGaFovEvwbTK8x6GA,f0b37b60cce0cc792fd2661e35160bb7f675276edc9815efda31480b124c1b0f,9,0.45,3,1538940875199,Politics,0.405,0.535
bZhjtdXeiSjZzeJ6s,f0b37b60cce0cc792fd2661e35160bb7f675276edc9815efda31480b124c1b0f,10,0.42,3,1538940875199,Politics,0.35279999999999995,0.355
2A5zfFXTx4icvP4qT,f0b37b60cce0cc792fd2661e35160bb7f675276edc9815efda31480b124c1b0f,11,0.62,3,1538940875199,Politics,0.7688,0.4
zx3XqNCr4A87jfxqf,f0b37b60cce0cc792fd2661e35160bb7f675276edc9815efda31480b124c1b0f,12,0.56,3,1538940875201,Politics,0.6272000000000001,0.295
LKLiuSoWtSFZpwKXk,f0b37b60cce0cc792fd2661e35160bb7f675276edc9815efda31480b124c1b0f,13,0.42,3,1538940965989,Entertainment,0.35279999999999995,0.515
fhemgKW2YogxJoQRz,f0b37b60cce0cc792fd2661e35160bb7f675276edc9815efda31480b124c1b0f,14,0.59,3,1538940965993,Entertainment,0.33620000000000005,0.55
9cPdtWyWp6X9SZ8QE,f0b37b60cce0cc792fd2661e35160bb7f675276edc9815efda31480b124c1b0f,15,0.46,3,1538940965993,Entertainment,0.4232,0.57
7r6fp4t43sqRNoGrN,f0b37b60cce0cc792fd2661e35160bb7f675276edc9815efda31480b124c1b0f,16,0.56,3,1538940965993,Entertainment,0.38719999999999993,0.555
T7HtnPJKftGwXTwzt,f0b37b60cce0cc792fd2661e35160bb7f675276edc9815efda31480b124c1b0f,17,0.43,3,1538940965994,Entertainment,0.36979999999999996,0.485
CyirRrLuZhpfud4ih,f0b37b60cce0cc792fd2661e35160bb7f675276edc9815efda31480b124c1b0f,18,0.45,3,1538940965994,Entertainment,0.405,0.47
JN2HDGdeJZMXKshud,63ce5c9f217407aad21c38eac730429b20ec7a37c15725e3f8a3936224a818ab,1,0.41,3,1538943343584,Sports,0.6962000000000002,0.61
ivoQ5guGJ5nWy72oR,63ce5c9f217407aad21c38eac730429b20ec7a37c15725e3f8a3936224a818ab,2,0.83,3,1538943343586,Sports,1.3778,0.655
LZpX4qxiDgX6iq9Dy,63ce5c9f217407aad21c38eac730429b20ec7a37c15725e3f8a3936224a818ab,3,0,3,1538943343587,Sports,0,0.33
T68EmzEvEHdnSjv4c,63ce5c9f217407aad21c38eac730429b20ec7a37c15725e3f8a3936224a818ab,4,0.55,3,1538943343588,Sports,0.4049999999999999,0.65
wzQq9zqiikSzzpHKw,63ce5c9f217407aad21c38eac730429b20ec7a37c15725e3f8a3936224a818ab,5,0.65,3,1538943343588,Sports,0.8450000000000001,0.505
b6uAZsxKdCLBjxbqw,63ce5c9f217407aad21c38eac730429b20ec7a37c15725e3f8a3936224a818ab,6,0.36,3,1538943343589,Sports,0.2592,0.72
6sPPq3BtEcpHC9ApZ,63ce5c9f217407aad21c38eac730429b20ec7a37c15725e3f8a3936224a818ab,7,0.76,3,1538943350134,Politics,1.1552,0.61
s99xTrs5ZoetWdFHL,63ce5c9f217407aad21c38eac730429b20ec7a37c15725e3f8a3936224a818ab,8,0.37,3,1538943350136,Politics,0.7938000000000001,0.695
An7dQ7KKR5vZuJcgY,63ce5c9f217407aad21c38eac730429b20ec7a37c15725e3f8a3936224a818ab,9,0.58,3,1538943350136,Politics,0.6728,0.565
b56hgsWZ2BdCP8QAS,63ce5c9f217407aad21c38eac730429b20ec7a37c15725e3f8a3936224a818ab,10,0.21,3,1538943350138,Politics,0.08819999999999999,0.42
yqSg9qAWjmT6Pp5SC,63ce5c9f217407aad21c38eac730429b20ec7a37c15725e3f8a3936224a818ab,11,0.51,3,1538943350138,Politics,0.5202,0.47
v6TKqEqwHKfjYTMTc,63ce5c9f217407aad21c38eac730429b20ec7a37c15725e3f8a3936224a818ab,12,0.22,3,1538943350139,Politics,0.0968,0.385
2rzp5G5eajtErztLA,63ce5c9f217407aad21c38eac730429b20ec7a37c15725e3f8a3936224a818ab,13,0.69,3,1538943357720,Entertainment,0.9521999999999998,0.575
32Bw6HeLi8eyFcxyj,63ce5c9f217407aad21c38eac730429b20ec7a37c15725e3f8a3936224a818ab,14,0.86,3,1538943357721,Entertainment,0.039200000000000006,0.62
BtzWCXxjL75z9p6C7,63ce5c9f217407aad21c38eac730429b20ec7a37c15725e3f8a3936224a818ab,15,0.72,3,1538943357722,Entertainment,1.0368,0.545
juu3rC3pZhCGwDN2b,63ce5c9f217407aad21c38eac730429b20ec7a37c15725e3f8a3936224a818ab,16,0.72,3,1538943357723,Entertainment,0.15680000000000002,0.545
K2dwnaPkprZe6dLBb,63ce5c9f217407aad21c38eac730429b20ec7a37c15725e3f8a3936224a818ab,17,0.64,3,1538943357724,Entertainment,0.8192,0.515
h8DrndsTySud2eZ4i,63ce5c9f217407aad21c38eac730429b20ec7a37c15725e3f8a3936224a818ab,18,0.13,3,1538943357724,Entertainment,0.033800000000000004,0.335
iLTMzJLMXgAMCmjXQ,6781f29ff4df086169942e836423daecae97c4589decdcaf06bba44310d98f60,1,0.7,3,1538943793954,Sports,0.18000000000000005,0.645
4oJjJz4gp9gW5mcsH,6781f29ff4df086169942e836423daecae97c4589decdcaf06bba44310d98f60,2,0.65,3,1538943793954,Sports,0.8450000000000001,0.615
fQNu7ZvD4pYeAfA3n,6781f29ff4df086169942e836423daecae97c4589decdcaf06bba44310d98f60,3,0.4,3,1538943793955,Sports,0.32000000000000006,0.525
DKbP7Fbbs5GEoSM82,6781f29ff4df086169942e836423daecae97c4589decdcaf06bba44310d98f60,4,0.35,3,1538943793956,Sports,0.8450000000000001,0.67
uD3ugXkHzFJkXRF6Q,6781f29ff4df086169942e836423daecae97c4589decdcaf06bba44310d98f60,5,0.2,3,1538943793956,Sports,0.08000000000000002,0.505
sunJawrpRPgpKbNuK,6781f29ff4df086169942e836423daecae97c4589decdcaf06bba44310d98f60,6,0.78,3,1538943793957,Sports,1.2168,0.605
DsCWBW8s2dEW7EjyH,6781f29ff4df086169942e836423daecae97c4589decdcaf06bba44310d98f60,7,0.85,3,1538943889188,Politics,1.4449999999999998,0.645
jt5bntLnbiq3Dzquu,6781f29ff4df086169942e836423daecae97c4589decdcaf06bba44310d98f60,8,0.32,3,1538943889189,Politics,0.9247999999999998,0.67
TtNf4Q3wGWSvXQytJ,6781f29ff4df086169942e836423daecae97c4589decdcaf06bba44310d98f60,9,0.6,3,1538943889190,Politics,0.72,0.57
zHYHiuqpHTZeyXiLW,6781f29ff4df086169942e836423daecae97c4589decdcaf06bba44310d98f60,10,0.09,3,1538943889191,Politics,0.0162,0.38
8LJ2zScgJ6ueEj5At,6781f29ff4df086169942e836423daecae97c4589decdcaf06bba44310d98f60,11,0.25,3,1538943889191,Politics,0.125,0.51
BEHpkkvANERtKBKqo,6781f29ff4df086169942e836423daecae97c4589decdcaf06bba44310d98f60,12,0,3,1538943889192,Politics,0,0.42
YXCb8jyTyc4MwztbH,6781f29ff4df086169942e836423daecae97c4589decdcaf06bba44310d98f60,13,0.25,3,1538943972045,Entertainment,0.125,0.375
jFJyJHDaaj7ykh8eF,6781f29ff4df086169942e836423daecae97c4589decdcaf06bba44310d98f60,14,0.47,3,1538943972045,Entertainment,0.5618000000000001,0.64
b3nS9ojbXiYaF3R5u,6781f29ff4df086169942e836423daecae97c4589decdcaf06bba44310d98f60,15,0.23,3,1538943972046,Entertainment,0.1058,0.485
offQSZxJHZ47Zc2JT,6781f29ff4df086169942e836423daecae97c4589decdcaf06bba44310d98f60,16,0.42,3,1538943972047,Entertainment,0.6728000000000002,0.64
wp42YrEx4zn2TfZZy,6781f29ff4df086169942e836423daecae97c4589decdcaf06bba44310d98f60,17,0.17,3,1538943972048,Entertainment,0.05780000000000001,0.42
HjkFFQBQT8jfdoP6m,6781f29ff4df086169942e836423daecae97c4589decdcaf06bba44310d98f60,18,0.27,3,1538943972049,Entertainment,0.1458,0.47
QcLCHq3nmeaFdZ6dk,d7508503e546464a0e0ea061a3997b61ef61b1ef11cedb9117876e9ed154db19,1,0,3,1538946275079,Sports,2,0.315
yawZLeu8TriRsvhGw,d7508503e546464a0e0ea061a3997b61ef61b1ef11cedb9117876e9ed154db19,2,1,3,1538946275084,Sports,2,0.745
i8u4ehD3aEKmyJHWJ,d7508503e546464a0e0ea061a3997b61ef61b1ef11cedb9117876e9ed154db19,3,1,3,1538946275088,Sports,2,0.61
2DxEvBak8LZ5L7ZnE,d7508503e546464a0e0ea061a3997b61ef61b1ef11cedb9117876e9ed154db19,4,0,3,1538946275091,Sports,2,0.305
R7Y5i3TdBJ35inBXn,d7508503e546464a0e0ea061a3997b61ef61b1ef11cedb9117876e9ed154db19,5,0,3,1538946275093,Sports,0,0.36
tDdoAkhYgXjMaksiB,d7508503e546464a0e0ea061a3997b61ef61b1ef11cedb9117876e9ed154db19,6,1,3,1538946275096,Sports,2,0.665
EDxS9wxxsaZPvyR6q,d7508503e546464a0e0ea061a3997b61ef61b1ef11cedb9117876e9ed154db19,7,1,3,1538946333354,Politics,2,0.68
ispRe434aTXJr7mx9,d7508503e546464a0e0ea061a3997b61ef61b1ef11cedb9117876e9ed154db19,8,1,3,1538946333365,Politics,0,0.675
ujHqMhFgP4xSpvzeK,d7508503e546464a0e0ea061a3997b61ef61b1ef11cedb9117876e9ed154db19,9,1,3,1538946333372,Politics,2,0.625
BsMSFuPpJzDvnzAQ4,d7508503e546464a0e0ea061a3997b61ef61b1ef11cedb9117876e9ed154db19,10,0,3,1538946333376,Politics,0,0.44
Go8nBxoJCprpAn2xX,d7508503e546464a0e0ea061a3997b61ef61b1ef11cedb9117876e9ed154db19,11,1,3,1538946333380,Politics,2,0.58
PGDaKqxP24qr6K7YL,d7508503e546464a0e0ea061a3997b61ef61b1ef11cedb9117876e9ed154db19,12,0,3,1538946333384,Politics,0,0.515
Ss8Y5LGtiNxE8Lxqi,d7508503e546464a0e0ea061a3997b61ef61b1ef11cedb9117876e9ed154db19,13,0,3,1538946393897,Entertainment,0,0.345
exTtJEeL7bc3Kef5m,d7508503e546464a0e0ea061a3997b61ef61b1ef11cedb9117876e9ed154db19,14,1,3,1538946393900,Entertainment,0,0.7
wFG5urdw9P8o7gSyg,d7508503e546464a0e0ea061a3997b61ef61b1ef11cedb9117876e9ed154db19,15,0,3,1538946393903,Entertainment,0,0.335
ZPu6hhD2uyzpm5y8X,d7508503e546464a0e0ea061a3997b61ef61b1ef11cedb9117876e9ed154db19,16,0,3,1538946393907,Entertainment,2,0.36
nMA9WvDhb4X8JkBLn,d7508503e546464a0e0ea061a3997b61ef61b1ef11cedb9117876e9ed154db19,17,0,3,1538946393910,Entertainment,0,0.395
r9sLvgsXWm2fYCogu,d7508503e546464a0e0ea061a3997b61ef61b1ef11cedb9117876e9ed154db19,18,1,3,1538946393913,Entertainment,2,0.585
qW6YYyFkFNSJDrAZw,d71fe3eee6590f043ba195d0dede03d1378f7eda3b2fb89635871105485bcce9,1,0.35,3,1538948446034,Sports,0.8450000000000001,0.615
gZqxXRdK9zJMg6u8J,d71fe3eee6590f043ba195d0dede03d1378f7eda3b2fb89635871105485bcce9,2,0.5,3,1538948446048,Sports,0.5,0.57
pmAbdjEfySm8GTp89,d71fe3eee6590f043ba195d0dede03d1378f7eda3b2fb89635871105485bcce9,3,0.35,3,1538948446058,Sports,0.24499999999999997,0.505
aHYN2efm84chQtcDy,d71fe3eee6590f043ba195d0dede03d1378f7eda3b2fb89635871105485bcce9,4,0.36,3,1538948446068,Sports,0.8192,0.62
eQKESWtSyb5zFrF8P,d71fe3eee6590f043ba195d0dede03d1378f7eda3b2fb89635871105485bcce9,5,0.56,3,1538948446079,Sports,0.6272000000000001,0.47
gGmn2t6WcECbaj2Pj,d71fe3eee6590f043ba195d0dede03d1378f7eda3b2fb89635871105485bcce9,6,0.07,3,1538948446086,Sports,0.009800000000000001,0.16
inqTNHXgtuDYGmgaY,d71fe3eee6590f043ba195d0dede03d1378f7eda3b2fb89635871105485bcce9,7,0.45,3,1538948523321,Politics,0.405,0.585
JeBDh9ZTxqwwL4TbA,d71fe3eee6590f043ba195d0dede03d1378f7eda3b2fb89635871105485bcce9,8,0.5,3,1538948523333,Politics,0.5,0.6
TFf8ER3grBFr2s4QS,d71fe3eee6590f043ba195d0dede03d1378f7eda3b2fb89635871105485bcce9,9,0.34,3,1538948523340,Politics,0.23120000000000004,0.595
CYcK4oNeRTzW3M244,d71fe3eee6590f043ba195d0dede03d1378f7eda3b2fb89635871105485bcce9,10,0.32,3,1538948523348,Politics,0.2048,0.475
B6PsEbpx6coq9Dkor,d71fe3eee6590f043ba195d0dede03d1378f7eda3b2fb89635871105485bcce9,11,0.39,3,1538948523356,Politics,0.3042,0.5
De8vDLnnyxuXFuP7J,d71fe3eee6590f043ba195d0dede03d1378f7eda3b2fb89635871105485bcce9,12,0.11,3,1538948523362,Politics,0.0242,0.465
dda3wY688NauovJ2G,d71fe3eee6590f043ba195d0dede03d1378f7eda3b2fb89635871105485bcce9,13,0.52,3,1538948571487,Entertainment,0.5408000000000001,0.555
YdvJPQZeaHdAPF2cW,d71fe3eee6590f043ba195d0dede03d1378f7eda3b2fb89635871105485bcce9,14,0.68,3,1538948571500,Entertainment,0.20479999999999993,0.555
gLjLqc2Cib5434Ycq,d71fe3eee6590f043ba195d0dede03d1378f7eda3b2fb89635871105485bcce9,15,0.5,3,1538948571503,Entertainment,0.5,0.555
HTERzRqyTq5NLi4Ns,d71fe3eee6590f043ba195d0dede03d1378f7eda3b2fb89635871105485bcce9,16,0.51,3,1538948571516,Entertainment,0.48019999999999996,0.535
YWgWpxaAb5MQLuhgb,d71fe3eee6590f043ba195d0dede03d1378f7eda3b2fb89635871105485bcce9,17,0.51,3,1538948571519,Entertainment,0.5202,0.52
v293zb82AN83i7pua,d71fe3eee6590f043ba195d0dede03d1378f7eda3b2fb89635871105485bcce9,18,0.66,3,1538948571522,Entertainment,0.8712000000000001,0.4
RgsxkhpTAxNaKuwxN,e635043a60910f97d6e0f1f130429dc47d45ea63395e45b3fe06585a4b386f19,1,0.25,3,1538949405343,Sports,1.125,0.45
L3FnmnCwkEHXSdKou,e635043a60910f97d6e0f1f130429dc47d45ea63395e45b3fe06585a4b386f19,2,0.65,3,1538949405347,Sports,0.8450000000000001,0.615
YYxHFgBKef3urCfgX,e635043a60910f97d6e0f1f130429dc47d45ea63395e45b3fe06585a4b386f19,3,0.35,3,1538949405349,Sports,0.24499999999999997,0.665
4DrTiZM4HNYNau5vu,e635043a60910f97d6e0f1f130429dc47d45ea63395e45b3fe06585a4b386f19,4,0.31,3,1538949405352,Sports,0.9521999999999998,0.77
tqGYBxPTDZugWJPyE,e635043a60910f97d6e0f1f130429dc47d45ea63395e45b3fe06585a4b386f19,5,0.19,3,1538949405354,Sports,0.0722,0.49
hhvDTWf9fZWJ6npFs,e635043a60910f97d6e0f1f130429dc47d45ea63395e45b3fe06585a4b386f19,6,0.29,3,1538949405355,Sports,0.1682,0.51
D7LaWkerirXjYM8Ha,e635043a60910f97d6e0f1f130429dc47d45ea63395e45b3fe06585a4b386f19,7,0.64,3,1538949411324,Politics,0.8192,0.675
dEGugXCygQebrcQrx,e635043a60910f97d6e0f1f130429dc47d45ea63395e45b3fe06585a4b386f19,8,0.92,3,1538949411327,Politics,0.012799999999999987,0.68
eEzoS4kCSEGrzzuQn,e635043a60910f97d6e0f1f130429dc47d45ea63395e45b3fe06585a4b386f19,9,0.31,3,1538949411329,Politics,0.1922,0.7
WhTKszuC2BTzyZnwC,e635043a60910f97d6e0f1f130429dc47d45ea63395e45b3fe06585a4b386f19,10,0,3,1538949411332,Politics,0,0.49
RY4PrbcDh6bifHJFE,e635043a60910f97d6e0f1f130429dc47d45ea63395e45b3fe06585a4b386f19,11,0,3,1538949411335,Politics,0,0.435
3JGGEHWsrbpTbXNER,e635043a60910f97d6e0f1f130429dc47d45ea63395e45b3fe06585a4b386f19,12,0,3,1538949411337,Politics,0,0.52
5FfHzZdCy3FzcFgfQ,e635043a60910f97d6e0f1f130429dc47d45ea63395e45b3fe06585a4b386f19,13,0,3,1538949416636,Entertainment,0,0.315
SSs6gidmHXYHZLHvX,e635043a60910f97d6e0f1f130429dc47d45ea63395e45b3fe06585a4b386f19,14,0.8,3,1538949416639,Entertainment,0.07999999999999996,0.66
maGcvCsu5pwWh8mXf,e635043a60910f97d6e0f1f130429dc47d45ea63395e45b3fe06585a4b386f19,15,0,3,1538949416641,Entertainment,0,0.375
PEHSpsitvNzdNznF3,e635043a60910f97d6e0f1f130429dc47d45ea63395e45b3fe06585a4b386f19,16,0.81,3,1538949416642,Entertainment,0.07219999999999996,0.595
6Coh7iseTs4tDHjkf,e635043a60910f97d6e0f1f130429dc47d45ea63395e45b3fe06585a4b386f19,17,0.19,3,1538949416644,Entertainment,0.0722,0.42
KfBwWg7Y9S4EEPHnH,e635043a60910f97d6e0f1f130429dc47d45ea63395e45b3fe06585a4b386f19,18,0,3,1538949416646,Entertainment,0,0.345
AspKvKZvBmL3Xooh7,e0da8e757fe328611e3afe14435839d6d974980eb32345182b3139cc13c608e9,1,0.66,3,1538949478483,Sports,0.23119999999999996,0.62
hTSXKjNLrSEPYbAxL,e0da8e757fe328611e3afe14435839d6d974980eb32345182b3139cc13c608e9,2,0.42,3,1538949478483,Sports,0.35279999999999995,0.595
ZxNYPMKb835jum2Rx,e0da8e757fe328611e3afe14435839d6d974980eb32345182b3139cc13c608e9,3,0.12,3,1538949478484,Sports,0.0288,0.56
QZMQwS9vKM9rRHXuG,e0da8e757fe328611e3afe14435839d6d974980eb32345182b3139cc13c608e9,4,0.42,3,1538949478484,Sports,0.6728000000000002,0.635
G9DNKJarmNyJ2dLmJ,e0da8e757fe328611e3afe14435839d6d974980eb32345182b3139cc13c608e9,5,0.21,3,1538949478485,Sports,0.08819999999999999,0.465
x5xL7xchzPA2kLAWC,e0da8e757fe328611e3afe14435839d6d974980eb32345182b3139cc13c608e9,6,0.62,3,1538949478486,Sports,0.7688,0.64
7XARcTJj5WQyo7B9S,e0da8e757fe328611e3afe14435839d6d974980eb32345182b3139cc13c608e9,7,0.37,3,1538949498845,Politics,0.2738,0.675
RRxMJnzBNFn9F3Pib,e0da8e757fe328611e3afe14435839d6d974980eb32345182b3139cc13c608e9,8,0.28,3,1538949498846,Politics,1.0368,0.49
C4os8kEQ6oq7D8Ko3,e0da8e757fe328611e3afe14435839d6d974980eb32345182b3139cc13c608e9,9,0.19,3,1538949498846,Politics,0.0722,0.4
53b6i7s8nhZN49yTi,e0da8e757fe328611e3afe14435839d6d974980eb32345182b3139cc13c608e9,10,0.02,3,1538949498846,Politics,8e-4,0.385
cCfXHxte9CbP8KeqH,e0da8e757fe328611e3afe14435839d6d974980eb32345182b3139cc13c608e9,11,0.11,3,1538949498847,Politics,0.0242,0.48
3S8bEnBPxHhQd7aXw,e0da8e757fe328611e3afe14435839d6d974980eb32345182b3139cc13c608e9,12,0.12,3,1538949498847,Politics,0.0288,0.505
2DnjHvSvGGa4z74Nf,e0da8e757fe328611e3afe14435839d6d974980eb32345182b3139cc13c608e9,13,0.4,3,1538949518730,Entertainment,0.32000000000000006,0.595
RPiSfKgbvhQkucANB,e0da8e757fe328611e3afe14435839d6d974980eb32345182b3139cc13c608e9,14,0.7,3,1538949518731,Entertainment,0.18000000000000005,0.59
JfArqpSbkFu4ZqYNP,e0da8e757fe328611e3afe14435839d6d974980eb32345182b3139cc13c608e9,15,0.34,3,1538949518732,Entertainment,0.23120000000000004,0.69
t7xKiEWmEDz4ioJpR,e0da8e757fe328611e3afe14435839d6d974980eb32345182b3139cc13c608e9,16,0.39,3,1538949518732,Entertainment,0.7442,0.665
3EQ35asd8YAoYJxPT,e0da8e757fe328611e3afe14435839d6d974980eb32345182b3139cc13c608e9,17,0.2,3,1538949518734,Entertainment,0.08000000000000002,0.425
FdjvCamhPrdvmtAXo,e0da8e757fe328611e3afe14435839d6d974980eb32345182b3139cc13c608e9,18,0.41,3,1538949518734,Entertainment,0.33619999999999994,0.595
qHcYe4WaJ92JEh7Ce,2b83f2d05da3d624caaaceda4f641278e457c5b4b10c52cbc2e42b04ae93007e,1,0.15,3,1538955518741,Sports,1.4449999999999998,0.295
k9gWXnDcHq8FzuRW5,2b83f2d05da3d624caaaceda4f641278e457c5b4b10c52cbc2e42b04ae93007e,2,0.4,3,1538955518743,Sports,0.32000000000000006,0.64
YS3A2ikrw8F6HSASX,2b83f2d05da3d624caaaceda4f641278e457c5b4b10c52cbc2e42b04ae93007e,3,0.65,3,1538955518744,Sports,0.8450000000000001,0.46
8sWd9rNmp9HZgyYBE,2b83f2d05da3d624caaaceda4f641278e457c5b4b10c52cbc2e42b04ae93007e,4,0.6,3,1538955518744,Sports,0.32000000000000006,0.665
JXHfWnxq4LihZudpy,2b83f2d05da3d624caaaceda4f641278e457c5b4b10c52cbc2e42b04ae93007e,5,0.5,3,1538955518744,Sports,0.5,0.56
tvYZN5wd5C46uFmm8,2b83f2d05da3d624caaaceda4f641278e457c5b4b10c52cbc2e42b04ae93007e,6,0.1,3,1538955518745,Sports,0.020000000000000004,0.355
MK46p7e2M87q97kph,1bb9c49adf4dbcd516434ea92c9fd7ac1a47b6d6d1bafafb7ebc55e5296d7743,1,0.21,3,1538955588194,Sports,1.2482000000000002,0.44
eK8ZvpGfhiZE9CTjT,1bb9c49adf4dbcd516434ea92c9fd7ac1a47b6d6d1bafafb7ebc55e5296d7743,2,0.72,3,1538955588194,Sports,1.0368,0.655
85N2S8xedJJqc7Wcq,1bb9c49adf4dbcd516434ea92c9fd7ac1a47b6d6d1bafafb7ebc55e5296d7743,3,0.45,3,1538955588195,Sports,0.405,0.63
fig29joiby6LNGRoT,1bb9c49adf4dbcd516434ea92c9fd7ac1a47b6d6d1bafafb7ebc55e5296d7743,4,0.59,3,1538955588195,Sports,0.33620000000000005,0.77
cxRC55wifwsZbLXez,1bb9c49adf4dbcd516434ea92c9fd7ac1a47b6d6d1bafafb7ebc55e5296d7743,5,0.17,3,1538955588196,Sports,0.05780000000000001,0.465
4FymdYNoTHdQofnLY,1bb9c49adf4dbcd516434ea92c9fd7ac1a47b6d6d1bafafb7ebc55e5296d7743,6,0.1,3,1538955588198,Sports,0.020000000000000004,0.38
sdijwrzFSjvrAQ5NX,1bb9c49adf4dbcd516434ea92c9fd7ac1a47b6d6d1bafafb7ebc55e5296d7743,7,0.88,3,1538955591793,Politics,1.5488,0.705
qjjZwYekk5bc4AGqi,1bb9c49adf4dbcd516434ea92c9fd7ac1a47b6d6d1bafafb7ebc55e5296d7743,8,0.54,3,1538955591794,Politics,0.4231999999999999,0.74
nFYyx9MefZansSqTE,1bb9c49adf4dbcd516434ea92c9fd7ac1a47b6d6d1bafafb7ebc55e5296d7743,9,0.37,3,1538955591794,Politics,0.2738,0.71
SKHF8kjEZSZy9wb4J,1bb9c49adf4dbcd516434ea92c9fd7ac1a47b6d6d1bafafb7ebc55e5296d7743,10,0,3,1538955591795,Politics,0,0.44
zWuF4bHtvTbME7oDW,1bb9c49adf4dbcd516434ea92c9fd7ac1a47b6d6d1bafafb7ebc55e5296d7743,11,0.08,3,1538955591795,Politics,0.0128,0.445
9SsFFnLiEQXb8Twqj,1bb9c49adf4dbcd516434ea92c9fd7ac1a47b6d6d1bafafb7ebc55e5296d7743,12,0.05,3,1538955591795,Politics,0.005000000000000001,0.51
gzhBzPnYYs59ssSwv,1bb9c49adf4dbcd516434ea92c9fd7ac1a47b6d6d1bafafb7ebc55e5296d7743,13,0.11,3,1538955597472,Entertainment,0.0242,0.385
C5JJKgEFy9PgQJMFk,1bb9c49adf4dbcd516434ea92c9fd7ac1a47b6d6d1bafafb7ebc55e5296d7743,14,0.87,3,1538955597473,Entertainment,0.033800000000000004,0.675
yDweXuhetFMnAPidh,1bb9c49adf4dbcd516434ea92c9fd7ac1a47b6d6d1bafafb7ebc55e5296d7743,15,0.15,3,1538955597473,Entertainment,0.045,0.51
n8FAE2XYWKFX4uMS2,1bb9c49adf4dbcd516434ea92c9fd7ac1a47b6d6d1bafafb7ebc55e5296d7743,16,0.05,3,1538955597473,Entertainment,1.805,0.37
DMDLFkWaWbdarrGKT,1bb9c49adf4dbcd516434ea92c9fd7ac1a47b6d6d1bafafb7ebc55e5296d7743,17,0.08,3,1538955597475,Entertainment,0.0128,0.325
zgzpt8vPyoWzdzuKb,1bb9c49adf4dbcd516434ea92c9fd7ac1a47b6d6d1bafafb7ebc55e5296d7743,18,0.16,3,1538955597475,Entertainment,0.0512,0.47
PGrkT9tZKAFqQJYaL,2b83f2d05da3d624caaaceda4f641278e457c5b4b10c52cbc2e42b04ae93007e,7,0.95,3,1538955631214,Politics,1.805,0.625
3Dpag7odBNNHxG6cy,2b83f2d05da3d624caaaceda4f641278e457c5b4b10c52cbc2e42b04ae93007e,8,0.4,3,1538955631215,Politics,0.72,0.605
YNo9yJ3cPLRAHBMY4,2b83f2d05da3d624caaaceda4f641278e457c5b4b10c52cbc2e42b04ae93007e,9,0.8,3,1538955631216,Politics,1.2800000000000002,0.525
KwYoLJDeLDX2P5B4T,2b83f2d05da3d624caaaceda4f641278e457c5b4b10c52cbc2e42b04ae93007e,10,0.02,3,1538955631217,Politics,8e-4,0.365
4s3Af5SY5nEgBNaX8,2b83f2d05da3d624caaaceda4f641278e457c5b4b10c52cbc2e42b04ae93007e,11,0.2,3,1538955631217,Politics,0.08000000000000002,0.475
kSnjzBGYnf4ERGGQ4,2b83f2d05da3d624caaaceda4f641278e457c5b4b10c52cbc2e42b04ae93007e,12,0.25,3,1538955631217,Politics,0.125,0.515
XGKMBjJXuh5dmu9jx,2b83f2d05da3d624caaaceda4f641278e457c5b4b10c52cbc2e42b04ae93007e,13,0.3,3,1538955914831,Entertainment,0.18,0.64
NkTgLyNDEpC2RtpZJ,2b83f2d05da3d624caaaceda4f641278e457c5b4b10c52cbc2e42b04ae93007e,14,0.7,3,1538955914833,Entertainment,0.18000000000000005,0.645
yraazWqwjqxMGHgsT,2b83f2d05da3d624caaaceda4f641278e457c5b4b10c52cbc2e42b04ae93007e,15,0.45,3,1538955914834,Entertainment,0.405,0.65
M26X4kQvNJpYo9PdL,2b83f2d05da3d624caaaceda4f641278e457c5b4b10c52cbc2e42b04ae93007e,16,0.7,3,1538955914835,Entertainment,0.18000000000000005,0.555
iH7cBYhaFJsLphYGv,2b83f2d05da3d624caaaceda4f641278e457c5b4b10c52cbc2e42b04ae93007e,17,0.2,3,1538955914835,Entertainment,0.08000000000000002,0.44
cccfLu29vi4BnWrWv,2b83f2d05da3d624caaaceda4f641278e457c5b4b10c52cbc2e42b04ae93007e,18,0.02,3,1538955914836,Entertainment,8e-4,0.225
xqaFhgkKd84HN63h7,7c1b3252c2481826743821733e5775531663307c788b13bf8762780cdeb64c3c,1,0.77,3,1538959146785,Sports,0.10579999999999998,0.565
v8YHxzkrydvSeHQhN,7c1b3252c2481826743821733e5775531663307c788b13bf8762780cdeb64c3c,2,0.85,3,1538959146789,Sports,1.4449999999999998,0.53
PHGFmsE4rFgxXdZeg,7c1b3252c2481826743821733e5775531663307c788b13bf8762780cdeb64c3c,3,0.84,3,1538959146790,Sports,1.4111999999999998,0.45
iJMxj8s2wMvBts3nz,7c1b3252c2481826743821733e5775531663307c788b13bf8762780cdeb64c3c,4,0.8,3,1538959146793,Sports,0.07999999999999996,0.59
jMnK2eambLdJHdkw9,7c1b3252c2481826743821733e5775531663307c788b13bf8762780cdeb64c3c,5,0.13,3,1538959146794,Sports,0.033800000000000004,0.305
ECyCACMh5MnWYXBM4,7c1b3252c2481826743821733e5775531663307c788b13bf8762780cdeb64c3c,6,0.31,3,1538959146796,Sports,0.1922,0.63
cWkwjjqE5mCX7QaSA,7c1b3252c2481826743821733e5775531663307c788b13bf8762780cdeb64c3c,7,0.31,3,1538959188759,Politics,0.1922,0.59
FKRaYTER75M9W48gB,7c1b3252c2481826743821733e5775531663307c788b13bf8762780cdeb64c3c,8,0.37,3,1538959188760,Politics,0.7938000000000001,0.605
d5gavSb6wdtApZSWR,7c1b3252c2481826743821733e5775531663307c788b13bf8762780cdeb64c3c,9,0.24,3,1538959188762,Politics,0.1152,0.405
aiqvGFybqhaAYuYyb,7c1b3252c2481826743821733e5775531663307c788b13bf8762780cdeb64c3c,10,0.33,3,1538959188763,Politics,0.21780000000000002,0.51
8FNakEfYoJasQDhS7,7c1b3252c2481826743821733e5775531663307c788b13bf8762780cdeb64c3c,11,0.27,3,1538959188767,Politics,0.1458,0.435
vnCzSsDvuEmg3jKiT,7c1b3252c2481826743821733e5775531663307c788b13bf8762780cdeb64c3c,12,0.35,3,1538959188768,Politics,0.24499999999999997,0.46
SKn2X4KnAKAoyCKEs,7c1b3252c2481826743821733e5775531663307c788b13bf8762780cdeb64c3c,13,0.83,3,1538959219795,Entertainment,1.3778,0.525
c2xQuGks5CANfPZEA,7c1b3252c2481826743821733e5775531663307c788b13bf8762780cdeb64c3c,14,0.35,3,1538959219795,Entertainment,0.8450000000000001,0.655
8TnjZH6GHwHvroqbp,7c1b3252c2481826743821733e5775531663307c788b13bf8762780cdeb64c3c,15,0.32,3,1538959219796,Entertainment,0.2048,0.595
3BeSPCnemvziD3XhF,7c1b3252c2481826743821733e5775531663307c788b13bf8762780cdeb64c3c,16,0.86,3,1538959219797,Entertainment,0.039200000000000006,0.52
fKZ6seHkZmyLSPzkB,7c1b3252c2481826743821733e5775531663307c788b13bf8762780cdeb64c3c,17,0.8,3,1538959219797,Entertainment,1.2800000000000002,0.405
F8SwhAL2rAH3GzH52,7c1b3252c2481826743821733e5775531663307c788b13bf8762780cdeb64c3c,18,0.28,3,1538959219798,Entertainment,0.15680000000000002,0.44
nvALDeqGvPXy4WJJy,03397fbb61d8c7fdd6059ea6b0c322b8ae46193e56966975eafddb44dffb47bf,1,0.75,3,1538961174402,Sports,0.125,0.56
8A6eSALdka4bFoD7e,03397fbb61d8c7fdd6059ea6b0c322b8ae46193e56966975eafddb44dffb47bf,2,0.37,3,1538961174403,Sports,0.2738,0.715
WPK9cvGNR4P2StLkY,03397fbb61d8c7fdd6059ea6b0c322b8ae46193e56966975eafddb44dffb47bf,3,0.32,3,1538961174405,Sports,0.2048,0.605
oaeuQuf7MAqSSjRRe,03397fbb61d8c7fdd6059ea6b0c322b8ae46193e56966975eafddb44dffb47bf,4,0.55,3,1538961174405,Sports,0.4049999999999999,0.63
JMXae5hWwqvcJB8sb,03397fbb61d8c7fdd6059ea6b0c322b8ae46193e56966975eafddb44dffb47bf,5,0.68,3,1538961174405,Sports,0.9248000000000002,0.48
ciMayRPCaJ7HRdoXD,03397fbb61d8c7fdd6059ea6b0c322b8ae46193e56966975eafddb44dffb47bf,6,0.27,3,1538961174406,Sports,0.1458,0.5
JDtBNtorKfdKqKL9i,03397fbb61d8c7fdd6059ea6b0c322b8ae46193e56966975eafddb44dffb47bf,7,0.75,3,1538961203366,Politics,1.125,0.615
3p9oqTHg9WrEFHJjj,03397fbb61d8c7fdd6059ea6b0c322b8ae46193e56966975eafddb44dffb47bf,8,0.74,3,1538961203366,Politics,0.13520000000000001,0.535
x6HHtMbb2pGk6gh8p,03397fbb61d8c7fdd6059ea6b0c322b8ae46193e56966975eafddb44dffb47bf,9,0.29,3,1538961203368,Politics,0.1682,0.445
WBDaqTX64GN9zNCGw,03397fbb61d8c7fdd6059ea6b0c322b8ae46193e56966975eafddb44dffb47bf,10,0.24,3,1538961203368,Politics,0.1152,0.41
oJDFGTGrLKm89Z9A7,03397fbb61d8c7fdd6059ea6b0c322b8ae46193e56966975eafddb44dffb47bf,11,0.02,3,1538961203368,Politics,8e-4,0.31
eKqDBtAasKCMqmAKi,03397fbb61d8c7fdd6059ea6b0c322b8ae46193e56966975eafddb44dffb47bf,12,0.18,3,1538961203370,Politics,0.0648,0.495
ADu4ocRQkMPYHj4jd,03397fbb61d8c7fdd6059ea6b0c322b8ae46193e56966975eafddb44dffb47bf,13,0.87,3,1538961225473,Entertainment,1.5138,0.53
xgh4i5LJBkPfz7XRH,03397fbb61d8c7fdd6059ea6b0c322b8ae46193e56966975eafddb44dffb47bf,14,0.83,3,1538961225474,Entertainment,0.057800000000000025,0.615
9rsKBuiPJyEp3JtoX,03397fbb61d8c7fdd6059ea6b0c322b8ae46193e56966975eafddb44dffb47bf,15,0.75,3,1538961225474,Entertainment,1.125,0.56
B88nghFa3857kCyxF,03397fbb61d8c7fdd6059ea6b0c322b8ae46193e56966975eafddb44dffb47bf,16,0,3,1538961225475,Entertainment,2,0.29
piQxxDwX8kE2Zqu7d,03397fbb61d8c7fdd6059ea6b0c322b8ae46193e56966975eafddb44dffb47bf,17,0.35,3,1538961225475,Entertainment,0.24499999999999997,0.67
hh5ZtsLmATZw8zATq,03397fbb61d8c7fdd6059ea6b0c322b8ae46193e56966975eafddb44dffb47bf,18,0.65,3,1538961225477,Entertainment,0.8450000000000001,0.515
YNcxDYwm79HgT6vut,72f9bb58af40a13f6587ec84bcf6f303ab8eb85dabcdd8a7ea64fcb2861b2ff5,7,0.23,3,1538962701468,Politics,0.1058,0.365
W3bsewmZ2QcGEtnm2,72f9bb58af40a13f6587ec84bcf6f303ab8eb85dabcdd8a7ea64fcb2861b2ff5,8,0.87,3,1538962701471,Politics,0.033800000000000004,0.59
igHWNMiJB8wGqQFQw,72f9bb58af40a13f6587ec84bcf6f303ab8eb85dabcdd8a7ea64fcb2861b2ff5,9,0,3,1538962701473,Politics,0,0.225
sgGih9J6qftf9M9R4,72f9bb58af40a13f6587ec84bcf6f303ab8eb85dabcdd8a7ea64fcb2861b2ff5,10,0.81,3,1538962701475,Politics,1.3122000000000003,0.32
nfHT7qGEa6TANZDiA,72f9bb58af40a13f6587ec84bcf6f303ab8eb85dabcdd8a7ea64fcb2861b2ff5,11,0.38,3,1538962701477,Politics,0.2888,0.535
TnLHD7EwKqNbfgLRC,72f9bb58af40a13f6587ec84bcf6f303ab8eb85dabcdd8a7ea64fcb2861b2ff5,12,0.81,3,1538962701478,Politics,1.3122000000000003,0.4
2KjaNYZnLKnFTBXFm,72f9bb58af40a13f6587ec84bcf6f303ab8eb85dabcdd8a7ea64fcb2861b2ff5,13,0.78,3,1538962717849,Entertainment,1.2168,0.565
uvppJ3An74X9Dyg38,72f9bb58af40a13f6587ec84bcf6f303ab8eb85dabcdd8a7ea64fcb2861b2ff5,14,0.25,3,1538962717852,Entertainment,1.125,0.38
4gs25Hd5Yi7Ddv2Wo,72f9bb58af40a13f6587ec84bcf6f303ab8eb85dabcdd8a7ea64fcb2861b2ff5,15,0.79,3,1538962717854,Entertainment,1.2482000000000002,0.565
TNg2dFWjQuCZwjfpB,72f9bb58af40a13f6587ec84bcf6f303ab8eb85dabcdd8a7ea64fcb2861b2ff5,16,0.34,3,1538962717855,Entertainment,0.8711999999999998,0.625
b6xr9Qy29fK4djSqJ,72f9bb58af40a13f6587ec84bcf6f303ab8eb85dabcdd8a7ea64fcb2861b2ff5,17,0.75,3,1538962717857,Entertainment,1.125,0.5
SCpq8keTiraL8JERJ,72f9bb58af40a13f6587ec84bcf6f303ab8eb85dabcdd8a7ea64fcb2861b2ff5,18,0.63,3,1538962717858,Entertainment,0.7938000000000001,0.485
qfRQ58oEvwTuCXnKc,c00ba506948bd3d3ebdf306c42a07efd67c3c2be52eb58cd5b693239ee6c86a5,1,0.69,3,1538962892313,Sports,0.19220000000000007,0.6
n8BHP2jFoDtrprBDb,c00ba506948bd3d3ebdf306c42a07efd67c3c2be52eb58cd5b693239ee6c86a5,2,0.67,3,1538962892316,Sports,0.8978000000000002,0.57
vpGdSFLkCHknvFv6k,c00ba506948bd3d3ebdf306c42a07efd67c3c2be52eb58cd5b693239ee6c86a5,3,0.42,3,1538962892319,Sports,0.35279999999999995,0.46
SegTvziCgfwPH4XeW,c00ba506948bd3d3ebdf306c42a07efd67c3c2be52eb58cd5b693239ee6c86a5,4,0.71,3,1538962892321,Sports,0.16820000000000004,0.525
ySZQxGNrZXctTcJJi,c00ba506948bd3d3ebdf306c42a07efd67c3c2be52eb58cd5b693239ee6c86a5,5,0.3,3,1538962892322,Sports,0.18,0.565
w9Net2q6sDJCRiq3p,c00ba506948bd3d3ebdf306c42a07efd67c3c2be52eb58cd5b693239ee6c86a5,6,0.63,3,1538962892323,Sports,0.7938000000000001,0.47
6i7qBKGZpsaXJMHmT,c00ba506948bd3d3ebdf306c42a07efd67c3c2be52eb58cd5b693239ee6c86a5,7,0.5,3,1538962898509,Politics,0.5,0.59
2qWojTKxxekRHMjf9,c00ba506948bd3d3ebdf306c42a07efd67c3c2be52eb58cd5b693239ee6c86a5,8,0.55,3,1538962898513,Politics,0.4049999999999999,0.56
pbjySuFXfbFR4eDjz,c00ba506948bd3d3ebdf306c42a07efd67c3c2be52eb58cd5b693239ee6c86a5,9,0.48,3,1538962898515,Politics,0.4608,0.585
tEyGxH35fw5TZcCYq,c00ba506948bd3d3ebdf306c42a07efd67c3c2be52eb58cd5b693239ee6c86a5,10,0.53,3,1538962898516,Politics,0.5618000000000001,0.43
knBiLAyNws4ZvDBNy,c00ba506948bd3d3ebdf306c42a07efd67c3c2be52eb58cd5b693239ee6c86a5,11,0.28,3,1538962898518,Politics,0.15680000000000002,0.42
vfzvgbzQJgg5rdahg,c00ba506948bd3d3ebdf306c42a07efd67c3c2be52eb58cd5b693239ee6c86a5,12,0.45,3,1538962898519,Politics,0.405,0.38
CvMqKSWi9TJsose9m,c00ba506948bd3d3ebdf306c42a07efd67c3c2be52eb58cd5b693239ee6c86a5,13,0.56,3,1538962901726,Entertainment,0.6272000000000001,0.525
zwaLNRhZx7YJvJuZN,c00ba506948bd3d3ebdf306c42a07efd67c3c2be52eb58cd5b693239ee6c86a5,14,0.54,3,1538962901730,Entertainment,0.4231999999999999,0.525
6mszXL4CziWY9TCjr,c00ba506948bd3d3ebdf306c42a07efd67c3c2be52eb58cd5b693239ee6c86a5,15,0.45,3,1538962901732,Entertainment,0.405,0.51
2rFLuGoQMZNrYGbqF,c00ba506948bd3d3ebdf306c42a07efd67c3c2be52eb58cd5b693239ee6c86a5,16,0.54,3,1538962901733,Entertainment,0.4231999999999999,0.55
xyp4AnCKbkmHmFEvF,c00ba506948bd3d3ebdf306c42a07efd67c3c2be52eb58cd5b693239ee6c86a5,17,0.48,3,1538962901735,Entertainment,0.4608,0.47
uss5EM2qPx2cmEvud,c00ba506948bd3d3ebdf306c42a07efd67c3c2be52eb58cd5b693239ee6c86a5,18,0.46,3,1538962901737,Entertainment,0.4232,0.51
RnAmcMHdH3h87ANNc,3f00dc9faf9c94bbf8e3e03cba2122a5b68a59a0fdf2c4c567701244035813eb,1,0.84,3,1538963162796,Sports,0.05120000000000002,0.56
BCRipXJizaybMvzEP,3f00dc9faf9c94bbf8e3e03cba2122a5b68a59a0fdf2c4c567701244035813eb,2,0.75,3,1538963162800,Sports,1.125,0.52
yaL9oDnFFvpWXaXx4,3f00dc9faf9c94bbf8e3e03cba2122a5b68a59a0fdf2c4c567701244035813eb,3,0.35,3,1538963162801,Sports,0.24499999999999997,0.49
6YX78axbZmwBTWmxy,3f00dc9faf9c94bbf8e3e03cba2122a5b68a59a0fdf2c4c567701244035813eb,4,0.58,3,1538963162802,Sports,0.35280000000000006,0.575
bLes8zcMaNJLRGGRR,3f00dc9faf9c94bbf8e3e03cba2122a5b68a59a0fdf2c4c567701244035813eb,5,0.3,3,1538963162802,Sports,0.18,0.56
hvmCND58pqrLyccSF,3f00dc9faf9c94bbf8e3e03cba2122a5b68a59a0fdf2c4c567701244035813eb,6,0.37,3,1538963162804,Sports,0.2738,0.585
zxnXsa78KiGDRZ74s,3f00dc9faf9c94bbf8e3e03cba2122a5b68a59a0fdf2c4c567701244035813eb,7,0.61,3,1538963201880,Politics,0.7442,0.53
vPXycBFXzHZ7p8mBa,3f00dc9faf9c94bbf8e3e03cba2122a5b68a59a0fdf2c4c567701244035813eb,8,0.43,3,1538963201883,Politics,0.6498000000000002,0.605
xfPw8DpZSw7Y6Aqcb,3f00dc9faf9c94bbf8e3e03cba2122a5b68a59a0fdf2c4c567701244035813eb,9,0.31,3,1538963201883,Politics,0.1922,0.625
nhdaMZxoJgyomvEiR,3f00dc9faf9c94bbf8e3e03cba2122a5b68a59a0fdf2c4c567701244035813eb,10,0.42,3,1538963201884,Politics,0.35279999999999995,0.32
buxFaNZLSDBjyFo8t,3f00dc9faf9c94bbf8e3e03cba2122a5b68a59a0fdf2c4c567701244035813eb,11,0.3,3,1538963201885,Politics,0.18,0.51
8tBzxv5thvvuooCw3,3f00dc9faf9c94bbf8e3e03cba2122a5b68a59a0fdf2c4c567701244035813eb,12,0.39,3,1538963201887,Politics,0.3042,0.47
TWuasAivkZKHDDJbd,e2847016f7cebe05a062497bafe1e7d6608109e981cbf998d5611a40228bab82,1,0.57,3,1538963152941,Sports,0.3698000000000001,0.62
bnZ6umqBudHComggH,e2847016f7cebe05a062497bafe1e7d6608109e981cbf998d5611a40228bab82,2,1,3,1538963152947,Sports,2,0.57
FZkgM6t3mcNNueLgK,e2847016f7cebe05a062497bafe1e7d6608109e981cbf998d5611a40228bab82,3,0.23,3,1538963152949,Sports,0.1058,0.365
LmxZ9N5BKkKX7qHYi,e2847016f7cebe05a062497bafe1e7d6608109e981cbf998d5611a40228bab82,4,0.52,3,1538963152952,Sports,0.4608,0.625
3FZzZHt79e9BZBPyf,e2847016f7cebe05a062497bafe1e7d6608109e981cbf998d5611a40228bab82,5,0.85,3,1538963152955,Sports,1.4449999999999998,0.44
nDHSqoMy8bXgobAL9,e2847016f7cebe05a062497bafe1e7d6608109e981cbf998d5611a40228bab82,6,0.46,3,1538963152957,Sports,0.4232,0.605
L7Mwto5H5wEhkjhNY,e2847016f7cebe05a062497bafe1e7d6608109e981cbf998d5611a40228bab82,7,0.37,3,1538963193659,Politics,0.2738,0.625
4ojatKe2ntFx4Kpko,e2847016f7cebe05a062497bafe1e7d6608109e981cbf998d5611a40228bab82,8,0.43,3,1538963193661,Politics,0.6498000000000002,0.6
9ZftuPRjPXxYQvPEJ,e2847016f7cebe05a062497bafe1e7d6608109e981cbf998d5611a40228bab82,9,0.29,3,1538963193663,Politics,0.1682,0.395
wtdcxoch3Xqh4bhLR,e2847016f7cebe05a062497bafe1e7d6608109e981cbf998d5611a40228bab82,10,0.72,3,1538963193667,Politics,1.0368,0.425
uCWkTeXujTFMKWr7X,e2847016f7cebe05a062497bafe1e7d6608109e981cbf998d5611a40228bab82,11,0.57,3,1538963193670,Politics,0.6497999999999999,0.425
MSbCRCFgxtL6niJgB,e2847016f7cebe05a062497bafe1e7d6608109e981cbf998d5611a40228bab82,12,0.16,3,1538963193672,Politics,0.0512,0.51
TSAeE6Ehf9DAZv8Mi,e2847016f7cebe05a062497bafe1e7d6608109e981cbf998d5611a40228bab82,13,1,3,1538963229211,Entertainment,2,0.575
nGaPMfTGDLrcn9AZv,e2847016f7cebe05a062497bafe1e7d6608109e981cbf998d5611a40228bab82,14,0.41,3,1538963229212,Entertainment,0.6962000000000002,0.63
AivpmtSgwYmcHXhtu,e2847016f7cebe05a062497bafe1e7d6608109e981cbf998d5611a40228bab82,15,0.9,3,1538963229215,Entertainment,1.62,0.52
wD3qD4xDXzc9nfeCQ,e2847016f7cebe05a062497bafe1e7d6608109e981cbf998d5611a40228bab82,16,0.57,3,1538963229218,Entertainment,0.3698000000000001,0.575
WhjRdQZTx3aS7ev2z,e2847016f7cebe05a062497bafe1e7d6608109e981cbf998d5611a40228bab82,17,0.74,3,1538963229219,Entertainment,1.0952,0.48
xG6KgPGBfN7A9BBbz,e2847016f7cebe05a062497bafe1e7d6608109e981cbf998d5611a40228bab82,18,0.96,3,1538963229222,Entertainment,1.8432,0.44
FxRtuwgQvscWNXx37,c65a4fdfbb7cb90b7d12d023dde59f552602e4cf466172c25aa207ce45e2a89a,1,0.3,3,1538963285401,Sports,0.9799999999999999,0.6
PTmrfkGtwZDhAFJ8f,c65a4fdfbb7cb90b7d12d023dde59f552602e4cf466172c25aa207ce45e2a89a,2,0.55,3,1538963285406,Sports,0.6050000000000001,0.59
ag7ahRLMpPYi3ByvX,c65a4fdfbb7cb90b7d12d023dde59f552602e4cf466172c25aa207ce45e2a89a,3,0.7,3,1538963285408,Sports,0.9799999999999999,0.44
oZnwPGZNMfc2WxYvp,c65a4fdfbb7cb90b7d12d023dde59f552602e4cf466172c25aa207ce45e2a89a,4,0.55,3,1538963285409,Sports,0.4049999999999999,0.635
cr7dxTrP2gpS5ENfh,c65a4fdfbb7cb90b7d12d023dde59f552602e4cf466172c25aa207ce45e2a89a,5,0.55,3,1538963285410,Sports,0.6050000000000001,0.55
wtAmswaCHFjk6ksDg,c65a4fdfbb7cb90b7d12d023dde59f552602e4cf466172c25aa207ce45e2a89a,6,0.35,3,1538963285411,Sports,0.24499999999999997,0.62
wuzC7GmGubrvzMdcf,c65a4fdfbb7cb90b7d12d023dde59f552602e4cf466172c25aa207ce45e2a89a,7,0.64,3,1538963543682,Politics,0.8192,0.575
GdTsQEQqYzBCkwiXn,c65a4fdfbb7cb90b7d12d023dde59f552602e4cf466172c25aa207ce45e2a89a,8,0.8,3,1538963543684,Politics,0.07999999999999996,0.55
B3TvdkkbmCt4pM8Y3,c65a4fdfbb7cb90b7d12d023dde59f552602e4cf466172c25aa207ce45e2a89a,9,0.74,3,1538963543684,Politics,1.0952,0.425
aAgEhQcLCd3u8NhvK,c65a4fdfbb7cb90b7d12d023dde59f552602e4cf466172c25aa207ce45e2a89a,10,0.1,3,1538963543687,Politics,0.020000000000000004,0.435
JGLMyeJK2RRRcTzmS,c65a4fdfbb7cb90b7d12d023dde59f552602e4cf466172c25aa207ce45e2a89a,11,0.25,3,1538963543687,Politics,0.125,0.415
6ywNMjFWTkz4X9TQQ,c65a4fdfbb7cb90b7d12d023dde59f552602e4cf466172c25aa207ce45e2a89a,12,0.15,3,1538963543689,Politics,0.045,0.47
aY6p3epKjTm7uE7wr,c65a4fdfbb7cb90b7d12d023dde59f552602e4cf466172c25aa207ce45e2a89a,13,0.3,3,1538963726428,Entertainment,0.18,0.605
QQpwwgX9fyeXSXo32,c65a4fdfbb7cb90b7d12d023dde59f552602e4cf466172c25aa207ce45e2a89a,14,0.9,3,1538963726431,Entertainment,0.01999999999999999,0.565
xzryYRMPDRMdAzD2X,c65a4fdfbb7cb90b7d12d023dde59f552602e4cf466172c25aa207ce45e2a89a,15,0.4,3,1538963726431,Entertainment,0.32000000000000006,0.62
ccgPhrZj5wd8MGmPz,c65a4fdfbb7cb90b7d12d023dde59f552602e4cf466172c25aa207ce45e2a89a,16,0.7,3,1538963726436,Entertainment,0.18000000000000005,0.47
keMFoxQ7Fv8GRzCME,c65a4fdfbb7cb90b7d12d023dde59f552602e4cf466172c25aa207ce45e2a89a,17,0.7,3,1538963726438,Entertainment,0.9799999999999999,0.475
uekiMCmFF6okfohpv,c65a4fdfbb7cb90b7d12d023dde59f552602e4cf466172c25aa207ce45e2a89a,18,0.6,3,1538963726440,Entertainment,0.72,0.465
FQ7Ydw9NKkzdvHakc,b8d6967fc91a94856bbd5a2e77a9a06d1a40ec08a7652764b9c7cbd0d7c6c39a,1,0.32,3,1538964887690,Sports,0.9247999999999998,0.61
WfEZQcf2FbdSmuDdF,b8d6967fc91a94856bbd5a2e77a9a06d1a40ec08a7652764b9c7cbd0d7c6c39a,2,0.72,3,1538964887691,Sports,1.0368,0.535
2mpXmAN8o4y2GWnSp,b8d6967fc91a94856bbd5a2e77a9a06d1a40ec08a7652764b9c7cbd0d7c6c39a,3,0.74,3,1538964887691,Sports,1.0952,0.415
sRca8ZS7fHsoDPf5k,b8d6967fc91a94856bbd5a2e77a9a06d1a40ec08a7652764b9c7cbd0d7c6c39a,4,0.35,3,1538964887692,Sports,0.8450000000000001,0.63
Bp3D2KdoBkmu6vH4D,b8d6967fc91a94856bbd5a2e77a9a06d1a40ec08a7652764b9c7cbd0d7c6c39a,5,0.36,3,1538964887692,Sports,0.2592,0.61
kq2CJfw6AtP4Fc5E9,b8d6967fc91a94856bbd5a2e77a9a06d1a40ec08a7652764b9c7cbd0d7c6c39a,6,0.72,3,1538964887693,Sports,1.0368,0.51
SuJ93fCWayAQiDWs4,b8d6967fc91a94856bbd5a2e77a9a06d1a40ec08a7652764b9c7cbd0d7c6c39a,7,0.7,3,1538964920108,Politics,0.9799999999999999,0.53
Q8cSWzo5cern6evFY,b8d6967fc91a94856bbd5a2e77a9a06d1a40ec08a7652764b9c7cbd0d7c6c39a,8,0.42,3,1538964920108,Politics,0.6728000000000002,0.56
aD7LW43JWDZnoWyYc,b8d6967fc91a94856bbd5a2e77a9a06d1a40ec08a7652764b9c7cbd0d7c6c39a,9,0.39,3,1538964920110,Politics,0.3042,0.55
DEp97xB9xjKBFNzaF,b8d6967fc91a94856bbd5a2e77a9a06d1a40ec08a7652764b9c7cbd0d7c6c39a,10,0.26,3,1538964920111,Politics,0.13520000000000001,0.385
SECbCSh6fvDeYPken,b8d6967fc91a94856bbd5a2e77a9a06d1a40ec08a7652764b9c7cbd0d7c6c39a,11,0.37,3,1538964920112,Politics,0.2738,0.555
hTufHxeJysSNz3wHp,b8d6967fc91a94856bbd5a2e77a9a06d1a40ec08a7652764b9c7cbd0d7c6c39a,12,0.38,3,1538964920112,Politics,0.2888,0.445
a5CFFt2Nxe96LqnXo,b8d6967fc91a94856bbd5a2e77a9a06d1a40ec08a7652764b9c7cbd0d7c6c39a,13,0.21,3,1538964946498,Entertainment,0.08819999999999999,0.285
qiMcg2DJrmtjPybyZ,b8d6967fc91a94856bbd5a2e77a9a06d1a40ec08a7652764b9c7cbd0d7c6c39a,14,0.92,3,1538964946499,Entertainment,0.012799999999999987,0.515
ojKgWawRLWKHAWdJe,b8d6967fc91a94856bbd5a2e77a9a06d1a40ec08a7652764b9c7cbd0d7c6c39a,15,0.53,3,1538964946499,Entertainment,0.5618000000000001,0.51
xEQHCqPEBRwgD5Tm3,b8d6967fc91a94856bbd5a2e77a9a06d1a40ec08a7652764b9c7cbd0d7c6c39a,16,0.39,3,1538964946500,Entertainment,0.7442,0.59
iXKTbFttPKGwZWnb6,b8d6967fc91a94856bbd5a2e77a9a06d1a40ec08a7652764b9c7cbd0d7c6c39a,17,0.34,3,1538964946501,Entertainment,0.23120000000000004,0.545
faWoGoinS7ZgmKkeJ,b8d6967fc91a94856bbd5a2e77a9a06d1a40ec08a7652764b9c7cbd0d7c6c39a,18,0.25,3,1538964946501,Entertainment,0.125,0.47
gHz9rHR2HE6ZEedQK,bf6f93f51718c3b58e8682b06fa09bd2e7275dce03da0c1a813bf7ec55ebda54,1,0.5,3,1538966536422,Sports,0.5,0.665
mY4vMT9ppHQXPPNmj,bf6f93f51718c3b58e8682b06fa09bd2e7275dce03da0c1a813bf7ec55ebda54,2,0.89,3,1538966536432,Sports,1.5842,0.615
j8chJT47eBYWhCkPd,bf6f93f51718c3b58e8682b06fa09bd2e7275dce03da0c1a813bf7ec55ebda54,3,0.05,3,1538966536441,Sports,0.005000000000000001,0.33
PciYa6TuZDg2t4AWp,bf6f93f51718c3b58e8682b06fa09bd2e7275dce03da0c1a813bf7ec55ebda54,4,0.81,3,1538966536446,Sports,0.07219999999999996,0.605
JmKScKEznBKyYJ8w8,bf6f93f51718c3b58e8682b06fa09bd2e7275dce03da0c1a813bf7ec55ebda54,5,0.11,3,1538966536451,Sports,0.0242,0.5
m5kZidAg9BLJsvyhv,bf6f93f51718c3b58e8682b06fa09bd2e7275dce03da0c1a813bf7ec55ebda54,6,0.12,3,1538966536454,Sports,0.0288,0.35
jw24sKiE9YeFMqabn,bf6f93f51718c3b58e8682b06fa09bd2e7275dce03da0c1a813bf7ec55ebda54,7,0.22,3,1538966583353,Politics,0.0968,0.39
66CEQuzpQHTJLahuN,bf6f93f51718c3b58e8682b06fa09bd2e7275dce03da0c1a813bf7ec55ebda54,8,0.27,3,1538966583357,Politics,1.0657999999999999,0.475
TL4h9RgweXETasTWq,bf6f93f51718c3b58e8682b06fa09bd2e7275dce03da0c1a813bf7ec55ebda54,9,0.07,3,1538966583359,Politics,0.009800000000000001,0.24
L32QwzRsTidcGpb9N,bf6f93f51718c3b58e8682b06fa09bd2e7275dce03da0c1a813bf7ec55ebda54,10,0.76,3,1538966583361,Politics,1.1552,0.45
xn35CMEb99AAXSRBy,bf6f93f51718c3b58e8682b06fa09bd2e7275dce03da0c1a813bf7ec55ebda54,11,0.17,3,1538966583364,Politics,0.05780000000000001,0.58
FvwAFBsxgYdxmbsQg,bf6f93f51718c3b58e8682b06fa09bd2e7275dce03da0c1a813bf7ec55ebda54,12,0.4,3,1538966583374,Politics,0.32000000000000006,0.43
Wka6idrJZ4TYtdi5n,bf6f93f51718c3b58e8682b06fa09bd2e7275dce03da0c1a813bf7ec55ebda54,13,0.3,3,1538966639909,Entertainment,0.18,0.65
zAfxQQeQnxCfomus6,bf6f93f51718c3b58e8682b06fa09bd2e7275dce03da0c1a813bf7ec55ebda54,14,0.16,3,1538966639912,Entertainment,1.4111999999999998,0.335
hSg7edrxGRKF6dG5H,bf6f93f51718c3b58e8682b06fa09bd2e7275dce03da0c1a813bf7ec55ebda54,15,0.61,3,1538966639914,Entertainment,0.7442,0.565
cdn9Lgeho9oBmAfNg,bf6f93f51718c3b58e8682b06fa09bd2e7275dce03da0c1a813bf7ec55ebda54,16,0.1,3,1538966639917,Entertainment,1.62,0.37
w6CsFjgyAyPL9mqSk,bf6f93f51718c3b58e8682b06fa09bd2e7275dce03da0c1a813bf7ec55ebda54,17,0.65,3,1538966639919,Entertainment,0.8450000000000001,0.53
8nrNcWdThkAr9WLae,bf6f93f51718c3b58e8682b06fa09bd2e7275dce03da0c1a813bf7ec55ebda54,18,0.41,3,1538966639920,Entertainment,0.33619999999999994,0.61
AYq8snkiRdRa6CLaM,0e8fb853ea7e50d551ea229b1273e5c9a63be743987bfc53da42b4f165ef1e32,1,0.94,3,1538970811290,Sports,0.007200000000000013,0.69
LsBnmxG3YNGh9KSDx,0e8fb853ea7e50d551ea229b1273e5c9a63be743987bfc53da42b4f165ef1e32,2,0.13,3,1538970811291,Sports,0.033800000000000004,0.395
c5aZGzuYvkoFvZo9K,0e8fb853ea7e50d551ea229b1273e5c9a63be743987bfc53da42b4f165ef1e32,3,0.83,3,1538970811291,Sports,1.3778,0.545
hQZgjkCXnkYR4ABhp,0e8fb853ea7e50d551ea229b1273e5c9a63be743987bfc53da42b4f165ef1e32,4,0.39,3,1538970811292,Sports,0.7442,0.745
Bz4YJgqvkGLX4w2QT,0e8fb853ea7e50d551ea229b1273e5c9a63be743987bfc53da42b4f165ef1e32,5,0.05,3,1538970811292,Sports,0.005000000000000001,0.375
ZJgzcePefWu6ePqhP,0e8fb853ea7e50d551ea229b1273e5c9a63be743987bfc53da42b4f165ef1e32,6,0.89,3,1538970811293,Sports,1.5842,0.63
QrHWD8xEgP3RBbkSX,0e8fb853ea7e50d551ea229b1273e5c9a63be743987bfc53da42b4f165ef1e32,7,0.84,3,1538970836247,Politics,1.4111999999999998,0.71
KqsQXtJBGysnksG3F,0e8fb853ea7e50d551ea229b1273e5c9a63be743987bfc53da42b4f165ef1e32,8,0.8,3,1538970836248,Politics,0.07999999999999996,0.595
vHGooCJWtMdQWEHCd,0e8fb853ea7e50d551ea229b1273e5c9a63be743987bfc53da42b4f165ef1e32,9,0.81,3,1538970836248,Politics,1.3122000000000003,0.57
4LQ63T8P7mcfSLf4n,0e8fb853ea7e50d551ea229b1273e5c9a63be743987bfc53da42b4f165ef1e32,10,0.15,3,1538970836248,Politics,0.045,0.6
t7yH2Jp4TEJJHPCME,0e8fb853ea7e50d551ea229b1273e5c9a63be743987bfc53da42b4f165ef1e32,11,0.13,3,1538970836250,Politics,0.033800000000000004,0.605
jH2tCjytpFpNHzSDd,0e8fb853ea7e50d551ea229b1273e5c9a63be743987bfc53da42b4f165ef1e32,12,0.07,3,1538970836250,Politics,0.009800000000000001,0.495
cMeRDCrhn2kxqejYo,0e8fb853ea7e50d551ea229b1273e5c9a63be743987bfc53da42b4f165ef1e32,13,0.06,3,1538970917885,Entertainment,0.0072,0.32
NjLPQJkJ5vm2BHADk,0e8fb853ea7e50d551ea229b1273e5c9a63be743987bfc53da42b4f165ef1e32,14,0,3,1538970917885,Entertainment,2,0.29
cXcAQKsXhiYLNAef5,0e8fb853ea7e50d551ea229b1273e5c9a63be743987bfc53da42b4f165ef1e32,15,0.83,3,1538970917886,Entertainment,1.3778,0.6
6ZkQ9uogcq7rwukrQ,0e8fb853ea7e50d551ea229b1273e5c9a63be743987bfc53da42b4f165ef1e32,16,0.93,3,1538970917886,Entertainment,0.009799999999999986,0.615
MaqoSDnYAytqorYoS,0e8fb853ea7e50d551ea229b1273e5c9a63be743987bfc53da42b4f165ef1e32,17,0.09,3,1538970917887,Entertainment,0.0162,0.425
A39smhNcyY8phLCwo,0e8fb853ea7e50d551ea229b1273e5c9a63be743987bfc53da42b4f165ef1e32,18,0.08,3,1538970917887,Entertainment,0.0128,0.35
YtMJ93ty5bah8pHX3,2585baae58ba17fa5c3104e6622a3be4bcf73f0dc0cb9cce89b2b22fada53d8f,1,0.63,3,1538971099874,Sports,0.2738,0.585
YqZg5fgcYnkAHYagg,2585baae58ba17fa5c3104e6622a3be4bcf73f0dc0cb9cce89b2b22fada53d8f,2,1,3,1538971099888,Sports,2,0.645
HZ9iNftBkHx8HHbHF,2585baae58ba17fa5c3104e6622a3be4bcf73f0dc0cb9cce89b2b22fada53d8f,3,0.05,3,1538971099920,Sports,0.005000000000000001,0.35
rhvyewcEyoKxzPpjd,2585baae58ba17fa5c3104e6622a3be4bcf73f0dc0cb9cce89b2b22fada53d8f,4,1,3,1538971099924,Sports,0,0.685
9rSX6uEGw7nrqvvwJ,2585baae58ba17fa5c3104e6622a3be4bcf73f0dc0cb9cce89b2b22fada53d8f,5,0.14,3,1538971099926,Sports,0.039200000000000006,0.465
KhAtcf4rNjGxfS5hE,2585baae58ba17fa5c3104e6622a3be4bcf73f0dc0cb9cce89b2b22fada53d8f,6,1,3,1538971099929,Sports,2,0.6
5gA8jrSqZYnnkLuCF,2585baae58ba17fa5c3104e6622a3be4bcf73f0dc0cb9cce89b2b22fada53d8f,7,0.08,3,1538971137156,Politics,0.0128,0.255
oYfzHTC2uciL2vzug,2585baae58ba17fa5c3104e6622a3be4bcf73f0dc0cb9cce89b2b22fada53d8f,8,0.14,3,1538971137186,Politics,1.4791999999999998,0.29
zbHFWtfqqFLC8QqSL,2585baae58ba17fa5c3104e6622a3be4bcf73f0dc0cb9cce89b2b22fada53d8f,9,0.49,3,1538971137189,Politics,0.48019999999999996,0.64
X45isoxYeHhtYB8ST,2585baae58ba17fa5c3104e6622a3be4bcf73f0dc0cb9cce89b2b22fada53d8f,10,0.05,3,1538971137197,Politics,0.005000000000000001,0.385
KLXF5aioyh9GeWhws,2585baae58ba17fa5c3104e6622a3be4bcf73f0dc0cb9cce89b2b22fada53d8f,11,1,3,1538971137218,Politics,2,0.48
vofrPjbXk8ELX5Kak,2585baae58ba17fa5c3104e6622a3be4bcf73f0dc0cb9cce89b2b22fada53d8f,12,0,3,1538971137222,Politics,0,0.485
EQnqkxqQRZARqgyWo,2585baae58ba17fa5c3104e6622a3be4bcf73f0dc0cb9cce89b2b22fada53d8f,13,1,3,1538971155902,Entertainment,2,0.62
WbNKAgbxnZgeKNQMY,2585baae58ba17fa5c3104e6622a3be4bcf73f0dc0cb9cce89b2b22fada53d8f,14,1,3,1538971155906,Entertainment,0,0.665
bueRPiqgrfgxrTGi9,2585baae58ba17fa5c3104e6622a3be4bcf73f0dc0cb9cce89b2b22fada53d8f,15,1,3,1538971155910,Entertainment,2,0.635
BupmuFeSmWAbTzdZ3,2585baae58ba17fa5c3104e6622a3be4bcf73f0dc0cb9cce89b2b22fada53d8f,16,0.74,3,1538971155915,Entertainment,0.13520000000000001,0.62
KMmjTSGEQnhpr4pXZ,2585baae58ba17fa5c3104e6622a3be4bcf73f0dc0cb9cce89b2b22fada53d8f,17,1,3,1538971155919,Entertainment,2,0.555
YNCyuk2aZ37dfSbqD,2585baae58ba17fa5c3104e6622a3be4bcf73f0dc0cb9cce89b2b22fada53d8f,18,0.02,3,1538971155922,Entertainment,8e-4,0.385
L5qYm3dnHAhtdN5ap,99ba9a82d7ba85e68ac6a1ae7eedc9ec773e1dcc3dd4d78e329a95db1987fa57,1,0.5,3,1538971671738,Sports,0.5,0.555
c4Nbv4yeXhuktJJW7,99ba9a82d7ba85e68ac6a1ae7eedc9ec773e1dcc3dd4d78e329a95db1987fa57,2,0.38,3,1538971671739,Sports,0.2888,0.64
tRb5s7eXTkuKdx596,99ba9a82d7ba85e68ac6a1ae7eedc9ec773e1dcc3dd4d78e329a95db1987fa57,3,0.68,3,1538971671739,Sports,0.9248000000000002,0.345
jwC7Y8jKDWGq5uT7i,99ba9a82d7ba85e68ac6a1ae7eedc9ec773e1dcc3dd4d78e329a95db1987fa57,4,0.61,3,1538971671740,Sports,0.3042,0.625
vcZfGGP4LCgK6TRtm,99ba9a82d7ba85e68ac6a1ae7eedc9ec773e1dcc3dd4d78e329a95db1987fa57,5,0.41,3,1538971671740,Sports,0.33619999999999994,0.57
FuuercGQWLHcFaEcc,99ba9a82d7ba85e68ac6a1ae7eedc9ec773e1dcc3dd4d78e329a95db1987fa57,6,0.7,3,1538971671740,Sports,0.9799999999999999,0.54
BqJtgNaFQN8KMsQwb,99ba9a82d7ba85e68ac6a1ae7eedc9ec773e1dcc3dd4d78e329a95db1987fa57,7,0.98,3,1538971745155,Politics,1.9207999999999998,0.6
XnEC2kvchdbkgwfEu,99ba9a82d7ba85e68ac6a1ae7eedc9ec773e1dcc3dd4d78e329a95db1987fa57,8,0.91,3,1538971745155,Politics,0.01619999999999999,0.52
m28Zm4PqxixAw2TEN,99ba9a82d7ba85e68ac6a1ae7eedc9ec773e1dcc3dd4d78e329a95db1987fa57,9,0.27,3,1538971745156,Politics,0.1458,0.395
m7sC3YQvyR878XQLx,99ba9a82d7ba85e68ac6a1ae7eedc9ec773e1dcc3dd4d78e329a95db1987fa57,10,0.68,3,1538971745156,Politics,0.9248000000000002,0.325
Baxk4KqdotHgthwcf,99ba9a82d7ba85e68ac6a1ae7eedc9ec773e1dcc3dd4d78e329a95db1987fa57,11,0.37,3,1538971745156,Politics,0.2738,0.52
NnpJCAbHjuPYEZrA6,99ba9a82d7ba85e68ac6a1ae7eedc9ec773e1dcc3dd4d78e329a95db1987fa57,12,0.38,3,1538971745157,Politics,0.2888,0.41
DLDdLWmDiNLRPP3FD,99ba9a82d7ba85e68ac6a1ae7eedc9ec773e1dcc3dd4d78e329a95db1987fa57,13,0.19,3,1538971816996,Entertainment,0.0722,0.32
ZTAcKJbMP62tg4ck2,99ba9a82d7ba85e68ac6a1ae7eedc9ec773e1dcc3dd4d78e329a95db1987fa57,14,1,3,1538971816997,Entertainment,0,0.57
7K2gJH3gN9MZez9br,99ba9a82d7ba85e68ac6a1ae7eedc9ec773e1dcc3dd4d78e329a95db1987fa57,15,0.86,3,1538971816997,Entertainment,1.4791999999999998,0.545
qTotkingkgDZ2Pa3g,99ba9a82d7ba85e68ac6a1ae7eedc9ec773e1dcc3dd4d78e329a95db1987fa57,16,0.73,3,1538971816997,Entertainment,0.1458,0.48
R7kbHC9NvRwsjLbaY,99ba9a82d7ba85e68ac6a1ae7eedc9ec773e1dcc3dd4d78e329a95db1987fa57,17,0.94,3,1538971816998,Entertainment,1.7671999999999999,0.48
wfHo7kJWRSgSdoJuG,99ba9a82d7ba85e68ac6a1ae7eedc9ec773e1dcc3dd4d78e329a95db1987fa57,18,0.67,3,1538971816999,Entertainment,0.8978000000000002,0.435
yrXuEQXWCDWKtXsJ3,440eb364dfc4b835e1f39daca90603ad7284506a47bd5829f653084c5f6e958d,1,0.7,3,1538971911431,Sports,0.18000000000000005,0.6
8LRdPpd5hT8MRF7af,440eb364dfc4b835e1f39daca90603ad7284506a47bd5829f653084c5f6e958d,2,0.75,3,1538971911436,Sports,1.125,0.6
6v6FgQKofQu6dbSoW,440eb364dfc4b835e1f39daca90603ad7284506a47bd5829f653084c5f6e958d,3,0.25,3,1538971911438,Sports,0.125,0.44
ZvKTGjjCGEHLEm2Mz,440eb364dfc4b835e1f39daca90603ad7284506a47bd5829f653084c5f6e958d,4,0.25,3,1538971911440,Sports,1.125,0.36
npkNEoknMKWZN9Mn8,440eb364dfc4b835e1f39daca90603ad7284506a47bd5829f653084c5f6e958d,5,0.2,3,1538971911443,Sports,0.08000000000000002,0.52
5pE4GP9SoWSfQMWyZ,440eb364dfc4b835e1f39daca90603ad7284506a47bd5829f653084c5f6e958d,6,0.4,3,1538971911448,Sports,0.32000000000000006,0.59
ny4aa9Tscf2SEWG5j,440eb364dfc4b835e1f39daca90603ad7284506a47bd5829f653084c5f6e958d,7,0.3,3,1538971944919,Politics,0.18,0.675
kGYR9uC3tETQe6kfC,440eb364dfc4b835e1f39daca90603ad7284506a47bd5829f653084c5f6e958d,8,0.8,3,1538971944922,Politics,0.07999999999999996,0.595
K7pQaCc3HRcSxHWdG,440eb364dfc4b835e1f39daca90603ad7284506a47bd5829f653084c5f6e958d,9,0.77,3,1538971944924,Politics,1.1858,0.52
K3qZixtMHrHLWCTZm,440eb364dfc4b835e1f39daca90603ad7284506a47bd5829f653084c5f6e958d,10,0.1,3,1538971944928,Politics,0.020000000000000004,0.505
zgMykn7EN6ucJo3BL,440eb364dfc4b835e1f39daca90603ad7284506a47bd5829f653084c5f6e958d,11,0.8,3,1538971944929,Politics,1.2800000000000002,0.39
LDzaHy7xNytMorPp2,440eb364dfc4b835e1f39daca90603ad7284506a47bd5829f653084c5f6e958d,12,0.1,3,1538971944931,Politics,0.020000000000000004,0.56
TiveRRAZW5tP52T6z,440eb364dfc4b835e1f39daca90603ad7284506a47bd5829f653084c5f6e958d,13,0.4,3,1538972003273,Entertainment,0.32000000000000006,0.58
gq8XFfFiyegexgLBm,440eb364dfc4b835e1f39daca90603ad7284506a47bd5829f653084c5f6e958d,14,0.2,3,1538972003275,Entertainment,1.2800000000000002,0.37
aTGxa2HRZrQWBaYDs,440eb364dfc4b835e1f39daca90603ad7284506a47bd5829f653084c5f6e958d,15,0.798,3,1538972003276,Entertainment,1.273608,0.53
6wnj2zd49gdu5gkET,440eb364dfc4b835e1f39daca90603ad7284506a47bd5829f653084c5f6e958d,16,0.6,3,1538972003280,Entertainment,0.32000000000000006,0.52
mebLSwWbfBdLqSMkJ,440eb364dfc4b835e1f39daca90603ad7284506a47bd5829f653084c5f6e958d,17,0.25,3,1538972003281,Entertainment,0.125,0.465
ZLF3hBjtDWon32MSk,440eb364dfc4b835e1f39daca90603ad7284506a47bd5829f653084c5f6e958d,18,0.6,3,1538972003285,Entertainment,0.72,0.535
t3a3mxX7WzcER7bhf,d59fc4a9b9a97439a83199bffb6e425159966e551bf59a9e282dcc837c9c2562,1,0.19,3,1538972955673,Sports,1.3122000000000003,0.405
sMe96eCCAg3jZqLMJ,d59fc4a9b9a97439a83199bffb6e425159966e551bf59a9e282dcc837c9c2562,2,0.14,3,1538972955676,Sports,0.039200000000000006,0.385
2AK9dyNoyGTaFtxhQ,d59fc4a9b9a97439a83199bffb6e425159966e551bf59a9e282dcc837c9c2562,3,0.74,3,1538972955678,Sports,1.0952,0.555
QiweaKNkQvcrTfmyo,d59fc4a9b9a97439a83199bffb6e425159966e551bf59a9e282dcc837c9c2562,4,0.61,3,1538972955680,Sports,0.3042,0.67
c6CTAbZzJggdAFjXN,d59fc4a9b9a97439a83199bffb6e425159966e551bf59a9e282dcc837c9c2562,5,0.39,3,1538972955682,Sports,0.3042,0.69
hPKdSh3HSa2mtTz4j,d59fc4a9b9a97439a83199bffb6e425159966e551bf59a9e282dcc837c9c2562,6,0,3,1538972955683,Sports,0,0.315
qCihqEeJW57tAczYP,d59fc4a9b9a97439a83199bffb6e425159966e551bf59a9e282dcc837c9c2562,7,0.89,3,1538972967436,Politics,1.5842,0.635
Fxq2cxaMsBuxYSRFY,d59fc4a9b9a97439a83199bffb6e425159966e551bf59a9e282dcc837c9c2562,8,0.77,3,1538972967437,Politics,0.10579999999999998,0.64
CNnQBv38GjBCktJiK,d59fc4a9b9a97439a83199bffb6e425159966e551bf59a9e282dcc837c9c2562,9,0.38,3,1538972967439,Politics,0.2888,0.725
WD63Bss64RzcTw3Yy,d59fc4a9b9a97439a83199bffb6e425159966e551bf59a9e282dcc837c9c2562,10,0.03,3,1538972967440,Politics,0.0018,0.445
i7Jf2bPCFK4qJgQoY,d59fc4a9b9a97439a83199bffb6e425159966e551bf59a9e282dcc837c9c2562,11,0,3,1538972967442,Politics,0,0.43
LjLz699cPat5MDYiM,d59fc4a9b9a97439a83199bffb6e425159966e551bf59a9e282dcc837c9c2562,12,0.07,3,1538972967443,Politics,0.009800000000000001,0.405
TTLzLKz9YsMRPciFv,d59fc4a9b9a97439a83199bffb6e425159966e551bf59a9e282dcc837c9c2562,13,0.28,3,1538972986673,Entertainment,0.15680000000000002,0.49
BGcNfnXfR9RDHiuE8,d59fc4a9b9a97439a83199bffb6e425159966e551bf59a9e282dcc837c9c2562,14,1,3,1538972986674,Entertainment,0,0.7
ZY6HnQCxSRXPMAMpw,d59fc4a9b9a97439a83199bffb6e425159966e551bf59a9e282dcc837c9c2562,15,0.52,3,1538972986675,Entertainment,0.5408000000000001,0.62
4R2ECfNJt9N2DkSvc,d59fc4a9b9a97439a83199bffb6e425159966e551bf59a9e282dcc837c9c2562,16,0.64,3,1538972986676,Entertainment,0.2592,0.61
C6dYaacnBu2PBocEB,d59fc4a9b9a97439a83199bffb6e425159966e551bf59a9e282dcc837c9c2562,17,0,3,1538972986677,Entertainment,0,0.37
tG6sr9hBAWQ7kc9aY,d59fc4a9b9a97439a83199bffb6e425159966e551bf59a9e282dcc837c9c2562,18,0.24,3,1538972986679,Entertainment,0.1152,0.47
ZcpXsNzQz6vLwKe6C,8ea4aea25452b75e1653b4b9d0096e76b272f0bdbdc208bac36165f905b2dfb8,1,0.49,3,1538974592324,Sports,0.5202,0.57
5Trf6t4KxAnA2MmLz,8ea4aea25452b75e1653b4b9d0096e76b272f0bdbdc208bac36165f905b2dfb8,2,0.34,3,1538974592335,Sports,0.23120000000000004,0.575
89EDp3R4J3wAhTLWb,8ea4aea25452b75e1653b4b9d0096e76b272f0bdbdc208bac36165f905b2dfb8,3,0.39,3,1538974592342,Sports,0.3042,0.535
dm8DT3ELFffswd9PT,8ea4aea25452b75e1653b4b9d0096e76b272f0bdbdc208bac36165f905b2dfb8,4,0.34,3,1538974592348,Sports,0.8711999999999998,0.61
kTmhg4yFoA57r37r3,8ea4aea25452b75e1653b4b9d0096e76b272f0bdbdc208bac36165f905b2dfb8,5,0.66,3,1538974592351,Sports,0.8712000000000001,0.41
ZTGXekvupDPMyaxoA,8ea4aea25452b75e1653b4b9d0096e76b272f0bdbdc208bac36165f905b2dfb8,6,0.58,3,1538974592354,Sports,0.6728,0.545
S6v38en58pSswp9gL,8ea4aea25452b75e1653b4b9d0096e76b272f0bdbdc208bac36165f905b2dfb8,7,0.53,3,1538974621546,Politics,0.5618000000000001,0.605
e24ftt4AdXsECe9zb,8ea4aea25452b75e1653b4b9d0096e76b272f0bdbdc208bac36165f905b2dfb8,8,0.36,3,1538974621560,Politics,0.8192,0.64
HrF7pKivckKwngqAW,8ea4aea25452b75e1653b4b9d0096e76b272f0bdbdc208bac36165f905b2dfb8,9,0.37,3,1538974621565,Politics,0.2738,0.56
PsCYsFsBGSrHZjied,8ea4aea25452b75e1653b4b9d0096e76b272f0bdbdc208bac36165f905b2dfb8,10,0.26,3,1538974621572,Politics,0.13520000000000001,0.345
k7gz8MsQsZWsnDDFc,8ea4aea25452b75e1653b4b9d0096e76b272f0bdbdc208bac36165f905b2dfb8,11,0.2,3,1538974621576,Politics,0.08000000000000002,0.375
iDhpQdyZSQCEmHEn4,8ea4aea25452b75e1653b4b9d0096e76b272f0bdbdc208bac36165f905b2dfb8,12,0.14,3,1538974621579,Politics,0.039200000000000006,0.455
3AYsc297wGJCqWXfP,8ea4aea25452b75e1653b4b9d0096e76b272f0bdbdc208bac36165f905b2dfb8,13,0.62,3,1538974638614,Entertainment,0.7688,0.42
WtfMzYq52q7WPryQp,8ea4aea25452b75e1653b4b9d0096e76b272f0bdbdc208bac36165f905b2dfb8,14,0.51,3,1538974638629,Entertainment,0.48019999999999996,0.615
rDCkkXAuMbK597yzm,8ea4aea25452b75e1653b4b9d0096e76b272f0bdbdc208bac36165f905b2dfb8,15,0.45,3,1538974638635,Entertainment,0.405,0.505
8ydgorBH3xpB4MoSn,8ea4aea25452b75e1653b4b9d0096e76b272f0bdbdc208bac36165f905b2dfb8,16,0.42,3,1538974638643,Entertainment,0.6728000000000002,0.56
vqENK7L3rChBjuhK2,8ea4aea25452b75e1653b4b9d0096e76b272f0bdbdc208bac36165f905b2dfb8,17,0.35,3,1538974638647,Entertainment,0.24499999999999997,0.575
Rm53tMPT4gyrv6jdE,8ea4aea25452b75e1653b4b9d0096e76b272f0bdbdc208bac36165f905b2dfb8,18,0.31,3,1538974638651,Entertainment,0.1922,0.545
mAfn5Z3HgAaMp5x2p,4b5df221c27d39702eb1794c46ac76e29d10dc6dd1c730cd299026ccb338aa66,1,0.66,3,1538974764777,Sports,0.23119999999999996,0.59
494ygj45kBZ33v5Ce,4b5df221c27d39702eb1794c46ac76e29d10dc6dd1c730cd299026ccb338aa66,2,0.73,3,1538974764777,Sports,1.0657999999999999,0.625
vCb2uEfunE8skjiT5,4b5df221c27d39702eb1794c46ac76e29d10dc6dd1c730cd299026ccb338aa66,3,0.53,3,1538974764777,Sports,0.5618000000000001,0.505
S8aszZpDPPBd3bWMK,4b5df221c27d39702eb1794c46ac76e29d10dc6dd1c730cd299026ccb338aa66,4,0.5,3,1538974764777,Sports,0.5,0.685
A4FZb92bAjmtpnWix,4b5df221c27d39702eb1794c46ac76e29d10dc6dd1c730cd299026ccb338aa66,5,0.66,3,1538974764777,Sports,0.8712000000000001,0.49
jZ3xmaQNAuJxWvcL5,4b5df221c27d39702eb1794c46ac76e29d10dc6dd1c730cd299026ccb338aa66,6,0.52,3,1538974764777,Sports,0.5408000000000001,0.675
T8zLywrQdiyshw4ih,4b5df221c27d39702eb1794c46ac76e29d10dc6dd1c730cd299026ccb338aa66,7,0.11,3,1538974817365,Politics,0.0242,0.345
cGbwY4JXH3as8uo4d,4b5df221c27d39702eb1794c46ac76e29d10dc6dd1c730cd299026ccb338aa66,8,0.25,3,1538974817365,Politics,1.125,0.44
aucJwfQqwTZkecDwa,4b5df221c27d39702eb1794c46ac76e29d10dc6dd1c730cd299026ccb338aa66,9,0.22,3,1538974817366,Politics,0.0968,0.485
r7pXWFa6xmxDyvQNT,4b5df221c27d39702eb1794c46ac76e29d10dc6dd1c730cd299026ccb338aa66,10,0.4,3,1538974817366,Politics,0.32000000000000006,0.445
LE37zXKQ89DjxnvsG,4b5df221c27d39702eb1794c46ac76e29d10dc6dd1c730cd299026ccb338aa66,11,0.36,3,1538974817366,Politics,0.2592,0.57
QE6F64vZtpWjAdx2e,4b5df221c27d39702eb1794c46ac76e29d10dc6dd1c730cd299026ccb338aa66,12,0.48,3,1538974817366,Politics,0.4608,0.465
EY5gjj68iQdRREQWm,4b5df221c27d39702eb1794c46ac76e29d10dc6dd1c730cd299026ccb338aa66,13,0.22,3,1538974851982,Entertainment,0.0968,0.42
LQ8Xm9yJaH2Spnpi9,4b5df221c27d39702eb1794c46ac76e29d10dc6dd1c730cd299026ccb338aa66,14,0.28,3,1538974851982,Entertainment,1.0368,0.38
rKrW6NKygckLNcexN,4b5df221c27d39702eb1794c46ac76e29d10dc6dd1c730cd299026ccb338aa66,15,0.26,3,1538974851982,Entertainment,0.13520000000000001,0.435
HakLrAqjZ7eGkm2BA,4b5df221c27d39702eb1794c46ac76e29d10dc6dd1c730cd299026ccb338aa66,16,0.27,3,1538974851983,Entertainment,1.0657999999999999,0.415
gZygnDkvTq3mSeSdS,4b5df221c27d39702eb1794c46ac76e29d10dc6dd1c730cd299026ccb338aa66,17,0.28,3,1538974851983,Entertainment,0.15680000000000002,0.445
xbDtcrTB6SSHWheZs,4b5df221c27d39702eb1794c46ac76e29d10dc6dd1c730cd299026ccb338aa66,18,0.22,3,1538974851983,Entertainment,0.0968,0.515
8xcWRTbnkTb62FQbs,6ad5ab52895cd85a4d706e81f42021c2687624272c1cdb0cd829c38941ec08b6,1,0.75,3,1538978629830,Sports,0.125,0.55
29vwxG5RnMiLexp8Y,6ad5ab52895cd85a4d706e81f42021c2687624272c1cdb0cd829c38941ec08b6,2,0.6,3,1538978629838,Sports,0.72,0.615
epphqcibPw5JSvnoo,6ad5ab52895cd85a4d706e81f42021c2687624272c1cdb0cd829c38941ec08b6,3,0.8,3,1538978629847,Sports,1.2800000000000002,0.5
uuAypikAYLe5RMHSm,6ad5ab52895cd85a4d706e81f42021c2687624272c1cdb0cd829c38941ec08b6,4,0.9,3,1538978629854,Sports,0.01999999999999999,0.645
Dajj6qcheqZfs3GSs,6ad5ab52895cd85a4d706e81f42021c2687624272c1cdb0cd829c38941ec08b6,5,0.6,3,1538978629859,Sports,0.72,0.485
kwoB7NszcmF6J2LLM,6ad5ab52895cd85a4d706e81f42021c2687624272c1cdb0cd829c38941ec08b6,6,0.4,3,1538978629863,Sports,0.32000000000000006,0.67
iqYCX4tPkjwozLZ9D,6ad5ab52895cd85a4d706e81f42021c2687624272c1cdb0cd829c38941ec08b6,7,0.9,3,1538978632502,Politics,1.62,0.625
6qm2bkWHqBY6NP9Y8,6ad5ab52895cd85a4d706e81f42021c2687624272c1cdb0cd829c38941ec08b6,8,0.6,3,1538978632506,Politics,0.32000000000000006,0.57
vzprRY4ejTsinqrGW,6ad5ab52895cd85a4d706e81f42021c2687624272c1cdb0cd829c38941ec08b6,9,0.1,3,1538978632509,Politics,0.020000000000000004,0.485
JscDxqHpBS9Z7FCnK,6ad5ab52895cd85a4d706e81f42021c2687624272c1cdb0cd829c38941ec08b6,10,0.1,3,1538978632510,Politics,0.020000000000000004,0.515
MnJLsJwtgurcmHXyZ,6ad5ab52895cd85a4d706e81f42021c2687624272c1cdb0cd829c38941ec08b6,11,0.3,3,1538978632515,Politics,0.18,0.59
m5JND5GyeuJpuQ6JP,6ad5ab52895cd85a4d706e81f42021c2687624272c1cdb0cd829c38941ec08b6,12,0.3,3,1538978632516,Politics,0.18,0.51
YCDwJkkZHNyqgrBKt,6ad5ab52895cd85a4d706e81f42021c2687624272c1cdb0cd829c38941ec08b6,13,0.2,3,1538978635402,Entertainment,0.08000000000000002,0.415
PK7nmXZaHKYtBAAKA,6ad5ab52895cd85a4d706e81f42021c2687624272c1cdb0cd829c38941ec08b6,14,0.1,3,1538978635403,Entertainment,1.62,0.34
M4ZkdnnScAFQY5mvf,6ad5ab52895cd85a4d706e81f42021c2687624272c1cdb0cd829c38941ec08b6,15,0.1,3,1538978635404,Entertainment,0.020000000000000004,0.48
3QDdjsjLkWxzjrRLb,6ad5ab52895cd85a4d706e81f42021c2687624272c1cdb0cd829c38941ec08b6,16,0.4,3,1538978635406,Entertainment,0.72,0.595
9AyZCd63KnM3FemNW,6ad5ab52895cd85a4d706e81f42021c2687624272c1cdb0cd829c38941ec08b6,17,0.1,3,1538978635408,Entertainment,0.020000000000000004,0.46
38cjaX7dPZryRK3T9,6ad5ab52895cd85a4d706e81f42021c2687624272c1cdb0cd829c38941ec08b6,18,0.2,3,1538978635409,Entertainment,0.08000000000000002,0.42
AX8NgLgSEwHaL8vbJ,352ad30fbf1c433e3d58c75b8ccf0ddda14300e98c055ede60f21a6ae4a9ae2a,1,0.85,3,1538980136369,Sports,0.04500000000000001,0.585
7CxMRzSD57t5jkKsH,352ad30fbf1c433e3d58c75b8ccf0ddda14300e98c055ede60f21a6ae4a9ae2a,2,0.76,3,1538980136371,Sports,1.1552,0.56
kDkN4cJkAbjZFT4Eq,352ad30fbf1c433e3d58c75b8ccf0ddda14300e98c055ede60f21a6ae4a9ae2a,3,0.7,3,1538980136371,Sports,0.9799999999999999,0.385
sXi7MtnFB6kT7JX9W,352ad30fbf1c433e3d58c75b8ccf0ddda14300e98c055ede60f21a6ae4a9ae2a,4,0.61,3,1538980136372,Sports,0.3042,0.595
tDsrFAMMDESca6DWs,352ad30fbf1c433e3d58c75b8ccf0ddda14300e98c055ede60f21a6ae4a9ae2a,5,0.39,3,1538980136372,Sports,0.3042,0.56
yx4aP6NySaa2BqbzS,352ad30fbf1c433e3d58c75b8ccf0ddda14300e98c055ede60f21a6ae4a9ae2a,6,0.8,3,1538980136374,Sports,1.2800000000000002,0.535
J2tagcnEqB7ADyqPR,352ad30fbf1c433e3d58c75b8ccf0ddda14300e98c055ede60f21a6ae4a9ae2a,7,0.75,3,1538980230785,Politics,1.125,0.6
DYkwyk7PaTbEtZAPn,352ad30fbf1c433e3d58c75b8ccf0ddda14300e98c055ede60f21a6ae4a9ae2a,8,0.7,3,1538980230786,Politics,0.18000000000000005,0.53
DTDhBKcNLQJydJb3A,352ad30fbf1c433e3d58c75b8ccf0ddda14300e98c055ede60f21a6ae4a9ae2a,9,0.25,3,1538980230786,Politics,0.125,0.5
pNGa7zhgJnAxqbQHg,352ad30fbf1c433e3d58c75b8ccf0ddda14300e98c055ede60f21a6ae4a9ae2a,10,0.23,3,1538980230786,Politics,0.1058,0.365
iG9THj7nSSZG3c4hG,352ad30fbf1c433e3d58c75b8ccf0ddda14300e98c055ede60f21a6ae4a9ae2a,11,0.29,3,1538980230787,Politics,0.1682,0.46
cPDzX4DYZzLC8RGKt,352ad30fbf1c433e3d58c75b8ccf0ddda14300e98c055ede60f21a6ae4a9ae2a,12,0.1,3,1538980230787,Politics,0.020000000000000004,0.515
9C9DFonDg39CG9RF7,352ad30fbf1c433e3d58c75b8ccf0ddda14300e98c055ede60f21a6ae4a9ae2a,13,0.4,3,1538980303577,Entertainment,0.32000000000000006,0.595
rduTeo7zre4NrBBKH,352ad30fbf1c433e3d58c75b8ccf0ddda14300e98c055ede60f21a6ae4a9ae2a,14,0.4,3,1538980303577,Entertainment,0.72,0.61
iXruC75jgYpZ9nKn3,352ad30fbf1c433e3d58c75b8ccf0ddda14300e98c055ede60f21a6ae4a9ae2a,15,0.3,3,1538980303577,Entertainment,0.18,0.615
mkGDpD7kkpiDq3csG,352ad30fbf1c433e3d58c75b8ccf0ddda14300e98c055ede60f21a6ae4a9ae2a,16,0.34,3,1538980303578,Entertainment,0.8711999999999998,0.61
gqvmvsP42wCmaG3Qt,352ad30fbf1c433e3d58c75b8ccf0ddda14300e98c055ede60f21a6ae4a9ae2a,17,0.33,3,1538980303578,Entertainment,0.21780000000000002,0.555
AysBohH3yBFKFS4Kv,352ad30fbf1c433e3d58c75b8ccf0ddda14300e98c055ede60f21a6ae4a9ae2a,18,0.39,3,1538980303579,Entertainment,0.3042,0.565
fbw2aofCKLzwLgcPf,3d3baaea3bf5bac92e45d10609bf2611d0bd7d146aa78cc92815e5e65564efb1,1,0.8,3,1538982446203,Sports,0.07999999999999996,0.625
EFf2n4JBjMg6CrAQB,3d3baaea3bf5bac92e45d10609bf2611d0bd7d146aa78cc92815e5e65564efb1,2,0.5,3,1538982446203,Sports,0.5,0.65
xJXr4ZjBLR5ukyiXS,3d3baaea3bf5bac92e45d10609bf2611d0bd7d146aa78cc92815e5e65564efb1,3,0.3,3,1538982446205,Sports,0.18,0.555
9toC5Q2dpoGCYpJhd,3d3baaea3bf5bac92e45d10609bf2611d0bd7d146aa78cc92815e5e65564efb1,4,0.22,3,1538982446205,Sports,1.2168,0.35
Kxk3Hej9xnexbZX4P,3d3baaea3bf5bac92e45d10609bf2611d0bd7d146aa78cc92815e5e65564efb1,5,0.41,3,1538982446206,Sports,0.33619999999999994,0.605
Ge7Hbvb6JCxyBTReo,3d3baaea3bf5bac92e45d10609bf2611d0bd7d146aa78cc92815e5e65564efb1,6,0.61,3,1538982446206,Sports,0.7442,0.61
ELPDHhcRvMepkJMF3,3d3baaea3bf5bac92e45d10609bf2611d0bd7d146aa78cc92815e5e65564efb1,7,0.86,3,1538982481106,Politics,1.4791999999999998,0.645
baSkPAmGkYYimTdHH,3d3baaea3bf5bac92e45d10609bf2611d0bd7d146aa78cc92815e5e65564efb1,8,0.36,3,1538982481106,Politics,0.8192,0.665
ubhjN8bfxgFqwDFrq,3d3baaea3bf5bac92e45d10609bf2611d0bd7d146aa78cc92815e5e65564efb1,9,0.41,3,1538982481106,Politics,0.33619999999999994,0.57
B4iztdL9cDPP2xwxh,3d3baaea3bf5bac92e45d10609bf2611d0bd7d146aa78cc92815e5e65564efb1,10,0.1,3,1538982481106,Politics,0.020000000000000004,0.57
7KXWFqx6jH83t5GcX,3d3baaea3bf5bac92e45d10609bf2611d0bd7d146aa78cc92815e5e65564efb1,11,0.05,3,1538982481106,Politics,0.005000000000000001,0.37
t2audt7TPSRMEHZf7,3d3baaea3bf5bac92e45d10609bf2611d0bd7d146aa78cc92815e5e65564efb1,12,0.05,3,1538982481107,Politics,0.005000000000000001,0.405
yJ3CPLqA5ps68hZrF,3d3baaea3bf5bac92e45d10609bf2611d0bd7d146aa78cc92815e5e65564efb1,13,0.86,3,1538982523232,Entertainment,1.4791999999999998,0.6
6JhiA4DCmgjzcocD6,3d3baaea3bf5bac92e45d10609bf2611d0bd7d146aa78cc92815e5e65564efb1,14,0.96,3,1538982523233,Entertainment,0.003200000000000006,0.63
ydaDiNsdwuiDvhkJt,3d3baaea3bf5bac92e45d10609bf2611d0bd7d146aa78cc92815e5e65564efb1,15,0.2,3,1538982523233,Entertainment,0.08000000000000002,0.49
NvAgvHmgt6Rw7Mkff,3d3baaea3bf5bac92e45d10609bf2611d0bd7d146aa78cc92815e5e65564efb1,16,0.35,3,1538982523233,Entertainment,0.8450000000000001,0.645
Kkvb54ZYsjEsv6ELp,3d3baaea3bf5bac92e45d10609bf2611d0bd7d146aa78cc92815e5e65564efb1,17,0.19,3,1538982523233,Entertainment,0.0722,0.375
it8t7b5QoiH5avDAX,3d3baaea3bf5bac92e45d10609bf2611d0bd7d146aa78cc92815e5e65564efb1,18,0.1,3,1538982523233,Entertainment,0.020000000000000004,0.38
6kTG2Xem4WR2iZWGf,282cfe05fdc786d116e3a40eddaaaeffeb2a546c16e243c45369dab634df8666,1,0.02,3,1538986344525,Sports,1.9207999999999998,0.32
D8m2nG8vjJ8zcG2Qp,282cfe05fdc786d116e3a40eddaaaeffeb2a546c16e243c45369dab634df8666,2,0.02,3,1538986344526,Sports,8e-4,0.39
Gv7iwZHByj2FsnYJB,282cfe05fdc786d116e3a40eddaaaeffeb2a546c16e243c45369dab634df8666,3,1,3,1538986344526,Sports,2,0.62
JEM75BZkfzjXFmHZo,282cfe05fdc786d116e3a40eddaaaeffeb2a546c16e243c45369dab634df8666,4,1,3,1538986344527,Sports,0,0.735
bnXspBFYwBEegpvSq,282cfe05fdc786d116e3a40eddaaaeffeb2a546c16e243c45369dab634df8666,5,0.01,3,1538986344527,Sports,2e-4,0.425
ii3Q6sci2c6SjGtex,282cfe05fdc786d116e3a40eddaaaeffeb2a546c16e243c45369dab634df8666,6,0.01,3,1538986344527,Sports,2e-4,0.335
8qKBCkqf5JDk2LwqE,282cfe05fdc786d116e3a40eddaaaeffeb2a546c16e243c45369dab634df8666,7,0.99,3,1538986387116,Politics,1.9602,0.74
Q9KNSqQK8GBjtKaPL,282cfe05fdc786d116e3a40eddaaaeffeb2a546c16e243c45369dab634df8666,8,0.99,3,1538986387117,Politics,2.0000000000000036e-4,0.675
NjoFy9ftL6w4Np37T,282cfe05fdc786d116e3a40eddaaaeffeb2a546c16e243c45369dab634df8666,9,0,3,1538986387117,Politics,0,0.4
BnceD84zLDht6iBEz,282cfe05fdc786d116e3a40eddaaaeffeb2a546c16e243c45369dab634df8666,10,0,3,1538986387118,Politics,0,0.485
kgSD6NhSAHfsiBbCi,282cfe05fdc786d116e3a40eddaaaeffeb2a546c16e243c45369dab634df8666,11,0.99,3,1538986387118,Politics,1.9602,0.57
bGmQ6Qs4uwgXffutE,282cfe05fdc786d116e3a40eddaaaeffeb2a546c16e243c45369dab634df8666,12,0,3,1538986387119,Politics,0,0.54
zZB7yfygGJjbtvvNT,282cfe05fdc786d116e3a40eddaaaeffeb2a546c16e243c45369dab634df8666,13,0.95,3,1538986480482,Entertainment,1.805,0.61
izCmeKm5Ti4DjW73F,282cfe05fdc786d116e3a40eddaaaeffeb2a546c16e243c45369dab634df8666,14,0.98,3,1538986480483,Entertainment,8.000000000000014e-4,0.66
To2gZWrZnJpmr2gbR,282cfe05fdc786d116e3a40eddaaaeffeb2a546c16e243c45369dab634df8666,15,0.02,3,1538986480484,Entertainment,8e-4,0.385
6DMQKMwmQd23qWifY,282cfe05fdc786d116e3a40eddaaaeffeb2a546c16e243c45369dab634df8666,16,1,3,1538986480484,Entertainment,0,0.685
T4mPq5MinwMC4cKvL,282cfe05fdc786d116e3a40eddaaaeffeb2a546c16e243c45369dab634df8666,17,0,3,1538986480484,Entertainment,0,0.355
7s4S4JhG5fSdJ8NKM,282cfe05fdc786d116e3a40eddaaaeffeb2a546c16e243c45369dab634df8666,18,1,3,1538986480485,Entertainment,2,0.645
435muFrFXXJ5bQGka,8dafefd7341cc0c651f92939d91b0d589de3cfa095455b0dc1cc3ea5d564502f,1,0.72,3,1538990395563,Sports,0.15680000000000002,0.58
H5LcAQNNhasEmK7iJ,8dafefd7341cc0c651f92939d91b0d589de3cfa095455b0dc1cc3ea5d564502f,2,0.69,3,1538990395564,Sports,0.9521999999999998,0.535
w4A4ebo93zz6i7ePP,8dafefd7341cc0c651f92939d91b0d589de3cfa095455b0dc1cc3ea5d564502f,3,0.72,3,1538990395565,Sports,1.0368,0.445
AhHL5wbZ8oCfwyPer,8dafefd7341cc0c651f92939d91b0d589de3cfa095455b0dc1cc3ea5d564502f,4,0.65,3,1538990395565,Sports,0.24499999999999997,0.56
umu6xbyMQ5iSSpwW5,8dafefd7341cc0c651f92939d91b0d589de3cfa095455b0dc1cc3ea5d564502f,5,0.64,3,1538990395565,Sports,0.8192,0.45
RnLn2kqAiAivLYgF8,8dafefd7341cc0c651f92939d91b0d589de3cfa095455b0dc1cc3ea5d564502f,6,0.67,3,1538990395566,Sports,0.8978000000000002,0.49
jvA5zzfMcZ2ai3Eo5,8dafefd7341cc0c651f92939d91b0d589de3cfa095455b0dc1cc3ea5d564502f,7,0.32,3,1538990418219,Politics,0.2048,0.615
GyEXNQCGBzhvyRbBm,8dafefd7341cc0c651f92939d91b0d589de3cfa095455b0dc1cc3ea5d564502f,8,0.67,3,1538990418219,Politics,0.21779999999999994,0.545
C9LiGuTvkAqtBcRTN,8dafefd7341cc0c651f92939d91b0d589de3cfa095455b0dc1cc3ea5d564502f,9,0.38,3,1538990418219,Politics,0.2888,0.61
4oLDPsb7JZqJLZi9k,8dafefd7341cc0c651f92939d91b0d589de3cfa095455b0dc1cc3ea5d564502f,10,0.67,3,1538990418220,Politics,0.8978000000000002,0.325
isQenfRLnuYFW3o4x,8dafefd7341cc0c651f92939d91b0d589de3cfa095455b0dc1cc3ea5d564502f,11,0.63,3,1538990418220,Politics,0.7938000000000001,0.35
eqJjcpBX2xiqSzkHe,8dafefd7341cc0c651f92939d91b0d589de3cfa095455b0dc1cc3ea5d564502f,12,0.58,3,1538990418220,Politics,0.6728,0.39
hNBQbJbQgR6oSEZbv,8dafefd7341cc0c651f92939d91b0d589de3cfa095455b0dc1cc3ea5d564502f,13,0.31,3,1538990433243,Entertainment,0.1922,0.605
HbQMAXDsraMzcTRPw,8dafefd7341cc0c651f92939d91b0d589de3cfa095455b0dc1cc3ea5d564502f,14,0.62,3,1538990433243,Entertainment,0.2888,0.535
74Q8ZffghcHMg8QWv,8dafefd7341cc0c651f92939d91b0d589de3cfa095455b0dc1cc3ea5d564502f,15,0.63,3,1538990433244,Entertainment,0.7938000000000001,0.475
HkQHFwyJHLunAur3Z,8dafefd7341cc0c651f92939d91b0d589de3cfa095455b0dc1cc3ea5d564502f,16,0.73,3,1538990433245,Entertainment,0.1458,0.535
ExFwLuaH2LcTGmEkX,8dafefd7341cc0c651f92939d91b0d589de3cfa095455b0dc1cc3ea5d564502f,17,0.3,3,1538990433245,Entertainment,0.18,0.545
xphvndLpsxNNSDoej,8dafefd7341cc0c651f92939d91b0d589de3cfa095455b0dc1cc3ea5d564502f,18,0.34,3,1538990433245,Entertainment,0.23120000000000004,0.61
d9EndXCdX6kqQSoPy,becf4f8f89ff536649137d200537c0a782019982e3ba3e77fd28f89bd07cfe25,1,0.75,3,1538991457502,Sports,0.125,0.625
ENxczezhBt7HdHog5,becf4f8f89ff536649137d200537c0a782019982e3ba3e77fd28f89bd07cfe25,2,0.75,3,1538991457503,Sports,1.125,0.625
TGhcAwZ2Atq8GMFex,becf4f8f89ff536649137d200537c0a782019982e3ba3e77fd28f89bd07cfe25,3,0.25,3,1538991457503,Sports,0.125,0.555
QhBNixsgGTExEnavJ,becf4f8f89ff536649137d200537c0a782019982e3ba3e77fd28f89bd07cfe25,4,0.75,3,1538991457503,Sports,0.125,0.725
NiuBatwTtMx5KXTES,becf4f8f89ff536649137d200537c0a782019982e3ba3e77fd28f89bd07cfe25,5,1,3,1538991457504,Sports,2,0.565
YJd2Mv7mvmCzETv8x,becf4f8f89ff536649137d200537c0a782019982e3ba3e77fd28f89bd07cfe25,6,0.5,3,1538991457504,Sports,0.5,0.655
RqhubXr5pjZADDvrR,becf4f8f89ff536649137d200537c0a782019982e3ba3e77fd28f89bd07cfe25,7,1,3,1538991652590,Politics,2,0.745
2Z7v7pwFa2Ts5cP6p,becf4f8f89ff536649137d200537c0a782019982e3ba3e77fd28f89bd07cfe25,8,0,3,1538991652590,Politics,2,0.3
i3ieQCNgvx2aKjknE,becf4f8f89ff536649137d200537c0a782019982e3ba3e77fd28f89bd07cfe25,9,0.77,3,1538991652590,Politics,1.1858,0.62
EuQk2r5sNeMT2L24J,becf4f8f89ff536649137d200537c0a782019982e3ba3e77fd28f89bd07cfe25,10,0,3,1538991652591,Politics,0,0.47
tH6e3PYMFcqJStD2f,becf4f8f89ff536649137d200537c0a782019982e3ba3e77fd28f89bd07cfe25,11,0,3,1538991652591,Politics,0,0.36
KG8EHD43ERkSifeWQ,becf4f8f89ff536649137d200537c0a782019982e3ba3e77fd28f89bd07cfe25,12,0,3,1538991652591,Politics,0,0.485
tNg56NqmJ4QkrCEdB,becf4f8f89ff536649137d200537c0a782019982e3ba3e77fd28f89bd07cfe25,13,0,3,1538991881389,Entertainment,0,0.39
H5tdcxuCX9CF6CQ9b,becf4f8f89ff536649137d200537c0a782019982e3ba3e77fd28f89bd07cfe25,14,1,3,1538991881389,Entertainment,0,0.66
Ce42hZFrPn8HJx4M2,becf4f8f89ff536649137d200537c0a782019982e3ba3e77fd28f89bd07cfe25,15,0.21,3,1538991881389,Entertainment,0.08819999999999999,0.55
DGxfs6QkoTi2wNncg,becf4f8f89ff536649137d200537c0a782019982e3ba3e77fd28f89bd07cfe25,16,0.2,3,1538991881390,Entertainment,1.2800000000000002,0.545
s9pCGDuXAXhEyYLeg,becf4f8f89ff536649137d200537c0a782019982e3ba3e77fd28f89bd07cfe25,17,0,3,1538991881390,Entertainment,0,0.355
sNqqohifughn9bwDG,becf4f8f89ff536649137d200537c0a782019982e3ba3e77fd28f89bd07cfe25,18,0,3,1538991881390,Entertainment,0,0.37
zJhxmnAEJGKKsfeGk,260f7c803a64d73de453c9c70d440e1737ca9f7cc419f6005c1721dc2996163f,1,0.12,3,1538991981788,Sports,1.5488,0.35
kcuNxMWxyde9ufmr9,260f7c803a64d73de453c9c70d440e1737ca9f7cc419f6005c1721dc2996163f,2,0.83,3,1538991981793,Sports,1.3778,0.555
cjNXX7u4b7kxHG6iT,260f7c803a64d73de453c9c70d440e1737ca9f7cc419f6005c1721dc2996163f,3,0.32,3,1538991981798,Sports,0.2048,0.595
ZcKHRyuYBbgud8AYF,260f7c803a64d73de453c9c70d440e1737ca9f7cc419f6005c1721dc2996163f,4,0.83,3,1538991981801,Sports,0.057800000000000025,0.66
3m8QeJm73thbe4Hbm,260f7c803a64d73de453c9c70d440e1737ca9f7cc419f6005c1721dc2996163f,5,0.41,3,1538991981804,Sports,0.33619999999999994,0.59
RYko4ghSt5K9cY4mq,260f7c803a64d73de453c9c70d440e1737ca9f7cc419f6005c1721dc2996163f,6,0.25,3,1538991981808,Sports,0.125,0.53
tRnzuggtPRrMZiBc6,260f7c803a64d73de453c9c70d440e1737ca9f7cc419f6005c1721dc2996163f,7,0.83,3,1538992042642,Politics,1.3778,0.66
3o9ebMfmuQMPbjoLn,260f7c803a64d73de453c9c70d440e1737ca9f7cc419f6005c1721dc2996163f,8,0.48,3,1538992042644,Politics,0.5408000000000001,0.655
7JubgvtJMYNF3qSHR,260f7c803a64d73de453c9c70d440e1737ca9f7cc419f6005c1721dc2996163f,9,0.19,3,1538992042648,Politics,0.0722,0.39
qDzbSgR8gdNMM9iRv,260f7c803a64d73de453c9c70d440e1737ca9f7cc419f6005c1721dc2996163f,10,0.33,3,1538992042650,Politics,0.21780000000000002,0.625
qTQYdhjWLefXZSTTc,260f7c803a64d73de453c9c70d440e1737ca9f7cc419f6005c1721dc2996163f,11,0.14,3,1538992042653,Politics,0.039200000000000006,0.45
3ABiRWKAcFMt6rA84,260f7c803a64d73de453c9c70d440e1737ca9f7cc419f6005c1721dc2996163f,12,0.1,3,1538992042655,Politics,0.020000000000000004,0.55
3QGtmgfFkqnELcrSz,260f7c803a64d73de453c9c70d440e1737ca9f7cc419f6005c1721dc2996163f,13,0.19,3,1538992084148,Entertainment,0.0722,0.315
gfTQPSS5M2GkfeH8A,260f7c803a64d73de453c9c70d440e1737ca9f7cc419f6005c1721dc2996163f,14,0.12,3,1538992084153,Entertainment,1.5488,0.275
PZHXtHgip6FPpo6Nr,260f7c803a64d73de453c9c70d440e1737ca9f7cc419f6005c1721dc2996163f,15,0.75,3,1538992084158,Entertainment,1.125,0.565
c67ghsXJXniQyhuM2,260f7c803a64d73de453c9c70d440e1737ca9f7cc419f6005c1721dc2996163f,16,0.16,3,1538992084161,Entertainment,1.4111999999999998,0.41
capLWDcs5HQnujzZX,260f7c803a64d73de453c9c70d440e1737ca9f7cc419f6005c1721dc2996163f,17,0.72,3,1538992084165,Entertainment,1.0368,0.495
bsBrrZ7L3jymgkbwT,260f7c803a64d73de453c9c70d440e1737ca9f7cc419f6005c1721dc2996163f,18,0.37,3,1538992084167,Entertainment,0.2738,0.64
5b3DYucSthWbrSAJw,321ce4ee9192d351e50e785c78ea407afb0b7140a73dae49914f7ffb784227e7,1,0.6,3,1538994648190,Sports,0.32000000000000006,0.595
d8uC5MRT5AEY9nFaR,321ce4ee9192d351e50e785c78ea407afb0b7140a73dae49914f7ffb784227e7,2,0.8,3,1538994648193,Sports,1.2800000000000002,0.53
dpWPZKr4KBTPYNFbz,321ce4ee9192d351e50e785c78ea407afb0b7140a73dae49914f7ffb784227e7,3,0,3,1538994648198,Sports,0,0.315
XWMCRvpTicAWtAi89,321ce4ee9192d351e50e785c78ea407afb0b7140a73dae49914f7ffb784227e7,4,0.8,3,1538994648200,Sports,0.07999999999999996,0.635
D7M7wc5JypHrpT2oA,321ce4ee9192d351e50e785c78ea407afb0b7140a73dae49914f7ffb784227e7,5,0.7,3,1538994648203,Sports,0.9799999999999999,0.465
bLiv3LHRcCheSEfgz,321ce4ee9192d351e50e785c78ea407afb0b7140a73dae49914f7ffb784227e7,6,0.59,3,1538994648206,Sports,0.6961999999999999,0.585
Pu5zv4PtaPoJRFoku,321ce4ee9192d351e50e785c78ea407afb0b7140a73dae49914f7ffb784227e7,7,0.5,3,1538994685282,Politics,0.5,0.625
3Ntq4KttrDWj6z2BZ,321ce4ee9192d351e50e785c78ea407afb0b7140a73dae49914f7ffb784227e7,8,0.75,3,1538994685286,Politics,0.125,0.615
AmjxEW99cPf7K4SPN,321ce4ee9192d351e50e785c78ea407afb0b7140a73dae49914f7ffb784227e7,9,0.5,3,1538994685289,Politics,0.5,0.56
gkcRXipwkfQgCXL8T,321ce4ee9192d351e50e785c78ea407afb0b7140a73dae49914f7ffb784227e7,10,0.05,3,1538994685291,Politics,0.005000000000000001,0.36
HxPMFRFJZY6BPY9nJ,321ce4ee9192d351e50e785c78ea407afb0b7140a73dae49914f7ffb784227e7,11,0.3,3,1538994685293,Politics,0.18,0.635
d3YfJdfpzk4QGNPMJ,321ce4ee9192d351e50e785c78ea407afb0b7140a73dae49914f7ffb784227e7,12,0.25,3,1538994685294,Politics,0.125,0.425
mAjhmAyrjBK8tB6FC,321ce4ee9192d351e50e785c78ea407afb0b7140a73dae49914f7ffb784227e7,13,0.95,3,1538994726117,Entertainment,1.805,0.53
scL2FWWwEb3PXw6yE,321ce4ee9192d351e50e785c78ea407afb0b7140a73dae49914f7ffb784227e7,14,0.5,3,1538994726119,Entertainment,0.5,0.61
yNjDMsvgbSyBu6MAj,321ce4ee9192d351e50e785c78ea407afb0b7140a73dae49914f7ffb784227e7,15,0.1,3,1538994726121,Entertainment,0.020000000000000004,0.345
jK6szm3euzG6EdEdh,321ce4ee9192d351e50e785c78ea407afb0b7140a73dae49914f7ffb784227e7,16,0.5,3,1538994726123,Entertainment,0.5,0.63
EyRBimDH4ppEzYPpX,321ce4ee9192d351e50e785c78ea407afb0b7140a73dae49914f7ffb784227e7,17,0.7,3,1538994726125,Entertainment,0.9799999999999999,0.475
R3AjK7DYn6Z6iE4KN,321ce4ee9192d351e50e785c78ea407afb0b7140a73dae49914f7ffb784227e7,18,0.5,3,1538994726130,Entertainment,0.5,0.58
EQpMJ2qZxP7Af2zZA,e99e59385a07ec9ede0c918510278da0435e5f6a2d66b77877cd8dc6bbefc990,1,0.53,3,1538995373467,Sports,0.44179999999999997,0.51
fyQkYS5qmZgNRtoL5,e99e59385a07ec9ede0c918510278da0435e5f6a2d66b77877cd8dc6bbefc990,2,0.52,3,1538995373470,Sports,0.5408000000000001,0.57
ECre9LnAqWA9fDL3T,e99e59385a07ec9ede0c918510278da0435e5f6a2d66b77877cd8dc6bbefc990,3,0.48,3,1538995373473,Sports,0.4608,0.455
D5oMKLDqDZw2k9vWh,e99e59385a07ec9ede0c918510278da0435e5f6a2d66b77877cd8dc6bbefc990,4,0.49,3,1538995373475,Sports,0.5202,0.575
kX7pCNX7pLyXNR6Rr,e99e59385a07ec9ede0c918510278da0435e5f6a2d66b77877cd8dc6bbefc990,5,0.53,3,1538995373479,Sports,0.5618000000000001,0.495
eF53CjCF62T8QzLDm,e99e59385a07ec9ede0c918510278da0435e5f6a2d66b77877cd8dc6bbefc990,6,0.51,3,1538995373481,Sports,0.5202,0.55
aYkxJNsTqMTmaZAjj,e99e59385a07ec9ede0c918510278da0435e5f6a2d66b77877cd8dc6bbefc990,7,0.53,3,1538995390881,Politics,0.5618000000000001,0.515
N8fexzXAJ7SXhBkLm,e99e59385a07ec9ede0c918510278da0435e5f6a2d66b77877cd8dc6bbefc990,8,0.46,3,1538995390884,Politics,0.5832,0.54
3oTj3qGYYivyu7eCY,e99e59385a07ec9ede0c918510278da0435e5f6a2d66b77877cd8dc6bbefc990,9,0.52,3,1538995390885,Politics,0.5408000000000001,0.52
ZgvM7dtHPoZiXAbqi,e99e59385a07ec9ede0c918510278da0435e5f6a2d66b77877cd8dc6bbefc990,10,0.51,3,1538995390887,Politics,0.5202,0.36
8Lh69ivNX77JTGZ52,e99e59385a07ec9ede0c918510278da0435e5f6a2d66b77877cd8dc6bbefc990,11,0.51,3,1538995390891,Politics,0.5202,0.37
fKWbxiBoFoCvmjKCj,e99e59385a07ec9ede0c918510278da0435e5f6a2d66b77877cd8dc6bbefc990,12,0.49,3,1538995390892,Politics,0.48019999999999996,0.38
mvrLjmzY8EegYJwhc,e99e59385a07ec9ede0c918510278da0435e5f6a2d66b77877cd8dc6bbefc990,13,0.49,3,1538995452826,Entertainment,0.48019999999999996,0.525
Nhf7nXuDfHsd8nuJi,e99e59385a07ec9ede0c918510278da0435e5f6a2d66b77877cd8dc6bbefc990,14,0.48,3,1538995452828,Entertainment,0.5408000000000001,0.53
C5YQMLkZEywE7SjKc,e99e59385a07ec9ede0c918510278da0435e5f6a2d66b77877cd8dc6bbefc990,15,0.52,3,1538995452830,Entertainment,0.5408000000000001,0.505
CLqYD64uCPFG45cTH,e99e59385a07ec9ede0c918510278da0435e5f6a2d66b77877cd8dc6bbefc990,16,0.49,3,1538995452831,Entertainment,0.5202,0.485
hzHPWd5Rqy2MidBeT,e99e59385a07ec9ede0c918510278da0435e5f6a2d66b77877cd8dc6bbefc990,17,0.53,3,1538995452833,Entertainment,0.5618000000000001,0.495
b5QQnxRe72977KLHH,e99e59385a07ec9ede0c918510278da0435e5f6a2d66b77877cd8dc6bbefc990,18,0.53,3,1538995452835,Entertainment,0.5618000000000001,0.465
dnwLuJqPBxhmEKAtX,d9e8842a50efae69d1d39df298ed9cebafd75688b63e443ce308deb619ab8cd2,1,0,3,1538995956362,Sports,2,0.33
rLWrG7nvk4vAEtfbK,d9e8842a50efae69d1d39df298ed9cebafd75688b63e443ce308deb619ab8cd2,2,0,3,1538995956366,Sports,0,0.26
TeJKXukHJJ8sQSmtH,d9e8842a50efae69d1d39df298ed9cebafd75688b63e443ce308deb619ab8cd2,3,1,3,1538995956370,Sports,2,0.535
7X2Y74XprHesQzExK,d9e8842a50efae69d1d39df298ed9cebafd75688b63e443ce308deb619ab8cd2,4,0.08,3,1538995956372,Sports,1.6928,0.265
bDvbDmXzoWtQ9Xhyh,d9e8842a50efae69d1d39df298ed9cebafd75688b63e443ce308deb619ab8cd2,5,1,3,1538995956376,Sports,2,0.625
3L6xKDwaGbTt4jpAt,d9e8842a50efae69d1d39df298ed9cebafd75688b63e443ce308deb619ab8cd2,6,1,3,1538995956378,Sports,2,0.655
BPKT8ha5gFzT3jF48,d9e8842a50efae69d1d39df298ed9cebafd75688b63e443ce308deb619ab8cd2,7,1,3,1538996147012,Politics,2,0.74
B6SYxiuRdyD9LH4cG,d9e8842a50efae69d1d39df298ed9cebafd75688b63e443ce308deb619ab8cd2,8,1,3,1538996147016,Politics,0,0.66
DPeB6RoLQPJFqqTpn,d9e8842a50efae69d1d39df298ed9cebafd75688b63e443ce308deb619ab8cd2,9,0,3,1538996147018,Politics,0,0.34
SaqLeDZAgWqYvKxM8,d9e8842a50efae69d1d39df298ed9cebafd75688b63e443ce308deb619ab8cd2,10,0.16,3,1538996147020,Politics,0.0512,0.54
Ex8jDWM35wXgjnjp5,d9e8842a50efae69d1d39df298ed9cebafd75688b63e443ce308deb619ab8cd2,11,0.41,3,1538996147020,Politics,0.33619999999999994,0.59
vvoXF57XMWKvuBoMX,d9e8842a50efae69d1d39df298ed9cebafd75688b63e443ce308deb619ab8cd2,12,0,3,1538996147026,Politics,0,0.44
vQbZLNW2KrEFonLwE,d9e8842a50efae69d1d39df298ed9cebafd75688b63e443ce308deb619ab8cd2,13,0,3,1538996326530,Entertainment,0,0.4
f35KFXjL3mWPQEQRM,d9e8842a50efae69d1d39df298ed9cebafd75688b63e443ce308deb619ab8cd2,14,1,3,1538996326532,Entertainment,0,0.7
RJf795qKDCaH3pnrx,d9e8842a50efae69d1d39df298ed9cebafd75688b63e443ce308deb619ab8cd2,15,1,3,1538996326534,Entertainment,2,0.645
kP3J9WhqHMXmLFSSL,d9e8842a50efae69d1d39df298ed9cebafd75688b63e443ce308deb619ab8cd2,16,0.66,3,1538996326536,Entertainment,0.23119999999999996,0.57
jiKELj2b48qAqbBFc,d9e8842a50efae69d1d39df298ed9cebafd75688b63e443ce308deb619ab8cd2,17,0,3,1538996326536,Entertainment,0,0.295
LMENe58F4dHkqYWkG,d9e8842a50efae69d1d39df298ed9cebafd75688b63e443ce308deb619ab8cd2,18,0.51,3,1538996326538,Entertainment,0.5202,0.675
b4fMQEBEMkBK4g8W5,ecc158f1644bc59e31da704dc08589a35123566715a113b8f62085d8ead754c5,1,0.87,3,1538997334937,Sports,0.033800000000000004,0.605
bNSc3zJbRABbhnqWz,ecc158f1644bc59e31da704dc08589a35123566715a113b8f62085d8ead754c5,2,1,3,1538997334939,Sports,2,0.615
LT7nfs89TewQaL5MT,ecc158f1644bc59e31da704dc08589a35123566715a113b8f62085d8ead754c5,3,0.76,3,1538997334940,Sports,1.1552,0.49
PWKvfphDrcjJwo7Hn,ecc158f1644bc59e31da704dc08589a35123566715a113b8f62085d8ead754c5,4,0.81,3,1538997334941,Sports,0.07219999999999996,0.62
kGnjumi23SfS8XQh8,ecc158f1644bc59e31da704dc08589a35123566715a113b8f62085d8ead754c5,5,0.97,3,1538997334942,Sports,1.8818,0.565
XMBtD3noL9JCEshvg,ecc158f1644bc59e31da704dc08589a35123566715a113b8f62085d8ead754c5,6,0.83,3,1538997334943,Sports,1.3778,0.575
66NNCJK2D8YczRbB3,ecc158f1644bc59e31da704dc08589a35123566715a113b8f62085d8ead754c5,7,1,3,1538997427649,Politics,2,0.62
9HdnMvwtnHktWirzu,ecc158f1644bc59e31da704dc08589a35123566715a113b8f62085d8ead754c5,8,0.22,3,1538997427649,Politics,1.2168,0.49
TSJhZpzMLhsHi6Yau,ecc158f1644bc59e31da704dc08589a35123566715a113b8f62085d8ead754c5,9,0.81,3,1538997427649,Politics,1.3122000000000003,0.58
4YShsDvYmQmvbFMG8,ecc158f1644bc59e31da704dc08589a35123566715a113b8f62085d8ead754c5,10,1,3,1538997427650,Politics,2,0.415
b7KegB3DR3fxgg8PL,ecc158f1644bc59e31da704dc08589a35123566715a113b8f62085d8ead754c5,11,0.16,3,1538997427650,Politics,0.0512,0.505
mxyQpvhC8oukZcwCw,ecc158f1644bc59e31da704dc08589a35123566715a113b8f62085d8ead754c5,12,0.04,3,1538997427650,Politics,0.0032,0.405
JkaxC5sXp5R9Xw3aD,ecc158f1644bc59e31da704dc08589a35123566715a113b8f62085d8ead754c5,13,0.08,3,1538997666750,Entertainment,0.0128,0.315
e7sPDJRmAzouGR3Yp,ecc158f1644bc59e31da704dc08589a35123566715a113b8f62085d8ead754c5,14,1,3,1538997666750,Entertainment,0,0.66
xfP4cCJNXx3DkGFgE,ecc158f1644bc59e31da704dc08589a35123566715a113b8f62085d8ead754c5,15,0.49,3,1538997666751,Entertainment,0.48019999999999996,0.665
kZcS8MZgsitBezuGv,ecc158f1644bc59e31da704dc08589a35123566715a113b8f62085d8ead754c5,16,0.82,3,1538997666752,Entertainment,0.06480000000000004,0.625
KgzaKXDEvRiAe3RMb,ecc158f1644bc59e31da704dc08589a35123566715a113b8f62085d8ead754c5,17,0,3,1538997666752,Entertainment,0,0.28
KsyuAfR5qQx4vS4Nv,ecc158f1644bc59e31da704dc08589a35123566715a113b8f62085d8ead754c5,18,0.1,3,1538997666754,Entertainment,0.020000000000000004,0.46
SiKtkcyR7rcPFjePP,9369e50999b63b73305fa42cd0012d38d44676064583faf06323d9b42695c621,1,0.83,3,1538998193479,Sports,0.057800000000000025,0.665
FqW7JyLQHFb23XKAm,9369e50999b63b73305fa42cd0012d38d44676064583faf06323d9b42695c621,2,0.1,3,1538998193480,Sports,0.020000000000000004,0.42
rH3RkPtgyaTELw3nx,9369e50999b63b73305fa42cd0012d38d44676064583faf06323d9b42695c621,3,0.82,3,1538998193480,Sports,1.3447999999999998,0.53
jefimZr2hwZhdrZjY,9369e50999b63b73305fa42cd0012d38d44676064583faf06323d9b42695c621,4,0.67,3,1538998193480,Sports,0.21779999999999994,0.72
JGzLjNLe7ZT7yc2kq,9369e50999b63b73305fa42cd0012d38d44676064583faf06323d9b42695c621,5,0.23,3,1538998193481,Sports,0.1058,0.54
QoysyhkoLDN8jw6k4,9369e50999b63b73305fa42cd0012d38d44676064583faf06323d9b42695c621,6,0.16,3,1538998193481,Sports,0.0512,0.405
RYtWphi9QetxDe2m2,9369e50999b63b73305fa42cd0012d38d44676064583faf06323d9b42695c621,7,0.87,3,1538998210599,Politics,1.5138,0.72
jyyzsXHj9EeFk842o,9369e50999b63b73305fa42cd0012d38d44676064583faf06323d9b42695c621,8,0.21,3,1538998210600,Politics,1.2482000000000002,0.52
ARCsAWNf4ab6nFLyh,9369e50999b63b73305fa42cd0012d38d44676064583faf06323d9b42695c621,9,0.1,3,1538998210600,Politics,0.020000000000000004,0.465
k4cMDmBwEZ8FBbPcb,9369e50999b63b73305fa42cd0012d38d44676064583faf06323d9b42695c621,10,0.11,3,1538998210600,Politics,0.0242,0.635
8C3Q5fKYCEJqnZQzr,9369e50999b63b73305fa42cd0012d38d44676064583faf06323d9b42695c621,11,0.17,3,1538998210601,Politics,0.05780000000000001,0.565
fMEZP69r5qhpEe6hz,9369e50999b63b73305fa42cd0012d38d44676064583faf06323d9b42695c621,12,0.07,3,1538998210601,Politics,0.009800000000000001,0.455
vbiykGFFYsBCcsSic,9369e50999b63b73305fa42cd0012d38d44676064583faf06323d9b42695c621,13,0.91,3,1538998222614,Entertainment,1.6562000000000001,0.595
65zs8Yy9rEzfaZo4L,9369e50999b63b73305fa42cd0012d38d44676064583faf06323d9b42695c621,14,0.28,3,1538998222615,Entertainment,1.0368,0.43
icLJTjoSvkW4wkeBd,9369e50999b63b73305fa42cd0012d38d44676064583faf06323d9b42695c621,15,0.17,3,1538998222615,Entertainment,0.05780000000000001,0.425
YfnwqqfCLgRYrehfK,9369e50999b63b73305fa42cd0012d38d44676064583faf06323d9b42695c621,16,0.17,3,1538998222615,Entertainment,1.3778,0.46
nAAC54yCWszrLnFqi,9369e50999b63b73305fa42cd0012d38d44676064583faf06323d9b42695c621,17,0.27,3,1538998222616,Entertainment,0.1458,0.56
Lom7uj6T8RCQWaQE3,9369e50999b63b73305fa42cd0012d38d44676064583faf06323d9b42695c621,18,0.24,3,1538998222616,Entertainment,0.1152,0.55
kAfu6YfFYqG9KGNAq,08bc4b92ed5843ac20266baacf696378fd78b19bb1b0137558c3b9343ccf8cbb,1,1,3,1538998867743,Sports,0,0.645
GQ3iiDMLCuEHqrthE,08bc4b92ed5843ac20266baacf696378fd78b19bb1b0137558c3b9343ccf8cbb,2,1,3,1538998867743,Sports,2,0.68
zyZ6Tou38Qo5nQxvC,08bc4b92ed5843ac20266baacf696378fd78b19bb1b0137558c3b9343ccf8cbb,3,1,3,1538998867743,Sports,2,0.535
NSWTorzn5BQNTuBmR,08bc4b92ed5843ac20266baacf696378fd78b19bb1b0137558c3b9343ccf8cbb,4,1,3,1538998867744,Sports,0,0.67
nwk6CJuYjdBrkynt2,08bc4b92ed5843ac20266baacf696378fd78b19bb1b0137558c3b9343ccf8cbb,5,1,3,1538998867745,Sports,2,0.52
hfiurCTJMvk2zPfqt,08bc4b92ed5843ac20266baacf696378fd78b19bb1b0137558c3b9343ccf8cbb,6,1,3,1538998867745,Sports,2,0.61
TD7LJyJjtKrj3dRNa,08bc4b92ed5843ac20266baacf696378fd78b19bb1b0137558c3b9343ccf8cbb,7,1,3,1538998873857,Politics,2,0.665
7ZKxCLWLPcShz9ij2,08bc4b92ed5843ac20266baacf696378fd78b19bb1b0137558c3b9343ccf8cbb,8,1,3,1538998873857,Politics,0,0.6
73s6haroAbCK8qgQS,08bc4b92ed5843ac20266baacf696378fd78b19bb1b0137558c3b9343ccf8cbb,9,0,3,1538998873857,Politics,0,0.32
a9L9mK5Q76jtStfcC,08bc4b92ed5843ac20266baacf696378fd78b19bb1b0137558c3b9343ccf8cbb,10,1,3,1538998873857,Politics,2,0.4
qhf3PMTzS3X9FbeBD,08bc4b92ed5843ac20266baacf696378fd78b19bb1b0137558c3b9343ccf8cbb,11,1,3,1538998873858,Politics,2,0.42
S4MFccJH2KLbFQiYi,08bc4b92ed5843ac20266baacf696378fd78b19bb1b0137558c3b9343ccf8cbb,12,1,3,1538998873859,Politics,2,0.445
kncjw8ZFGoh7S8jtn,08bc4b92ed5843ac20266baacf696378fd78b19bb1b0137558c3b9343ccf8cbb,13,0,3,1538998877172,Entertainment,0,0.22
aGLKg8rY7hQpjyHWp,08bc4b92ed5843ac20266baacf696378fd78b19bb1b0137558c3b9343ccf8cbb,14,1,3,1538998877173,Entertainment,0,0.635
N8nW3BZZ69XYTMs5p,08bc4b92ed5843ac20266baacf696378fd78b19bb1b0137558c3b9343ccf8cbb,15,0,3,1538998877173,Entertainment,0,0.31
3txiLJP5BwFTrwcZH,08bc4b92ed5843ac20266baacf696378fd78b19bb1b0137558c3b9343ccf8cbb,16,1,3,1538998877174,Entertainment,0,0.575
2M6363eQByYKhGDiz,08bc4b92ed5843ac20266baacf696378fd78b19bb1b0137558c3b9343ccf8cbb,17,0,3,1538998877174,Entertainment,0,0.32
gYnf3WMFtvJ55Y4bu,08bc4b92ed5843ac20266baacf696378fd78b19bb1b0137558c3b9343ccf8cbb,18,0,3,1538998877174,Entertainment,0,0.315
wZQtds82mxRjQo6cc,c3599e3068920e24dbfec52ec2e1f4a8dde92d5d1f98dbce190cc9f5099eaa48,1,0.8,3,1538999073179,Sports,0.07999999999999996,0.575
yWwjBTKAYSgtyXocb,c3599e3068920e24dbfec52ec2e1f4a8dde92d5d1f98dbce190cc9f5099eaa48,2,0.86,3,1538999073183,Sports,1.4791999999999998,0.51
Cx2k3wDnToFk3qGJb,c3599e3068920e24dbfec52ec2e1f4a8dde92d5d1f98dbce190cc9f5099eaa48,3,0.76,3,1538999073184,Sports,1.1552,0.375
NzKbipw2tzGhdKKp4,c3599e3068920e24dbfec52ec2e1f4a8dde92d5d1f98dbce190cc9f5099eaa48,4,0.47,3,1538999073186,Sports,0.5618000000000001,0.645
LjvEd22JZhuhspFLD,c3599e3068920e24dbfec52ec2e1f4a8dde92d5d1f98dbce190cc9f5099eaa48,5,0.43,3,1538999073188,Sports,0.36979999999999996,0.56
MJH2y3RjE2Ci6y3Sd,c3599e3068920e24dbfec52ec2e1f4a8dde92d5d1f98dbce190cc9f5099eaa48,6,0.82,3,1538999073189,Sports,1.3447999999999998,0.555
yuhdM2gwtz3oW4Eor,c3599e3068920e24dbfec52ec2e1f4a8dde92d5d1f98dbce190cc9f5099eaa48,7,0.45,3,1538999093712,Politics,0.405,0.64
zPXFrH6sjbu9eRQPp,c3599e3068920e24dbfec52ec2e1f4a8dde92d5d1f98dbce190cc9f5099eaa48,8,0.7,3,1538999093715,Politics,0.18000000000000005,0.53
gZEj2A3xMrpcK5pDP,c3599e3068920e24dbfec52ec2e1f4a8dde92d5d1f98dbce190cc9f5099eaa48,9,0.59,3,1538999093716,Politics,0.6961999999999999,0.57
GAMfA2jX6tYM3C6zF,c3599e3068920e24dbfec52ec2e1f4a8dde92d5d1f98dbce190cc9f5099eaa48,10,0.63,3,1538999093717,Politics,0.7938000000000001,0.405
d7Tj8vsCRAvmQYopp,c3599e3068920e24dbfec52ec2e1f4a8dde92d5d1f98dbce190cc9f5099eaa48,11,0.4,3,1538999093717,Politics,0.32000000000000006,0.4
yRTZ4nQdEeumMdmdw,c3599e3068920e24dbfec52ec2e1f4a8dde92d5d1f98dbce190cc9f5099eaa48,12,0.73,3,1538999093719,Politics,1.0657999999999999,0.325
SpAzE5xGo4yaZZx2E,c3599e3068920e24dbfec52ec2e1f4a8dde92d5d1f98dbce190cc9f5099eaa48,13,0.81,3,1538999106554,Entertainment,1.3122000000000003,0.5
nbPj6J78FrGMCX7oC,c3599e3068920e24dbfec52ec2e1f4a8dde92d5d1f98dbce190cc9f5099eaa48,14,0.93,3,1538999106556,Entertainment,0.009799999999999986,0.59
k4uEG3yrwX2xJDsmw,c3599e3068920e24dbfec52ec2e1f4a8dde92d5d1f98dbce190cc9f5099eaa48,15,1,3,1538999106556,Entertainment,2,0.55
fBWxbeLBjaiePE7bK,c3599e3068920e24dbfec52ec2e1f4a8dde92d5d1f98dbce190cc9f5099eaa48,16,1,3,1538999106557,Entertainment,0,0.46
LZ2dN8ZPoP5szrCj9,c3599e3068920e24dbfec52ec2e1f4a8dde92d5d1f98dbce190cc9f5099eaa48,17,0.91,3,1538999106558,Entertainment,1.6562000000000001,0.44
pfJkJrax4qGEHkRNZ,c3599e3068920e24dbfec52ec2e1f4a8dde92d5d1f98dbce190cc9f5099eaa48,18,0.99,3,1538999106558,Entertainment,1.9602,0.415
mLXfLRgXyKmR53m3T,01f1ff295575cb88c64f2ec4f5387f768ce1574b82bfb184dd28a9a38290d705,1,0.96,3,1538999555603,Sports,0.003200000000000006,0.72
m48jGkEEGpzQT92Yx,01f1ff295575cb88c64f2ec4f5387f768ce1574b82bfb184dd28a9a38290d705,2,0.83,3,1538999555604,Sports,1.3778,0.69
vEdoHab8REqGJQyeY,01f1ff295575cb88c64f2ec4f5387f768ce1574b82bfb184dd28a9a38290d705,3,1,3,1538999555605,Sports,2,0.52
cEr7hvewY4YebXzym,01f1ff295575cb88c64f2ec4f5387f768ce1574b82bfb184dd28a9a38290d705,4,0,3,1538999555605,Sports,2,0.245
mbegYbfsrRCbSm2LZ,01f1ff295575cb88c64f2ec4f5387f768ce1574b82bfb184dd28a9a38290d705,5,0.83,3,1538999555605,Sports,1.3778,0.58
anZaofJzJ2LDzwZbi,01f1ff295575cb88c64f2ec4f5387f768ce1574b82bfb184dd28a9a38290d705,6,0,3,1538999555605,Sports,0,0.24
BWLraFGPohcLDTyfr,01f1ff295575cb88c64f2ec4f5387f768ce1574b82bfb184dd28a9a38290d705,7,0.13,3,1538999558386,Politics,0.033800000000000004,0.375
r5Eki28M4ysu3gius,01f1ff295575cb88c64f2ec4f5387f768ce1574b82bfb184dd28a9a38290d705,8,0.89,3,1538999558387,Politics,0.024199999999999996,0.67
Pi5yhj7cxqeh2RqLB,01f1ff295575cb88c64f2ec4f5387f768ce1574b82bfb184dd28a9a38290d705,9,0.89,3,1538999558387,Politics,1.5842,0.57
uvu7aev78XoqCR5k6,01f1ff295575cb88c64f2ec4f5387f768ce1574b82bfb184dd28a9a38290d705,10,0.73,3,1538999558387,Politics,1.0657999999999999,0.485
HtWzv2DRRNnSZnZ24,01f1ff295575cb88c64f2ec4f5387f768ce1574b82bfb184dd28a9a38290d705,11,0.13,3,1538999558388,Politics,0.033800000000000004,0.485
gSpsdHq9E3NLJQhRQ,01f1ff295575cb88c64f2ec4f5387f768ce1574b82bfb184dd28a9a38290d705,12,0,3,1538999558389,Politics,0,0.49
G3S9iBFNTrW7h5HSs,01f1ff295575cb88c64f2ec4f5387f768ce1574b82bfb184dd28a9a38290d705,13,1,3,1538999560715,Entertainment,2,0.54
9CkQNwwCuKhGMzhuX,01f1ff295575cb88c64f2ec4f5387f768ce1574b82bfb184dd28a9a38290d705,14,0.98,3,1538999560716,Entertainment,8.000000000000014e-4,0.735
sM5RhkZZn6L572J5p,01f1ff295575cb88c64f2ec4f5387f768ce1574b82bfb184dd28a9a38290d705,15,1,3,1538999560718,Entertainment,2,0.595
bYPeo8zhNhQX2QNWA,01f1ff295575cb88c64f2ec4f5387f768ce1574b82bfb184dd28a9a38290d705,16,0.08,3,1538999560718,Entertainment,1.6928,0.26
JhKfKWPyXn2Y7bTMD,01f1ff295575cb88c64f2ec4f5387f768ce1574b82bfb184dd28a9a38290d705,17,0.82,3,1538999560718,Entertainment,1.3447999999999998,0.52
oqf6MLAG2tAnrvJgb,01f1ff295575cb88c64f2ec4f5387f768ce1574b82bfb184dd28a9a38290d705,18,0,3,1538999560719,Entertainment,0,0.375
mJERPcyrGebkYsvT8,198997f2209888cdf97b64985ae0ab1dd265586edd843a720e2bb7b427a1fdce,1,0.3,3,1538999586419,Sports,0.9799999999999999,0.71
fqnTdmyvjHSiwbMr7,198997f2209888cdf97b64985ae0ab1dd265586edd843a720e2bb7b427a1fdce,2,0.2,3,1538999586421,Sports,0.08000000000000002,0.425
ygHsDk8EL3Lr3frmx,198997f2209888cdf97b64985ae0ab1dd265586edd843a720e2bb7b427a1fdce,3,0.22,3,1538999586423,Sports,0.0968,0.44
sNxKuFdvJENTNhbbh,198997f2209888cdf97b64985ae0ab1dd265586edd843a720e2bb7b427a1fdce,4,0.68,3,1538999586424,Sports,0.20479999999999993,0.65
PxALTu8MA6WSfd8Sd,198997f2209888cdf97b64985ae0ab1dd265586edd843a720e2bb7b427a1fdce,5,0.6,3,1538999586426,Sports,0.72,0.495
nnYwt4B9EGQQvDHrR,198997f2209888cdf97b64985ae0ab1dd265586edd843a720e2bb7b427a1fdce,6,0.3,3,1538999586427,Sports,0.18,0.745
c9wbySm3YrjQC5pdQ,198997f2209888cdf97b64985ae0ab1dd265586edd843a720e2bb7b427a1fdce,7,0.75,3,1538999655509,Politics,1.125,0.625
tQxtSR97MLjQTuKyr,198997f2209888cdf97b64985ae0ab1dd265586edd843a720e2bb7b427a1fdce,8,0.2,3,1538999655511,Politics,1.2800000000000002,0.465
FGsaQHXYsnpYvwHfn,198997f2209888cdf97b64985ae0ab1dd265586edd843a720e2bb7b427a1fdce,9,0.22,3,1538999655512,Politics,0.0968,0.54
Zwia56CKsdem2Xxkd,198997f2209888cdf97b64985ae0ab1dd265586edd843a720e2bb7b427a1fdce,10,0.06,3,1538999655514,Politics,0.0072,0.465
WQT6ADgqBRmLasXyB,198997f2209888cdf97b64985ae0ab1dd265586edd843a720e2bb7b427a1fdce,11,0.05,3,1538999655515,Politics,0.005000000000000001,0.425
R7FNvTkAnhybnCcHh,198997f2209888cdf97b64985ae0ab1dd265586edd843a720e2bb7b427a1fdce,12,0.14,3,1538999655516,Politics,0.039200000000000006,0.55
EneyD8vm7i4mmK27F,198997f2209888cdf97b64985ae0ab1dd265586edd843a720e2bb7b427a1fdce,13,0.1,3,1538999885803,Entertainment,0.020000000000000004,0.37
2Kei7N74EXmsoyDnF,198997f2209888cdf97b64985ae0ab1dd265586edd843a720e2bb7b427a1fdce,14,0.6,3,1538999885805,Entertainment,0.32000000000000006,0.61
ctZ8LzZZfiMuKLqwr,198997f2209888cdf97b64985ae0ab1dd265586edd843a720e2bb7b427a1fdce,15,0.52,3,1538999885808,Entertainment,0.5408000000000001,0.605
Yvpf4MvycjmNyBb34,198997f2209888cdf97b64985ae0ab1dd265586edd843a720e2bb7b427a1fdce,16,0.19,3,1538999885810,Entertainment,1.3122000000000003,0.415
dpZzLj5HpPMGfeCWQ,198997f2209888cdf97b64985ae0ab1dd265586edd843a720e2bb7b427a1fdce,17,0.2,3,1538999885810,Entertainment,0.08000000000000002,0.515
FSHFBggf3GNh5fvDS,198997f2209888cdf97b64985ae0ab1dd265586edd843a720e2bb7b427a1fdce,18,0.04,3,1538999885812,Entertainment,0.0032,0.33
cn7HgkjqiHhuqZupf,0e33a19895481f7e27b91f310159ae6866aab2372a1b6f535f610085d75eed8c,1,0.76,3,1539000047104,Sports,0.1152,0.595
3pjxasAJaTqob7uoT,0e33a19895481f7e27b91f310159ae6866aab2372a1b6f535f610085d75eed8c,2,0.56,3,1539000047108,Sports,0.6272000000000001,0.65
8LXMWMNQgxTLsKDHt,0e33a19895481f7e27b91f310159ae6866aab2372a1b6f535f610085d75eed8c,3,0.62,3,1539000047111,Sports,0.7688,0.44
MG7xD24JbBrqEg97B,0e33a19895481f7e27b91f310159ae6866aab2372a1b6f535f610085d75eed8c,4,0.31,3,1539000047114,Sports,0.9521999999999998,0.615
n9aoFZek5cWCdGxfR,0e33a19895481f7e27b91f310159ae6866aab2372a1b6f535f610085d75eed8c,5,0.61,3,1539000047117,Sports,0.7442,0.48
uxz5gpF39ze3DiTEm,0e33a19895481f7e27b91f310159ae6866aab2372a1b6f535f610085d75eed8c,6,0.32,3,1539000047120,Sports,0.2048,0.635
62zz4gvKZTgKLv6ru,0e33a19895481f7e27b91f310159ae6866aab2372a1b6f535f610085d75eed8c,7,0.78,3,1539000088339,Politics,1.2168,0.555
8TqCMeXdvd4TyyaGt,0e33a19895481f7e27b91f310159ae6866aab2372a1b6f535f610085d75eed8c,8,0.4,3,1539000088342,Politics,0.72,0.595
h8EZ4dofTXux3WabT,0e33a19895481f7e27b91f310159ae6866aab2372a1b6f535f610085d75eed8c,9,0.28,3,1539000088344,Politics,0.15680000000000002,0.45
6QchSvFGFwfDRRxiS,0e33a19895481f7e27b91f310159ae6866aab2372a1b6f535f610085d75eed8c,10,0.35,3,1539000088347,Politics,0.24499999999999997,0.51
kaE39b4q5km9YcNdh,0e33a19895481f7e27b91f310159ae6866aab2372a1b6f535f610085d75eed8c,11,0.63,3,1539000088349,Politics,0.7938000000000001,0.325
9NSEdt3NS7rHLAX8j,0e33a19895481f7e27b91f310159ae6866aab2372a1b6f535f610085d75eed8c,12,0.43,3,1539000088352,Politics,0.36979999999999996,0.33
CW9NG2XKwNBWFnoF7,fe38a5b557f3116d79eadb977fed1f21f5918f5b46123393b55000a2eba1099f,1,0.73,3,1539000105271,Sports,0.1458,0.52
SkpbngwYYzZsAb9ES,fe38a5b557f3116d79eadb977fed1f21f5918f5b46123393b55000a2eba1099f,2,0.51,3,1539000105273,Sports,0.5202,0.575
KjL8GRguQ5niDoxsw,fe38a5b557f3116d79eadb977fed1f21f5918f5b46123393b55000a2eba1099f,3,0.59,3,1539000105275,Sports,0.6961999999999999,0.48
EuWFanNsBeYYsosm3,fe38a5b557f3116d79eadb977fed1f21f5918f5b46123393b55000a2eba1099f,4,0.59,3,1539000105276,Sports,0.33620000000000005,0.59
6PaDtFZzfYBNnFjq7,fe38a5b557f3116d79eadb977fed1f21f5918f5b46123393b55000a2eba1099f,5,0.42,3,1539000105278,Sports,0.35279999999999995,0.52
qGWpenYWdLLqoD3eS,fe38a5b557f3116d79eadb977fed1f21f5918f5b46123393b55000a2eba1099f,6,0.42,3,1539000105279,Sports,0.35279999999999995,0.585
Ym8N3uTw5ojFhGouZ,fe38a5b557f3116d79eadb977fed1f21f5918f5b46123393b55000a2eba1099f,7,0.66,3,1539000110428,Politics,0.8712000000000001,0.545
RcrAHKTnZJqbu847t,fe38a5b557f3116d79eadb977fed1f21f5918f5b46123393b55000a2eba1099f,8,0.52,3,1539000110431,Politics,0.4608,0.555
SxceECeC5am6uT65M,fe38a5b557f3116d79eadb977fed1f21f5918f5b46123393b55000a2eba1099f,9,0.52,3,1539000110432,Politics,0.5408000000000001,0.51
aXAtKjaekPrxTiZ2f,fe38a5b557f3116d79eadb977fed1f21f5918f5b46123393b55000a2eba1099f,10,0.46,3,1539000110433,Politics,0.4232,0.385
kgQtSpAhQs3b9KYPM,fe38a5b557f3116d79eadb977fed1f21f5918f5b46123393b55000a2eba1099f,11,0.52,3,1539000110437,Politics,0.5408000000000001,0.46
hP7Pbx5ZbvMtFRxXi,fe38a5b557f3116d79eadb977fed1f21f5918f5b46123393b55000a2eba1099f,12,0.57,3,1539000110438,Politics,0.6497999999999999,0.385
qwkTMb9qzAnaGa244,0e33a19895481f7e27b91f310159ae6866aab2372a1b6f535f610085d75eed8c,13,0.84,3,1539000112591,Entertainment,1.4111999999999998,0.565
2c2uAhsxq6gPYxWuG,0e33a19895481f7e27b91f310159ae6866aab2372a1b6f535f610085d75eed8c,14,0.66,3,1539000112593,Entertainment,0.23119999999999996,0.585
CC3eZPn6HSD2k3Sry,0e33a19895481f7e27b91f310159ae6866aab2372a1b6f535f610085d75eed8c,15,0.28,3,1539000112596,Entertainment,0.15680000000000002,0.42
QgSgnxNY5FY6T2dqu,0e33a19895481f7e27b91f310159ae6866aab2372a1b6f535f610085d75eed8c,16,0.69,3,1539000112599,Entertainment,0.19220000000000007,0.495
JoKKpt3X8QmjX7Kwb,0e33a19895481f7e27b91f310159ae6866aab2372a1b6f535f610085d75eed8c,17,0.45,3,1539000112609,Entertainment,0.405,0.475
9ocRaSs7Zryhe8yNq,0e33a19895481f7e27b91f310159ae6866aab2372a1b6f535f610085d75eed8c,18,0.66,3,1539000112611,Entertainment,0.8712000000000001,0.5
k4cbQoxwc3cK4Spbf,fe38a5b557f3116d79eadb977fed1f21f5918f5b46123393b55000a2eba1099f,13,0.72,3,1539000115700,Entertainment,1.0368,0.47
YAdxuonxaaQqjDhbq,fe38a5b557f3116d79eadb977fed1f21f5918f5b46123393b55000a2eba1099f,14,0.57,3,1539000115702,Entertainment,0.3698000000000001,0.545
rfXLiDKCjMZ5MMm5p,fe38a5b557f3116d79eadb977fed1f21f5918f5b46123393b55000a2eba1099f,15,0.54,3,1539000115702,Entertainment,0.5832,0.515
oDStCgvCDy2YWkFTN,fe38a5b557f3116d79eadb977fed1f21f5918f5b46123393b55000a2eba1099f,16,0.48,3,1539000115702,Entertainment,0.5408000000000001,0.525
T4pa5K5pnM9j6FF2g,fe38a5b557f3116d79eadb977fed1f21f5918f5b46123393b55000a2eba1099f,17,0.49,3,1539000115703,Entertainment,0.48019999999999996,0.45
HNqFWdrm9wsRNCt84,fe38a5b557f3116d79eadb977fed1f21f5918f5b46123393b55000a2eba1099f,18,0.51,3,1539000115704,Entertainment,0.5202,0.475
s5wcKiBdzm7dr5dSN,94f32674168876e81d6f1ee16e976b911dd353dd7dd6ce468e0821836054ec30,1,0.8,3,1539000692529,Sports,0.07999999999999996,0.575
e8jupTp3H4AqiYDes,94f32674168876e81d6f1ee16e976b911dd353dd7dd6ce468e0821836054ec30,2,0.9,3,1539000692531,Sports,1.62,0.58
BztHDoWNQvyM64hKo,94f32674168876e81d6f1ee16e976b911dd353dd7dd6ce468e0821836054ec30,3,0.33,3,1539000692532,Sports,0.21780000000000002,0.54
LprS9v9qqzTjmk9rg,94f32674168876e81d6f1ee16e976b911dd353dd7dd6ce468e0821836054ec30,4,0.62,3,1539000692532,Sports,0.2888,0.59
dNjg9g7vfpnimZpTM,94f32674168876e81d6f1ee16e976b911dd353dd7dd6ce468e0821836054ec30,5,0.23,3,1539000692533,Sports,0.1058,0.455
rJyFR6hR6HQuFXJ3Y,94f32674168876e81d6f1ee16e976b911dd353dd7dd6ce468e0821836054ec30,6,0.72,3,1539000692534,Sports,1.0368,0.475
AbykxvQPwPYzh7yom,94f32674168876e81d6f1ee16e976b911dd353dd7dd6ce468e0821836054ec30,7,0.92,3,1539000706136,Politics,1.6928,0.59
2QFz2GXzMiPsD8jop,94f32674168876e81d6f1ee16e976b911dd353dd7dd6ce468e0821836054ec30,8,0.51,3,1539000706137,Politics,0.48019999999999996,0.595
Z7ZPoxj5Mima6zS2y,94f32674168876e81d6f1ee16e976b911dd353dd7dd6ce468e0821836054ec30,9,0.24,3,1539000706138,Politics,0.1152,0.38
J9q7gNtkbYzQw3AKj,94f32674168876e81d6f1ee16e976b911dd353dd7dd6ce468e0821836054ec30,10,0.11,3,1539000706139,Politics,0.0242,0.45
sa7oykyPBNKPTY5iJ,94f32674168876e81d6f1ee16e976b911dd353dd7dd6ce468e0821836054ec30,11,0.85,3,1539000706139,Politics,1.4449999999999998,0.42
ZdupaxBQdYWhDuF7B,94f32674168876e81d6f1ee16e976b911dd353dd7dd6ce468e0821836054ec30,12,0.38,3,1539000706140,Politics,0.2888,0.49
TuR9pvnruk96ZN2Hi,e178a97443c70451c336e881ebd4d0a53e2ffab4c5ef574b5ffc3203c293fb92,1,0.5,3,1539001359834,Sports,0.5,0.555
WhZBMS4AQN4nqKSLs,e178a97443c70451c336e881ebd4d0a53e2ffab4c5ef574b5ffc3203c293fb92,2,0.5,3,1539001359835,Sports,0.5,0.575
rD7EFXzfbbgE73EZF,e178a97443c70451c336e881ebd4d0a53e2ffab4c5ef574b5ffc3203c293fb92,3,0.5,3,1539001359835,Sports,0.5,0.49
qppvp2zqo2tNGsfW6,e178a97443c70451c336e881ebd4d0a53e2ffab4c5ef574b5ffc3203c293fb92,4,0.5,3,1539001359835,Sports,0.5,0.59
hLi3PecruS7qB6bie,e178a97443c70451c336e881ebd4d0a53e2ffab4c5ef574b5ffc3203c293fb92,5,0.5,3,1539001359835,Sports,0.5,0.435
fdeBhtzwrGDeD4FWq,e178a97443c70451c336e881ebd4d0a53e2ffab4c5ef574b5ffc3203c293fb92,6,0.5,3,1539001359835,Sports,0.5,0.575
2awx6KeDduMzjAQpz,0467e764df1895d5736488b4b504b09bc788781d39d43634528159aa56062ddc,1,0.32,3,1539001395102,Sports,0.9247999999999998,0.69
dWHAnYCH4YpQH2PCT,0467e764df1895d5736488b4b504b09bc788781d39d43634528159aa56062ddc,2,0.64,3,1539001395103,Sports,0.8192,0.605
dJ36xNxwL9Riz8aCM,0467e764df1895d5736488b4b504b09bc788781d39d43634528159aa56062ddc,3,0.56,3,1539001395103,Sports,0.6272000000000001,0.53
jYhwZ7AQRzssyDKcC,0467e764df1895d5736488b4b504b09bc788781d39d43634528159aa56062ddc,4,0.89,3,1539001395103,Sports,0.024199999999999996,0.675
eRa49t3fdANHp66Ja,0467e764df1895d5736488b4b504b09bc788781d39d43634528159aa56062ddc,5,0.05,3,1539001395104,Sports,0.005000000000000001,0.35
cC5yM3s7SiCwmxvmM,0467e764df1895d5736488b4b504b09bc788781d39d43634528159aa56062ddc,6,0.11,3,1539001395105,Sports,0.0242,0.315
tc9YQZSsJMMdwyZXA,e178a97443c70451c336e881ebd4d0a53e2ffab4c5ef574b5ffc3203c293fb92,7,0.65,3,1539001403227,Politics,0.8450000000000001,0.54
M2wS4iefQSmjyFZnR,e178a97443c70451c336e881ebd4d0a53e2ffab4c5ef574b5ffc3203c293fb92,8,0.65,3,1539001403227,Politics,0.24499999999999997,0.545
6BpM24FicueMpxpho,e178a97443c70451c336e881ebd4d0a53e2ffab4c5ef574b5ffc3203c293fb92,9,0.6,3,1539001403227,Politics,0.72,0.45
Nz3JqsWjkkNW27Pvy,e178a97443c70451c336e881ebd4d0a53e2ffab4c5ef574b5ffc3203c293fb92,10,0.8,3,1539001403227,Politics,1.2800000000000002,0.285
9hgGkwwLAGCwiF9pW,e178a97443c70451c336e881ebd4d0a53e2ffab4c5ef574b5ffc3203c293fb92,11,0.4,3,1539001403228,Politics,0.32000000000000006,0.445
RJEdKJno4JfShh5B8,e178a97443c70451c336e881ebd4d0a53e2ffab4c5ef574b5ffc3203c293fb92,12,0.8,3,1539001403228,Politics,1.2800000000000002,0.31
P2wvEmep3CnseKm6E,e178a97443c70451c336e881ebd4d0a53e2ffab4c5ef574b5ffc3203c293fb92,13,0.8,3,1539001443482,Entertainment,1.2800000000000002,0.525
ZqP48TkMey33vxW6z,e178a97443c70451c336e881ebd4d0a53e2ffab4c5ef574b5ffc3203c293fb92,14,0.5,3,1539001443482,Entertainment,0.5,0.58
e2pgFSDYESv2NRem9,e178a97443c70451c336e881ebd4d0a53e2ffab4c5ef574b5ffc3203c293fb92,15,0.7,3,1539001443483,Entertainment,0.9799999999999999,0.535
oYkkhq3xfySbqw5Yx,e178a97443c70451c336e881ebd4d0a53e2ffab4c5ef574b5ffc3203c293fb92,16,0.4,3,1539001443484,Entertainment,0.72,0.53
uPzgHjqw5ErLbi7ff,e178a97443c70451c336e881ebd4d0a53e2ffab4c5ef574b5ffc3203c293fb92,17,0.8,3,1539001443484,Entertainment,1.2800000000000002,0.455
6ytffL8gifcX8EjdA,e178a97443c70451c336e881ebd4d0a53e2ffab4c5ef574b5ffc3203c293fb92,18,0.5,3,1539001443485,Entertainment,0.5,0.525
wDaFTJem3xSGmx93p,0467e764df1895d5736488b4b504b09bc788781d39d43634528159aa56062ddc,7,0.91,3,1539001469315,Politics,1.6562000000000001,0.695
yyKzqvZwJyvshKyhg,0467e764df1895d5736488b4b504b09bc788781d39d43634528159aa56062ddc,8,0.94,3,1539001469315,Politics,0.007200000000000013,0.59
NmvA6ZT2iujJFz29g,0467e764df1895d5736488b4b504b09bc788781d39d43634528159aa56062ddc,9,0.39,3,1539001469316,Politics,0.3042,0.62
NQt2MPQeKgQHfphen,0467e764df1895d5736488b4b504b09bc788781d39d43634528159aa56062ddc,10,0.09,3,1539001469316,Politics,0.0162,0.395
FXsDcKg4Fs37Fznjm,0467e764df1895d5736488b4b504b09bc788781d39d43634528159aa56062ddc,11,0.61,3,1539001469316,Politics,0.7442,0.49
Mo2vBb9k5G8LKMjod,0467e764df1895d5736488b4b504b09bc788781d39d43634528159aa56062ddc,12,0.06,3,1539001469317,Politics,0.0072,0.465
NGFXPpCAnoXSWG4MX,0467e764df1895d5736488b4b504b09bc788781d39d43634528159aa56062ddc,13,0.45,3,1539001550895,Entertainment,0.405,0.59
Waodeq2KSe4jXmfFb,0467e764df1895d5736488b4b504b09bc788781d39d43634528159aa56062ddc,14,0.97,3,1539001550895,Entertainment,0.0018000000000000032,0.63
ew9kDTEadmXorCgWY,0467e764df1895d5736488b4b504b09bc788781d39d43634528159aa56062ddc,15,0.2,3,1539001550896,Entertainment,0.08000000000000002,0.47
Cxq5hbz5ZHvLozJXR,0467e764df1895d5736488b4b504b09bc788781d39d43634528159aa56062ddc,16,0.24,3,1539001550897,Entertainment,1.1552,0.5
HFBMDGokdokZAJWdZ,0467e764df1895d5736488b4b504b09bc788781d39d43634528159aa56062ddc,17,0.13,3,1539001550897,Entertainment,0.033800000000000004,0.385
k5NWWWxdeyD4za6BS,0467e764df1895d5736488b4b504b09bc788781d39d43634528159aa56062ddc,18,0.39,3,1539001550897,Entertainment,0.3042,0.64
CvPddQKBn6DvKeEgB,94f32674168876e81d6f1ee16e976b911dd353dd7dd6ce468e0821836054ec30,13,0.45,3,1539001597041,Entertainment,0.405,0.565
4purttvYwxGQQ8Kdy,94f32674168876e81d6f1ee16e976b911dd353dd7dd6ce468e0821836054ec30,14,1,3,1539001597042,Entertainment,0,0.55
YddZ8nG3mb65RHspQ,94f32674168876e81d6f1ee16e976b911dd353dd7dd6ce468e0821836054ec30,15,0.3,3,1539001597045,Entertainment,0.18,0.63
bgWHioNLX9bgyZsQw,94f32674168876e81d6f1ee16e976b911dd353dd7dd6ce468e0821836054ec30,16,0.1,3,1539001597046,Entertainment,1.62,0.325
fSs7zANPF2uJPoYMf,94f32674168876e81d6f1ee16e976b911dd353dd7dd6ce468e0821836054ec30,17,0.75,3,1539001597047,Entertainment,1.125,0.48
swK2pdGtucZE3QPbd,94f32674168876e81d6f1ee16e976b911dd353dd7dd6ce468e0821836054ec30,18,0.91,3,1539001597048,Entertainment,1.6562000000000001,0.475
a5citLoE7nKGMruKd,bb0d84cdc06844b3850587f548d7c9a8e343d092fb39830431b3a4ec53018c27,1,1,3,1539001970602,Sports,0,0.565
wScwNm6bHtEr6Cpjs,bb0d84cdc06844b3850587f548d7c9a8e343d092fb39830431b3a4ec53018c27,2,1,3,1539001970603,Sports,2,0.57
cTpFCQqPdzMuMWvtM,bb0d84cdc06844b3850587f548d7c9a8e343d092fb39830431b3a4ec53018c27,3,1,3,1539001970603,Sports,2,0.455
CdTBKcq28oQNY7TRF,bb0d84cdc06844b3850587f548d7c9a8e343d092fb39830431b3a4ec53018c27,4,1,3,1539001970604,Sports,0,0.59
7SNcLJfsWkc9my8zP,bb0d84cdc06844b3850587f548d7c9a8e343d092fb39830431b3a4ec53018c27,5,0,3,1539001970604,Sports,0,0.255
DmnbhCjZGqabmjRHn,bb0d84cdc06844b3850587f548d7c9a8e343d092fb39830431b3a4ec53018c27,6,1,3,1539001970605,Sports,2,0.57
Z7TcMGSgsQrzaAhvo,bb0d84cdc06844b3850587f548d7c9a8e343d092fb39830431b3a4ec53018c27,7,1,3,1539002155224,Politics,2,0.585
axgSeetqzG6yNSCG7,bb0d84cdc06844b3850587f548d7c9a8e343d092fb39830431b3a4ec53018c27,8,1,3,1539002155225,Politics,0,0.53
e5kWXsyusGWwmB93h,bb0d84cdc06844b3850587f548d7c9a8e343d092fb39830431b3a4ec53018c27,9,1,3,1539002155226,Politics,2,0.5
GSFwFZxf5cPh4W9YH,bb0d84cdc06844b3850587f548d7c9a8e343d092fb39830431b3a4ec53018c27,10,0.55,3,1539002155226,Politics,0.6050000000000001,0.445
gRudK6WfZbt3YQT6s,bb0d84cdc06844b3850587f548d7c9a8e343d092fb39830431b3a4ec53018c27,11,0.38,3,1539002155226,Politics,0.2888,0.495
ucPGXSpxSGpQoZ9Bb,bb0d84cdc06844b3850587f548d7c9a8e343d092fb39830431b3a4ec53018c27,12,1,3,1539002155227,Politics,2,0.335
g9M8cXQGaCiBR5LR6,4bd3a7d20342292903936806b6d75a8d0273ca765c9879fe7259466c1cbe362d,1,0.81,3,1539002158203,Sports,0.07219999999999996,0.625
X98B8ciHbLP6pyHQg,4bd3a7d20342292903936806b6d75a8d0273ca765c9879fe7259466c1cbe362d,2,1,3,1539002158206,Sports,2,0.67
cEKkTBmc3oYJ6gPGF,4bd3a7d20342292903936806b6d75a8d0273ca765c9879fe7259466c1cbe362d,3,0.91,3,1539002158209,Sports,1.6562000000000001,0.465
aD6qA2dpddMgdY74B,4bd3a7d20342292903936806b6d75a8d0273ca765c9879fe7259466c1cbe362d,4,1,3,1539002158212,Sports,0,0.635
xgDaT5d6TW67ggJLf,4bd3a7d20342292903936806b6d75a8d0273ca765c9879fe7259466c1cbe362d,5,0,3,1539002158213,Sports,0,0.325
aB6x2PiBq3o9fsoF5,4bd3a7d20342292903936806b6d75a8d0273ca765c9879fe7259466c1cbe362d,6,0.53,3,1539002158214,Sports,0.5618000000000001,0.705
bn8ZBmCbdwNEXNA2s,4bd3a7d20342292903936806b6d75a8d0273ca765c9879fe7259466c1cbe362d,7,1,3,1539002230187,Politics,2,0.64
5aFHnNYjZ2K3HQsfX,4bd3a7d20342292903936806b6d75a8d0273ca765c9879fe7259466c1cbe362d,8,0.52,3,1539002230196,Politics,0.4608,0.69
oW7DGAijnmDmRRWP9,4bd3a7d20342292903936806b6d75a8d0273ca765c9879fe7259466c1cbe362d,9,0.33,3,1539002230202,Politics,0.21780000000000002,0.675
bSYsA3wMnXkbrhTC2,4bd3a7d20342292903936806b6d75a8d0273ca765c9879fe7259466c1cbe362d,10,0.18,3,1539002230208,Politics,0.0648,0.55
XAsSzBhS4C4my7yfW,4bd3a7d20342292903936806b6d75a8d0273ca765c9879fe7259466c1cbe362d,11,0.01,3,1539002230211,Politics,2e-4,0.355
RrRPgv6XyGR4qRpxX,4bd3a7d20342292903936806b6d75a8d0273ca765c9879fe7259466c1cbe362d,12,0.2,3,1539002230213,Politics,0.08000000000000002,0.43
kGXeahRuWwc7BjhsC,4bd3a7d20342292903936806b6d75a8d0273ca765c9879fe7259466c1cbe362d,13,0.67,3,1539002343252,Entertainment,0.8978000000000002,0.59
cZ232GL97XEtck2Yn,4bd3a7d20342292903936806b6d75a8d0273ca765c9879fe7259466c1cbe362d,14,1,3,1539002343259,Entertainment,0,0.64
LByrddaYvshm9jLRv,4bd3a7d20342292903936806b6d75a8d0273ca765c9879fe7259466c1cbe362d,15,0.14,3,1539002343264,Entertainment,0.039200000000000006,0.46
L43h2oSrRY6bWEw8e,4bd3a7d20342292903936806b6d75a8d0273ca765c9879fe7259466c1cbe362d,16,0.84,3,1539002343270,Entertainment,0.05120000000000002,0.585
w4wQTujximJmpvKDb,4bd3a7d20342292903936806b6d75a8d0273ca765c9879fe7259466c1cbe362d,17,0,3,1539002343274,Entertainment,0,0.33
du7xZMSNHQnEQt98Q,4bd3a7d20342292903936806b6d75a8d0273ca765c9879fe7259466c1cbe362d,18,0.06,3,1539002343277,Entertainment,0.0072,0.26
BMpXnH7Rd4fdmFoNz,bb0d84cdc06844b3850587f548d7c9a8e343d092fb39830431b3a4ec53018c27,13,1,3,1539002403007,Entertainment,2,0.565
tgDMXpzQrkqv9eMd7,bb0d84cdc06844b3850587f548d7c9a8e343d092fb39830431b3a4ec53018c27,14,1,3,1539002403007,Entertainment,0,0.565
n44qouNh8HMJ7qA6o,bb0d84cdc06844b3850587f548d7c9a8e343d092fb39830431b3a4ec53018c27,15,0.5,3,1539002403007,Entertainment,0.5,0.585
T5EafiAZ7JkTSdK6j,bb0d84cdc06844b3850587f548d7c9a8e343d092fb39830431b3a4ec53018c27,16,0.7,3,1539002403008,Entertainment,0.18000000000000005,0.525
TvfNbR4Qi4Wmamsqk,bb0d84cdc06844b3850587f548d7c9a8e343d092fb39830431b3a4ec53018c27,17,1,3,1539002403009,Entertainment,2,0.48
LKWPGFZoGbukC3NKC,bb0d84cdc06844b3850587f548d7c9a8e343d092fb39830431b3a4ec53018c27,18,1,3,1539002403010,Entertainment,2,0.48
YexQxYEzpkBcJbeHd,5e9933bdd5cc0344e3857e774fce25de8759f0f365edfabee5056801c69546ef,1,0.5,3,1539004062942,Sports,0.5,0.555
7kHBhBQ7zFhCbiSD8,5e9933bdd5cc0344e3857e774fce25de8759f0f365edfabee5056801c69546ef,2,0.45,3,1539004062942,Sports,0.405,0.66
tSwrYn8TYzLke8Cdg,5e9933bdd5cc0344e3857e774fce25de8759f0f365edfabee5056801c69546ef,3,0.45,3,1539004062942,Sports,0.405,0.5
3PSw5FGJvW2CNQNcJ,5e9933bdd5cc0344e3857e774fce25de8759f0f365edfabee5056801c69546ef,4,0.6,3,1539004062942,Sports,0.32000000000000006,0.57
JRFn3uTzsdS7uudAf,5e9933bdd5cc0344e3857e774fce25de8759f0f365edfabee5056801c69546ef,5,0.5,3,1539004062942,Sports,0.5,0.515
itybDhdfgunRTGv5A,5e9933bdd5cc0344e3857e774fce25de8759f0f365edfabee5056801c69546ef,6,0.6,3,1539004062942,Sports,0.72,0.535
i3kQ8vfW7tyQWBPWr,5e9933bdd5cc0344e3857e774fce25de8759f0f365edfabee5056801c69546ef,7,0.3,3,1539004102526,Politics,0.18,0.65
tv28zA28z7EGhjKS2,5e9933bdd5cc0344e3857e774fce25de8759f0f365edfabee5056801c69546ef,8,0.3,3,1539004102527,Politics,0.9799999999999999,0.625
PpqEJydNvNFAPLNLi,5e9933bdd5cc0344e3857e774fce25de8759f0f365edfabee5056801c69546ef,9,0.2,3,1539004102527,Politics,0.08000000000000002,0.39
rKW5Fd3kbWQbMeSwP,5e9933bdd5cc0344e3857e774fce25de8759f0f365edfabee5056801c69546ef,10,0.1,3,1539004102527,Politics,0.020000000000000004,0.465
mnBA5dietBC73m2Gz,5e9933bdd5cc0344e3857e774fce25de8759f0f365edfabee5056801c69546ef,11,0.1,3,1539004102528,Politics,0.020000000000000004,0.45
gb3g639Ce3CzkFh48,5e9933bdd5cc0344e3857e774fce25de8759f0f365edfabee5056801c69546ef,12,0.2,3,1539004102529,Politics,0.08000000000000002,0.375
6mMynAZDYD3JmZGjy,5e9933bdd5cc0344e3857e774fce25de8759f0f365edfabee5056801c69546ef,13,0.3,3,1539004134573,Entertainment,0.18,0.59
DJNJ8pZrFqGmAqwPT,5e9933bdd5cc0344e3857e774fce25de8759f0f365edfabee5056801c69546ef,14,0.7,3,1539004134574,Entertainment,0.18000000000000005,0.57
dzqdgTTgEzKb6D7j2,5e9933bdd5cc0344e3857e774fce25de8759f0f365edfabee5056801c69546ef,15,0.7,3,1539004134574,Entertainment,0.9799999999999999,0.48
nFcWws8hSThpKMs9H,5e9933bdd5cc0344e3857e774fce25de8759f0f365edfabee5056801c69546ef,16,0.4,3,1539004134575,Entertainment,0.72,0.53
MkpmERs7pad5rCq9d,5e9933bdd5cc0344e3857e774fce25de8759f0f365edfabee5056801c69546ef,17,0.6,3,1539004134575,Entertainment,0.72,0.49
DaYtrd4hHdqctWRTk,5e9933bdd5cc0344e3857e774fce25de8759f0f365edfabee5056801c69546ef,18,0.5,3,1539004134576,Entertainment,0.5,0.555
tNhmF4FY4R2wGQXQC,298c3e52abd34b153f6cb8ae64f7e8c78ad39f277cbe76cb9830ef8b7e0d98cc,1,0.15,3,1539004203676,Sports,1.4449999999999998,0.295
ZANsSixAz8gagwqCa,298c3e52abd34b153f6cb8ae64f7e8c78ad39f277cbe76cb9830ef8b7e0d98cc,2,0.69,3,1539004203677,Sports,0.9521999999999998,0.525
GWnjLvqiWnGCoABgF,298c3e52abd34b153f6cb8ae64f7e8c78ad39f277cbe76cb9830ef8b7e0d98cc,3,0.35,3,1539004203678,Sports,0.24499999999999997,0.51
ha7Y7i8AEzeRSeqW3,298c3e52abd34b153f6cb8ae64f7e8c78ad39f277cbe76cb9830ef8b7e0d98cc,4,1,3,1539004203679,Sports,0,0.59
trgjf3w6jyFRsJJfE,298c3e52abd34b153f6cb8ae64f7e8c78ad39f277cbe76cb9830ef8b7e0d98cc,5,0.87,3,1539004203680,Sports,1.5138,0.42
wMSTWQvXuNDtC5SEX,298c3e52abd34b153f6cb8ae64f7e8c78ad39f277cbe76cb9830ef8b7e0d98cc,6,0.33,3,1539004203680,Sports,0.21780000000000002,0.64
vsFRwRwSp82aefSCJ,298c3e52abd34b153f6cb8ae64f7e8c78ad39f277cbe76cb9830ef8b7e0d98cc,7,0.59,3,1539004340522,Politics,0.6961999999999999,0.6
ug8RXXFkuYDDWps5h,298c3e52abd34b153f6cb8ae64f7e8c78ad39f277cbe76cb9830ef8b7e0d98cc,8,0.66,3,1539004340522,Politics,0.23119999999999996,0.53
5RBbb2JzY9JrvK5Ts,298c3e52abd34b153f6cb8ae64f7e8c78ad39f277cbe76cb9830ef8b7e0d98cc,9,0.67,3,1539004340523,Politics,0.8978000000000002,0.44
4SFoaGjFR2tAZbkwB,298c3e52abd34b153f6cb8ae64f7e8c78ad39f277cbe76cb9830ef8b7e0d98cc,10,0.3,3,1539004340524,Politics,0.18,0.49
NtmkBxfeYohokaLgW,298c3e52abd34b153f6cb8ae64f7e8c78ad39f277cbe76cb9830ef8b7e0d98cc,11,0.81,3,1539004340524,Politics,1.3122000000000003,0.365
sc8pDrcSvq8E8hiun,298c3e52abd34b153f6cb8ae64f7e8c78ad39f277cbe76cb9830ef8b7e0d98cc,12,0.34,3,1539004340524,Politics,0.23120000000000004,0.48
FzQHHTw2ymDDYBdAr,7536227d19d318a70d18069d3f78851b13adc96f6adc07e43de679b38ae8cb74,1,0.5,3,1539004359920,Sports,0.5,0.585
kZBW3vfJJ4en7SP2A,7536227d19d318a70d18069d3f78851b13adc96f6adc07e43de679b38ae8cb74,2,0.5,3,1539004359921,Sports,0.5,0.575
YasZShFc6uevCZjsR,7536227d19d318a70d18069d3f78851b13adc96f6adc07e43de679b38ae8cb74,3,0.7,3,1539004359922,Sports,0.9799999999999999,0.41
oDBkEmFkSPJBFrZXT,7536227d19d318a70d18069d3f78851b13adc96f6adc07e43de679b38ae8cb74,4,0.2,3,1539004359922,Sports,1.2800000000000002,0.285
pqYwtyh6W7d5YD4KM,7536227d19d318a70d18069d3f78851b13adc96f6adc07e43de679b38ae8cb74,5,0.5,3,1539004359922,Sports,0.5,0.54
BbqL3XsoJvRaQCYCG,7536227d19d318a70d18069d3f78851b13adc96f6adc07e43de679b38ae8cb74,6,0.5,3,1539004359923,Sports,0.5,0.565
9RNJapJ7DtKRknJqo,7536227d19d318a70d18069d3f78851b13adc96f6adc07e43de679b38ae8cb74,7,0.5,3,1539004373802,Politics,0.5,0.59
LWzdKnir6op8wEFSj,7536227d19d318a70d18069d3f78851b13adc96f6adc07e43de679b38ae8cb74,8,0.7,3,1539004373803,Politics,0.18000000000000005,0.51
B4BRprMXktmLXwvn6,7536227d19d318a70d18069d3f78851b13adc96f6adc07e43de679b38ae8cb74,9,0.3,3,1539004373804,Politics,0.18,0.58
KKZrWqCz2tAPFmKfj,7536227d19d318a70d18069d3f78851b13adc96f6adc07e43de679b38ae8cb74,10,0.5,3,1539004373804,Politics,0.5,0.37
k9eYKx4h28tevyir4,7536227d19d318a70d18069d3f78851b13adc96f6adc07e43de679b38ae8cb74,11,0.5,3,1539004373804,Politics,0.5,0.495
GMEyrKBDoxSoGxZuS,7536227d19d318a70d18069d3f78851b13adc96f6adc07e43de679b38ae8cb74,12,0.2,3,1539004373805,Politics,0.08000000000000002,0.28
TW48EmPtNYzMuTBpg,298c3e52abd34b153f6cb8ae64f7e8c78ad39f277cbe76cb9830ef8b7e0d98cc,13,0.22,3,1539004384946,Entertainment,0.0968,0.35
EAmjjCpCJ4KWNnS5w,298c3e52abd34b153f6cb8ae64f7e8c78ad39f277cbe76cb9830ef8b7e0d98cc,14,0.32,3,1539004384947,Entertainment,0.9247999999999998,0.685
aEQyAFWkq4szkC8om,298c3e52abd34b153f6cb8ae64f7e8c78ad39f277cbe76cb9830ef8b7e0d98cc,15,0.88,3,1539004384948,Entertainment,1.5488,0.535
H654Y9Lr7p6254ahw,298c3e52abd34b153f6cb8ae64f7e8c78ad39f277cbe76cb9830ef8b7e0d98cc,16,0.81,3,1539004384948,Entertainment,0.07219999999999996,0.49
wKXn4DqXdjwHFHfEm,298c3e52abd34b153f6cb8ae64f7e8c78ad39f277cbe76cb9830ef8b7e0d98cc,17,0.21,3,1539004384948,Entertainment,0.08819999999999999,0.395
7GKzrv6TbHoKujhqc,298c3e52abd34b153f6cb8ae64f7e8c78ad39f277cbe76cb9830ef8b7e0d98cc,18,0.82,3,1539004384948,Entertainment,1.3447999999999998,0.415
DDCcXptR9TxoAqNhj,7536227d19d318a70d18069d3f78851b13adc96f6adc07e43de679b38ae8cb74,13,0.5,3,1539004402086,Entertainment,0.5,0.51
DTzYLyf7TDBKmDJAc,7536227d19d318a70d18069d3f78851b13adc96f6adc07e43de679b38ae8cb74,14,0.4,3,1539004402086,Entertainment,0.72,0.595
ssbtncDNZCWuYwCzP,7536227d19d318a70d18069d3f78851b13adc96f6adc07e43de679b38ae8cb74,15,0.5,3,1539004402086,Entertainment,0.5,0.54
uPQ3qwN4RCNfsdhFt,7536227d19d318a70d18069d3f78851b13adc96f6adc07e43de679b38ae8cb74,16,0.6,3,1539004402087,Entertainment,0.32000000000000006,0.49
m2obYSiXZkYCdKSrh,7536227d19d318a70d18069d3f78851b13adc96f6adc07e43de679b38ae8cb74,17,0.5,3,1539004402087,Entertainment,0.5,0.495
FrKcdtrCTYdDPiNg5,7536227d19d318a70d18069d3f78851b13adc96f6adc07e43de679b38ae8cb74,18,0.5,3,1539004402089,Entertainment,0.5,0.535
7pQCDJCYbYjFv3Pb3,08b8ce3616c498f8eca1d1503a4cd27c616477fd696bb23cef41a7508285ea12,1,0.82,3,1539005143437,Sports,0.06480000000000004,0.705
DCusEAM8xYNsZKwDH,08b8ce3616c498f8eca1d1503a4cd27c616477fd696bb23cef41a7508285ea12,2,0,3,1539005143437,Sports,0,0.33
fpj65w64WRPgdmYxj,08b8ce3616c498f8eca1d1503a4cd27c616477fd696bb23cef41a7508285ea12,3,0,3,1539005143438,Sports,0,0.39
QFH4XuznDxrTkG2i5,08b8ce3616c498f8eca1d1503a4cd27c616477fd696bb23cef41a7508285ea12,4,0.87,3,1539005143438,Sports,0.033800000000000004,0.7
7NALaaE5rR8G9ByXM,08b8ce3616c498f8eca1d1503a4cd27c616477fd696bb23cef41a7508285ea12,5,0,3,1539005143438,Sports,0,0.41
zkicFh5Rbmg7a5yPe,08b8ce3616c498f8eca1d1503a4cd27c616477fd696bb23cef41a7508285ea12,6,0.75,3,1539005143439,Sports,1.125,0.69
QJs3YmcE82CBHCCcm,08b8ce3616c498f8eca1d1503a4cd27c616477fd696bb23cef41a7508285ea12,7,1,3,1539005239197,Politics,2,0.735
cw3hB8HEhARwXEGxc,08b8ce3616c498f8eca1d1503a4cd27c616477fd696bb23cef41a7508285ea12,8,1,3,1539005239197,Politics,0,0.675
2vdsTwQydEuJrvcL4,08b8ce3616c498f8eca1d1503a4cd27c616477fd696bb23cef41a7508285ea12,9,0,3,1539005239197,Politics,0,0.35
E8JrEf49ZGpJnsThe,08b8ce3616c498f8eca1d1503a4cd27c616477fd696bb23cef41a7508285ea12,10,0,3,1539005239198,Politics,0,0.425
brrcfeH2SF7WWBh4c,08b8ce3616c498f8eca1d1503a4cd27c616477fd696bb23cef41a7508285ea12,11,0,3,1539005239198,Politics,0,0.455
BPgZShQ77akBt6zJw,08b8ce3616c498f8eca1d1503a4cd27c616477fd696bb23cef41a7508285ea12,12,0,3,1539005239198,Politics,0,0.525
LuvkTQ88p6RQeuFk9,08b8ce3616c498f8eca1d1503a4cd27c616477fd696bb23cef41a7508285ea12,13,1,3,1539005292280,Entertainment,2,0.66
xq98P4uATb8dbqLfp,08b8ce3616c498f8eca1d1503a4cd27c616477fd696bb23cef41a7508285ea12,14,0.91,3,1539005292280,Entertainment,0.01619999999999999,0.745
97So5nHPcBX2zoLA4,08b8ce3616c498f8eca1d1503a4cd27c616477fd696bb23cef41a7508285ea12,15,1,3,1539005292280,Entertainment,2,0.63
64PChsHjy4xFupKfh,08b8ce3616c498f8eca1d1503a4cd27c616477fd696bb23cef41a7508285ea12,16,0,3,1539005292280,Entertainment,2,0.35
fZFvaYPYE9xN2NJxR,08b8ce3616c498f8eca1d1503a4cd27c616477fd696bb23cef41a7508285ea12,17,1,3,1539005292281,Entertainment,2,0.56
rhJdYzGr2YNG54w3u,08b8ce3616c498f8eca1d1503a4cd27c616477fd696bb23cef41a7508285ea12,18,0,3,1539005292281,Entertainment,0,0.365
AoKD9w3XecnFvpTbr,fdf11eb4590c173c968038a71908998a20c56aa5a2db480c2a44021f8727b547,1,0.5,3,1539005366612,Sports,0.5,0.515
uiJ9brmQasWqj45YM,fdf11eb4590c173c968038a71908998a20c56aa5a2db480c2a44021f8727b547,2,0.6,3,1539005366630,Sports,0.72,0.54
pNCeua7ukKG4nHH7b,fdf11eb4590c173c968038a71908998a20c56aa5a2db480c2a44021f8727b547,3,0.5,3,1539005366636,Sports,0.5,0.46
ZJc3ASuaGK6ccgmv2,fdf11eb4590c173c968038a71908998a20c56aa5a2db480c2a44021f8727b547,4,0.7,3,1539005366638,Sports,0.18000000000000005,0.595
Tivmtur3HKG9TXAtc,fdf11eb4590c173c968038a71908998a20c56aa5a2db480c2a44021f8727b547,5,0.5,3,1539005366641,Sports,0.5,0.485
FdtGGBLQKfK5YXPWc,fdf11eb4590c173c968038a71908998a20c56aa5a2db480c2a44021f8727b547,6,0.6,3,1539005366648,Sports,0.72,0.455
CroRYsQJbYfzYmYtd,fdf11eb4590c173c968038a71908998a20c56aa5a2db480c2a44021f8727b547,7,0.6,3,1539005397079,Politics,0.72,0.545
peMpByqGrjy6iZFnb,fdf11eb4590c173c968038a71908998a20c56aa5a2db480c2a44021f8727b547,8,0.6,3,1539005397082,Politics,0.32000000000000006,0.48
fTJnsKKkpY3L6Sris,fdf11eb4590c173c968038a71908998a20c56aa5a2db480c2a44021f8727b547,9,0.5,3,1539005397084,Politics,0.5,0.54
5W7BqYNpzLDzrXaST,fdf11eb4590c173c968038a71908998a20c56aa5a2db480c2a44021f8727b547,10,0.66,3,1539005397088,Politics,0.8712000000000001,0.32
SoRndn2Na7vB55MHC,fdf11eb4590c173c968038a71908998a20c56aa5a2db480c2a44021f8727b547,11,0.6,3,1539005397089,Politics,0.72,0.37
472eamvHt4s4BzpXt,fdf11eb4590c173c968038a71908998a20c56aa5a2db480c2a44021f8727b547,12,0.58,3,1539005397090,Politics,0.6728,0.35
whHJKCXsYegDoHzA9,fdf11eb4590c173c968038a71908998a20c56aa5a2db480c2a44021f8727b547,13,0.5,3,1539005424175,Entertainment,0.5,0.545
3ojDPsyroNjRvhBti,fdf11eb4590c173c968038a71908998a20c56aa5a2db480c2a44021f8727b547,14,0.5,3,1539005424176,Entertainment,0.5,0.59
nZT9nRffGoZ54SfiP,fdf11eb4590c173c968038a71908998a20c56aa5a2db480c2a44021f8727b547,15,0.4,3,1539005424180,Entertainment,0.32000000000000006,0.54
hiQ8R38DGB8dphsEn,fdf11eb4590c173c968038a71908998a20c56aa5a2db480c2a44021f8727b547,16,0.6,3,1539005424182,Entertainment,0.32000000000000006,0.465
DYP5GLtCtiENd6gwa,fdf11eb4590c173c968038a71908998a20c56aa5a2db480c2a44021f8727b547,17,0.6,3,1539005424183,Entertainment,0.72,0.415
sgZKoZdTBwcwB7AYr,fdf11eb4590c173c968038a71908998a20c56aa5a2db480c2a44021f8727b547,18,0.5,3,1539005424185,Entertainment,0.5,0.495
Mvzp7gQCBq2hCZmhb,6ebd04923e84253de2a2940c3d2520db4068c7151bb9e5418af42f76d1f5142a,1,0.7,3,1539007521643,Sports,0.18000000000000005,0.615
dRaML2hzFveK23WWj,6ebd04923e84253de2a2940c3d2520db4068c7151bb9e5418af42f76d1f5142a,2,0.92,3,1539007521643,Sports,1.6928,0.59
Lo3iW9b46PrgWZmtN,6ebd04923e84253de2a2940c3d2520db4068c7151bb9e5418af42f76d1f5142a,3,0.64,3,1539007521644,Sports,0.8192,0.5
87hmbb2vZQBQCKtmc,6ebd04923e84253de2a2940c3d2520db4068c7151bb9e5418af42f76d1f5142a,4,0.26,3,1539007521644,Sports,1.0952,0.36
iR7iskAA9kK2T8khy,6ebd04923e84253de2a2940c3d2520db4068c7151bb9e5418af42f76d1f5142a,5,0.32,3,1539007521644,Sports,0.2048,0.635
Ctx5CS7Terqq5nBES,6ebd04923e84253de2a2940c3d2520db4068c7151bb9e5418af42f76d1f5142a,6,0.83,3,1539007521645,Sports,1.3778,0.515
8gCjaMLP8YarMAxzf,1e1750068c0f20cdf71ec88ea00f61e3d9212ea04cc2f221457af02c7277120d,1,0.75,3,1539009310484,Sports,0.125,0.555
L9sqGoCJ83qEX6xAG,1e1750068c0f20cdf71ec88ea00f61e3d9212ea04cc2f221457af02c7277120d,2,0.76,3,1539009310488,Sports,1.1552,0.535
fSWzngSPZg7QfJmi6,1e1750068c0f20cdf71ec88ea00f61e3d9212ea04cc2f221457af02c7277120d,3,0.33,3,1539009310490,Sports,0.21780000000000002,0.575
LvxES47ACDgyG2AxB,1e1750068c0f20cdf71ec88ea00f61e3d9212ea04cc2f221457af02c7277120d,4,0.78,3,1539009310490,Sports,0.09679999999999998,0.57
3Ngjnu2RffddynZPu,1e1750068c0f20cdf71ec88ea00f61e3d9212ea04cc2f221457af02c7277120d,5,0.83,3,1539009310492,Sports,1.3778,0.505
jMdKPDZWKE93TX4hH,1e1750068c0f20cdf71ec88ea00f61e3d9212ea04cc2f221457af02c7277120d,6,0.59,3,1539009310493,Sports,0.6961999999999999,0.595
eqCLcsqc76Ncguy7H,1e1750068c0f20cdf71ec88ea00f61e3d9212ea04cc2f221457af02c7277120d,7,0.68,3,1539009390656,Politics,0.9248000000000002,0.615
btTXP85BDrjGcJQ9k,1e1750068c0f20cdf71ec88ea00f61e3d9212ea04cc2f221457af02c7277120d,8,0.88,3,1539009390663,Politics,0.0288,0.525
MHZ37HzL6vJidNq3k,1e1750068c0f20cdf71ec88ea00f61e3d9212ea04cc2f221457af02c7277120d,9,0.43,3,1539009390667,Politics,0.36979999999999996,0.55
T6KDc5pW4h94HFojK,1e1750068c0f20cdf71ec88ea00f61e3d9212ea04cc2f221457af02c7277120d,10,0.38,3,1539009390668,Politics,0.2888,0.545
vPnxGRXsbjx4YZjaW,1e1750068c0f20cdf71ec88ea00f61e3d9212ea04cc2f221457af02c7277120d,11,0.55,3,1539009390670,Politics,0.6050000000000001,0.47
yvCWvimGXxWXbStvv,1e1750068c0f20cdf71ec88ea00f61e3d9212ea04cc2f221457af02c7277120d,12,0.14,3,1539009390673,Politics,0.039200000000000006,0.44
tDiqYqrFs2pjx8kmM,1e1750068c0f20cdf71ec88ea00f61e3d9212ea04cc2f221457af02c7277120d,13,0.82,3,1539009473995,Entertainment,1.3447999999999998,0.56
MXaXwhxDRdE7Jog5T,1e1750068c0f20cdf71ec88ea00f61e3d9212ea04cc2f221457af02c7277120d,14,0.55,3,1539009473998,Entertainment,0.4049999999999999,0.56
oL8q33AMteyadaM3k,1e1750068c0f20cdf71ec88ea00f61e3d9212ea04cc2f221457af02c7277120d,15,0.91,3,1539009474e3,Entertainment,1.6562000000000001,0.485
5sMSEAyajEvmXWmdR,1e1750068c0f20cdf71ec88ea00f61e3d9212ea04cc2f221457af02c7277120d,16,0.64,3,1539009474001,Entertainment,0.2592,0.48
A7xteYvu3NDcadnoe,1e1750068c0f20cdf71ec88ea00f61e3d9212ea04cc2f221457af02c7277120d,17,0.32,3,1539009474002,Entertainment,0.2048,0.555
esSFwqenaeiweCaAy,1e1750068c0f20cdf71ec88ea00f61e3d9212ea04cc2f221457af02c7277120d,18,0.7,3,1539009474004,Entertainment,0.9799999999999999,0.43
e7KeyxD25NGQEo2b6,5c13510b2fb3faded622caf85bee61d8e9b65f3f911b50be6d552729ebb4df67,1,0.75,3,1539009508388,Sports,0.125,0.545
26s5hNE4WmuLSF2B5,5c13510b2fb3faded622caf85bee61d8e9b65f3f911b50be6d552729ebb4df67,2,0.75,3,1539009508388,Sports,1.125,0.59
SgEenwhjMX4QctyJn,5c13510b2fb3faded622caf85bee61d8e9b65f3f911b50be6d552729ebb4df67,3,0.75,3,1539009508389,Sports,1.125,0.49
9JBk4XJvZ6RpZCxZQ,5c13510b2fb3faded622caf85bee61d8e9b65f3f911b50be6d552729ebb4df67,4,0.75,3,1539009508390,Sports,0.125,0.66
crQn2cPeCEBWvHTgE,5c13510b2fb3faded622caf85bee61d8e9b65f3f911b50be6d552729ebb4df67,5,0.75,3,1539009508391,Sports,1.125,0.46
2dAPtMRMtXQDYaSnM,5c13510b2fb3faded622caf85bee61d8e9b65f3f911b50be6d552729ebb4df67,6,0.75,3,1539009508392,Sports,1.125,0.515
jWB2aB6mAdv6JagSo,5c13510b2fb3faded622caf85bee61d8e9b65f3f911b50be6d552729ebb4df67,7,0.12,3,1539009528791,Politics,0.0288,0.28
x85bCC3vHNtnyp4St,5c13510b2fb3faded622caf85bee61d8e9b65f3f911b50be6d552729ebb4df67,8,0.25,3,1539009528792,Politics,1.125,0.46
gvRZZoirfeJg9fFc5,5c13510b2fb3faded622caf85bee61d8e9b65f3f911b50be6d552729ebb4df67,9,0.75,3,1539009528793,Politics,1.125,0.5
zyaLTa3XYQahNiFHt,5c13510b2fb3faded622caf85bee61d8e9b65f3f911b50be6d552729ebb4df67,10,0.15,3,1539009528794,Politics,0.045,0.515
ZMBuHdTEA3T8s5n58,5c13510b2fb3faded622caf85bee61d8e9b65f3f911b50be6d552729ebb4df67,11,0.5,3,1539009528795,Politics,0.5,0.46
suAkqPjWoxAxJwGwF,5c13510b2fb3faded622caf85bee61d8e9b65f3f911b50be6d552729ebb4df67,12,0.5,3,1539009528796,Politics,0.5,0.46
u4SGH496dPNo39DEr,5c13510b2fb3faded622caf85bee61d8e9b65f3f911b50be6d552729ebb4df67,13,0.8,3,1539009547883,Entertainment,1.2800000000000002,0.535
7wQxbG3DtnMxAfZnb,5c13510b2fb3faded622caf85bee61d8e9b65f3f911b50be6d552729ebb4df67,14,0.78,3,1539009547884,Entertainment,0.09679999999999998,0.55
hnKKBFCD3rbxujSZS,5c13510b2fb3faded622caf85bee61d8e9b65f3f911b50be6d552729ebb4df67,15,0.25,3,1539009547884,Entertainment,0.125,0.46
wbgX4xducGbXpk6aw,5c13510b2fb3faded622caf85bee61d8e9b65f3f911b50be6d552729ebb4df67,16,0.25,3,1539009547884,Entertainment,1.125,0.4
SPwqwtQpjAH8w6k4P,5c13510b2fb3faded622caf85bee61d8e9b65f3f911b50be6d552729ebb4df67,17,0.37,3,1539009547885,Entertainment,0.2738,0.63
fXZh4NKckM88Ks5kd,5c13510b2fb3faded622caf85bee61d8e9b65f3f911b50be6d552729ebb4df67,18,0.48,3,1539009547886,Entertainment,0.4608,0.565
6swbaXHz4GvSDqfdS,40b07289e966d0fc99b9a89e8d9aaa50ebfdcfa322ec563f75b50007849f79bd,1,0.67,3,1539009583210,Sports,0.21779999999999994,0.59
fqncE4sycbwsadFFD,40b07289e966d0fc99b9a89e8d9aaa50ebfdcfa322ec563f75b50007849f79bd,2,0.84,3,1539009583210,Sports,1.4111999999999998,0.555
YJ7KZZ6GuKzRRc5w2,40b07289e966d0fc99b9a89e8d9aaa50ebfdcfa322ec563f75b50007849f79bd,3,0.41,3,1539009583210,Sports,0.33619999999999994,0.495
wRo4tg5349nFZT8yj,40b07289e966d0fc99b9a89e8d9aaa50ebfdcfa322ec563f75b50007849f79bd,4,0.84,3,1539009583211,Sports,0.05120000000000002,0.535
Nqfj7KabTxoJYPeJE,40b07289e966d0fc99b9a89e8d9aaa50ebfdcfa322ec563f75b50007849f79bd,5,0.39,3,1539009583211,Sports,0.3042,0.57
28SzYArhkWEzPHNsB,40b07289e966d0fc99b9a89e8d9aaa50ebfdcfa322ec563f75b50007849f79bd,6,0.27,3,1539009583211,Sports,0.1458,0.42
agnkdAqjmgrmuCWGu,40b07289e966d0fc99b9a89e8d9aaa50ebfdcfa322ec563f75b50007849f79bd,7,0.46,3,1539009597271,Politics,0.4232,0.605
A5xqcCp525gSCLJ97,40b07289e966d0fc99b9a89e8d9aaa50ebfdcfa322ec563f75b50007849f79bd,8,0.52,3,1539009597271,Politics,0.4608,0.55
yBgjGJqh3Fdbvi3Da,c1dcf272e96b96761b3b98eed4bdbe315f1d461c9e9e1865add3b9a646fa20d6,1,1,3,1539010685353,Sports,0,0.585
dg9NYSXawhCqrkz8q,c1dcf272e96b96761b3b98eed4bdbe315f1d461c9e9e1865add3b9a646fa20d6,2,1,3,1539010685354,Sports,2,0.54
yR9rGcKP6ByHKp5aM,c1dcf272e96b96761b3b98eed4bdbe315f1d461c9e9e1865add3b9a646fa20d6,3,1,3,1539010685356,Sports,2,0.465
EXR2FtWLNF8CNPt2D,c1dcf272e96b96761b3b98eed4bdbe315f1d461c9e9e1865add3b9a646fa20d6,4,1,3,1539010685357,Sports,0,0.58
LYCfXZAvwZkvDsktk,c1dcf272e96b96761b3b98eed4bdbe315f1d461c9e9e1865add3b9a646fa20d6,5,1,3,1539010685358,Sports,2,0.46
8QgLF5mRLnELZFctT,c1dcf272e96b96761b3b98eed4bdbe315f1d461c9e9e1865add3b9a646fa20d6,6,1,3,1539010685359,Sports,2,0.61
Lk4ENXQSdYpAThQKo,c1dcf272e96b96761b3b98eed4bdbe315f1d461c9e9e1865add3b9a646fa20d6,7,1,3,1539010696167,Politics,2,0.58
FAnseciXqTN4r3Snt,c1dcf272e96b96761b3b98eed4bdbe315f1d461c9e9e1865add3b9a646fa20d6,8,1,3,1539010696169,Politics,0,0.55
WEPwbanv7yJyDD7hx,c1dcf272e96b96761b3b98eed4bdbe315f1d461c9e9e1865add3b9a646fa20d6,9,1,3,1539010696170,Politics,2,0.465
x7z9KJ8Sn3PA5xsDH,c1dcf272e96b96761b3b98eed4bdbe315f1d461c9e9e1865add3b9a646fa20d6,10,1,3,1539010696171,Politics,2,0.335
E9G9aEiLXmJwe8vFN,c1dcf272e96b96761b3b98eed4bdbe315f1d461c9e9e1865add3b9a646fa20d6,11,1,3,1539010696172,Politics,2,0.395
HhuPqnypMzayANFxw,c1dcf272e96b96761b3b98eed4bdbe315f1d461c9e9e1865add3b9a646fa20d6,12,1,3,1539010696172,Politics,2,0.37
hwd9JNKbAkgjMzy8s,c1dcf272e96b96761b3b98eed4bdbe315f1d461c9e9e1865add3b9a646fa20d6,13,1,3,1539010707432,Entertainment,2,0.53
fRWaJBE8k4xA8kiCw,c1dcf272e96b96761b3b98eed4bdbe315f1d461c9e9e1865add3b9a646fa20d6,14,1,3,1539010707433,Entertainment,0,0.61
yAifuTbXtq6mgbR8M,c1dcf272e96b96761b3b98eed4bdbe315f1d461c9e9e1865add3b9a646fa20d6,15,1,3,1539010707434,Entertainment,2,0.515
e9HaQnMbxE7PKvwu7,c1dcf272e96b96761b3b98eed4bdbe315f1d461c9e9e1865add3b9a646fa20d6,16,1,3,1539010707435,Entertainment,0,0.545
rJNqwQrER693mHAep,c1dcf272e96b96761b3b98eed4bdbe315f1d461c9e9e1865add3b9a646fa20d6,17,1,3,1539010707436,Entertainment,2,0.5
MnyAxpGiMR3NRkEoj,c1dcf272e96b96761b3b98eed4bdbe315f1d461c9e9e1865add3b9a646fa20d6,18,1,3,1539010707437,Entertainment,2,0.465
QD3NGdgYDwjYGhfXb,15bd8479e84176680fe7698cff4c3f295dd909418b787be010c452f2b0cff40d,1,0.71,3,1539011587162,Sports,0.16820000000000004,0.6
7S3SGSDgu47SEGPPm,15bd8479e84176680fe7698cff4c3f295dd909418b787be010c452f2b0cff40d,2,0.72,3,1539011587162,Sports,1.0368,0.545
NNoAY5FKNrqsEpx8T,15bd8479e84176680fe7698cff4c3f295dd909418b787be010c452f2b0cff40d,3,0.07,3,1539011587163,Sports,0.009800000000000001,0.28
MsunqRgvd59ZgMSWk,15bd8479e84176680fe7698cff4c3f295dd909418b787be010c452f2b0cff40d,4,0.92,3,1539011587163,Sports,0.012799999999999987,0.625
ebEqDwRT9ruDvPhpJ,15bd8479e84176680fe7698cff4c3f295dd909418b787be010c452f2b0cff40d,5,0.87,3,1539011587164,Sports,1.5138,0.575
JfobikNNEJtMt4gY4,15bd8479e84176680fe7698cff4c3f295dd909418b787be010c452f2b0cff40d,6,0.64,3,1539011587164,Sports,0.8192,0.57
mnQPBBSGx9Rsvv8t2,15bd8479e84176680fe7698cff4c3f295dd909418b787be010c452f2b0cff40d,7,0.32,3,1539011611762,Politics,0.2048,0.675
gDgzGWmiSdeT2RqrC,15bd8479e84176680fe7698cff4c3f295dd909418b787be010c452f2b0cff40d,8,0.4,3,1539011611763,Politics,0.72,0.595
frfHxjBhAN3uAkZsy,15bd8479e84176680fe7698cff4c3f295dd909418b787be010c452f2b0cff40d,9,0.63,3,1539011611763,Politics,0.7938000000000001,0.51
hzv5dnFaH6Ni82CFZ,15bd8479e84176680fe7698cff4c3f295dd909418b787be010c452f2b0cff40d,10,0.07,3,1539011611763,Politics,0.009800000000000001,0.36
qptY2fjGmfgRCsPXo,15bd8479e84176680fe7698cff4c3f295dd909418b787be010c452f2b0cff40d,11,0.27,3,1539011611764,Politics,0.1458,0.46
cSnYDDtcx9RobpQC5,15bd8479e84176680fe7698cff4c3f295dd909418b787be010c452f2b0cff40d,12,0.54,3,1539011611764,Politics,0.5832,0.365
JkspqgCvRonGGmEvP,15bd8479e84176680fe7698cff4c3f295dd909418b787be010c452f2b0cff40d,13,0.61,3,1539011641394,Entertainment,0.7442,0.535
hXZ2exjuL4zAwzwET,15bd8479e84176680fe7698cff4c3f295dd909418b787be010c452f2b0cff40d,14,0.83,3,1539011641394,Entertainment,0.057800000000000025,0.64
4qErYruGgAeLgc2iv,15bd8479e84176680fe7698cff4c3f295dd909418b787be010c452f2b0cff40d,15,0.83,3,1539011641394,Entertainment,1.3778,0.515
spnumez9fvMtvFiec,15bd8479e84176680fe7698cff4c3f295dd909418b787be010c452f2b0cff40d,16,0.28,3,1539011641394,Entertainment,1.0368,0.395
nKKxEariz8EjX4ivd,15bd8479e84176680fe7698cff4c3f295dd909418b787be010c452f2b0cff40d,17,0.59,3,1539011641394,Entertainment,0.6961999999999999,0.535
HbRYnzac7aCGzbYkM,15bd8479e84176680fe7698cff4c3f295dd909418b787be010c452f2b0cff40d,18,0.66,3,1539011641395,Entertainment,0.8712000000000001,0.53
i5oiB2jb66sWmcrxE,426b6823dc389a50261accd5d53b198bacb1dad00b9dd2c872d887a71958ed1d,1,0.8,3,1539013098645,Sports,0.07999999999999996,0.635
cQfouWmSW43CDKGSg,426b6823dc389a50261accd5d53b198bacb1dad00b9dd2c872d887a71958ed1d,2,0.25,3,1539013098645,Sports,0.125,0.44
AT8EDohpkR9pEBtjY,426b6823dc389a50261accd5d53b198bacb1dad00b9dd2c872d887a71958ed1d,3,0.75,3,1539013098645,Sports,1.125,0.485
xM5q4XcoHdAkQHnSv,426b6823dc389a50261accd5d53b198bacb1dad00b9dd2c872d887a71958ed1d,4,0.6,3,1539013098645,Sports,0.32000000000000006,0.67
vSW44DqsqeAgZkmTj,426b6823dc389a50261accd5d53b198bacb1dad00b9dd2c872d887a71958ed1d,5,0.2,3,1539013098645,Sports,0.08000000000000002,0.46
z5WQF7nGfoBnaNGQt,426b6823dc389a50261accd5d53b198bacb1dad00b9dd2c872d887a71958ed1d,6,0.85,3,1539013098646,Sports,1.4449999999999998,0.6
HeMb5uhoE7C5qbWZf,426b6823dc389a50261accd5d53b198bacb1dad00b9dd2c872d887a71958ed1d,7,0.95,3,1539013236288,Politics,1.805,0.695
AcFJTtBRkxvYDmgZi,426b6823dc389a50261accd5d53b198bacb1dad00b9dd2c872d887a71958ed1d,8,0.86,3,1539013236288,Politics,0.039200000000000006,0.675
52yR5abAYHqC4bJMN,426b6823dc389a50261accd5d53b198bacb1dad00b9dd2c872d887a71958ed1d,9,0.4,3,1539013236288,Politics,0.32000000000000006,0.615
c6vx2krEKmk5CjXDN,426b6823dc389a50261accd5d53b198bacb1dad00b9dd2c872d887a71958ed1d,10,0.04,3,1539013236289,Politics,0.0032,0.4
YMsRw8XKr2swyE6Ga,426b6823dc389a50261accd5d53b198bacb1dad00b9dd2c872d887a71958ed1d,11,0.05,3,1539013236290,Politics,0.005000000000000001,0.36
bmpsoZ9tq3hHaXgKy,426b6823dc389a50261accd5d53b198bacb1dad00b9dd2c872d887a71958ed1d,12,0.05,3,1539013236290,Politics,0.005000000000000001,0.465
WqMH6dTFZi2yPpQvm,a0b26958d6b78c44ba0262006b2c6e01e2d412e2cccf82dddbd97b89d22b33d7,1,0.67,3,1539013485003,Sports,0.21779999999999994,0.585
83GveAuSrr8bdMsMb,a0b26958d6b78c44ba0262006b2c6e01e2d412e2cccf82dddbd97b89d22b33d7,2,0.83,3,1539013485005,Sports,1.3778,0.55
GhRpdBFc5R5NRhnAS,a0b26958d6b78c44ba0262006b2c6e01e2d412e2cccf82dddbd97b89d22b33d7,3,0.45,3,1539013485009,Sports,0.405,0.49
h72v2RJmK5iBgo58u,a0b26958d6b78c44ba0262006b2c6e01e2d412e2cccf82dddbd97b89d22b33d7,4,0.71,3,1539013485011,Sports,0.16820000000000004,0.605
RNjadaMdv4vPyDk4h,a0b26958d6b78c44ba0262006b2c6e01e2d412e2cccf82dddbd97b89d22b33d7,5,0.71,3,1539013485011,Sports,1.0082,0.5
S9hg3JkFv5XJRFEzg,a0b26958d6b78c44ba0262006b2c6e01e2d412e2cccf82dddbd97b89d22b33d7,6,0.81,3,1539013485013,Sports,1.3122000000000003,0.54
J7jDjBxhynqNERyW3,a0b26958d6b78c44ba0262006b2c6e01e2d412e2cccf82dddbd97b89d22b33d7,7,0.71,3,1539013531621,Politics,1.0082,0.575
atsx77P6CmqpWemqB,a0b26958d6b78c44ba0262006b2c6e01e2d412e2cccf82dddbd97b89d22b33d7,8,0.42,3,1539013531621,Politics,0.6728000000000002,0.61
kXEGbHFHyeY43EgZ6,a0b26958d6b78c44ba0262006b2c6e01e2d412e2cccf82dddbd97b89d22b33d7,9,0.58,3,1539013531621,Politics,0.6728,0.57
uvuXbvXHmydDyGdYB,a0b26958d6b78c44ba0262006b2c6e01e2d412e2cccf82dddbd97b89d22b33d7,10,0.61,3,1539013531631,Politics,0.7442,0.355
wqbgwkvE9RBkvGJSd,a0b26958d6b78c44ba0262006b2c6e01e2d412e2cccf82dddbd97b89d22b33d7,11,0.67,3,1539013531634,Politics,0.8978000000000002,0.41
7RSTw2Cr5NhoxmJDL,a0b26958d6b78c44ba0262006b2c6e01e2d412e2cccf82dddbd97b89d22b33d7,12,0.75,3,1539013531634,Politics,1.125,0.34
u9AbX7yn2yRxcik23,a0b26958d6b78c44ba0262006b2c6e01e2d412e2cccf82dddbd97b89d22b33d7,13,0.67,3,1539013647717,Entertainment,0.8978000000000002,0.555
2s9HNxavF9GFzSJ8d,a0b26958d6b78c44ba0262006b2c6e01e2d412e2cccf82dddbd97b89d22b33d7,14,0.72,3,1539013647717,Entertainment,0.15680000000000002,0.55
7ZcvWym9zZZP37h3E,a0b26958d6b78c44ba0262006b2c6e01e2d412e2cccf82dddbd97b89d22b33d7,15,0.94,3,1539013647727,Entertainment,1.7671999999999999,0.515
R2dN8KM3XRTh9EH7k,a0b26958d6b78c44ba0262006b2c6e01e2d412e2cccf82dddbd97b89d22b33d7,16,1,3,1539013647727,Entertainment,0,0.45
5WPAdfLhnxoLnqngD,a0b26958d6b78c44ba0262006b2c6e01e2d412e2cccf82dddbd97b89d22b33d7,17,0.71,3,1539013647727,Entertainment,1.0082,0.41
DfYJWXJyTwkYcMA8F,a0b26958d6b78c44ba0262006b2c6e01e2d412e2cccf82dddbd97b89d22b33d7,18,0.86,3,1539013647739,Entertainment,1.4791999999999998,0.415
YswpiJfETTXGzweLu,2ea8a43fb38225c7046d4df69b4d4b49d3f9ca97a5816b0bc61c96828aef0e53,1,0.19,3,1539015654520,Sports,1.3122000000000003,0.29
u2Hii7Fffo6r7Nubf,2ea8a43fb38225c7046d4df69b4d4b49d3f9ca97a5816b0bc61c96828aef0e53,2,0.77,3,1539015654526,Sports,1.1858,0.59
4mYfQF8YqEtqYTDLZ,2ea8a43fb38225c7046d4df69b4d4b49d3f9ca97a5816b0bc61c96828aef0e53,3,0.94,3,1539015654529,Sports,1.7671999999999999,0.445
5nn8NZYKtTwk9D4eo,2ea8a43fb38225c7046d4df69b4d4b49d3f9ca97a5816b0bc61c96828aef0e53,4,0.82,3,1539015654532,Sports,0.06480000000000004,0.65
SkD5aMP73zYZXtrWq,2ea8a43fb38225c7046d4df69b4d4b49d3f9ca97a5816b0bc61c96828aef0e53,5,0.21,3,1539015654534,Sports,0.08819999999999999,0.445
DFb5pPjma5yzanZQg,2ea8a43fb38225c7046d4df69b4d4b49d3f9ca97a5816b0bc61c96828aef0e53,6,0.83,3,1539015654549,Sports,1.3778,0.59
mqoakPCxNP7SmJ3tF,2ea8a43fb38225c7046d4df69b4d4b49d3f9ca97a5816b0bc61c96828aef0e53,7,0.3,3,1539015701074,Politics,0.18,0.605
oXfzdKkgnGBb8Nemk,2ea8a43fb38225c7046d4df69b4d4b49d3f9ca97a5816b0bc61c96828aef0e53,8,0.36,3,1539015701078,Politics,0.8192,0.605
vQddAMvrBssLSqW7m,2ea8a43fb38225c7046d4df69b4d4b49d3f9ca97a5816b0bc61c96828aef0e53,9,0.79,3,1539015701081,Politics,1.2482000000000002,0.495
rLQG32WX86xrEQFHQ,2ea8a43fb38225c7046d4df69b4d4b49d3f9ca97a5816b0bc61c96828aef0e53,10,0.18,3,1539015701085,Politics,0.0648,0.515
MgAyzMmJjQJXSdHic,2ea8a43fb38225c7046d4df69b4d4b49d3f9ca97a5816b0bc61c96828aef0e53,11,0.3,3,1539015701087,Politics,0.18,0.615
vj6nEKB6Xh3zwLxGs,2ea8a43fb38225c7046d4df69b4d4b49d3f9ca97a5816b0bc61c96828aef0e53,12,0.1,3,1539015701089,Politics,0.020000000000000004,0.435
7uKt4JgRaaQ243XQc,2ea8a43fb38225c7046d4df69b4d4b49d3f9ca97a5816b0bc61c96828aef0e53,13,0.9,3,1539015735147,Entertainment,1.62,0.555
AaTatkeCSQKomveqi,2ea8a43fb38225c7046d4df69b4d4b49d3f9ca97a5816b0bc61c96828aef0e53,14,0.88,3,1539015735150,Entertainment,0.0288,0.66
L32pXsCZ84rBYYdZX,2ea8a43fb38225c7046d4df69b4d4b49d3f9ca97a5816b0bc61c96828aef0e53,15,0.14,3,1539015735152,Entertainment,0.039200000000000006,0.31
RFB4sM2JAbwiCXFBb,2ea8a43fb38225c7046d4df69b4d4b49d3f9ca97a5816b0bc61c96828aef0e53,16,0.31,3,1539015735154,Entertainment,0.9521999999999998,0.675
zv7oMGYDvmqwaSzMn,2ea8a43fb38225c7046d4df69b4d4b49d3f9ca97a5816b0bc61c96828aef0e53,17,0.48,3,1539015735156,Entertainment,0.4608,0.48
hQtTk3N9qyknqjXZX,2ea8a43fb38225c7046d4df69b4d4b49d3f9ca97a5816b0bc61c96828aef0e53,18,0.25,3,1539015735158,Entertainment,0.125,0.435
eEvRgGqPWYytZjmfk,0107c56ca4f9620bb3a535f58893ce6ed76cfa55b1eb243102052ef6904ee578,1,0.52,3,1539019652413,Sports,0.4608,0.59
tDFaHtXccQy7MumiX,0107c56ca4f9620bb3a535f58893ce6ed76cfa55b1eb243102052ef6904ee578,2,0.31,3,1539019652413,Sports,0.1922,0.615
Qwnb66iocMKrigWER,0107c56ca4f9620bb3a535f58893ce6ed76cfa55b1eb243102052ef6904ee578,3,0.15,3,1539019652413,Sports,0.045,0.4
J8RjSdMLfsBd3bP4v,0107c56ca4f9620bb3a535f58893ce6ed76cfa55b1eb243102052ef6904ee578,4,0.33,3,1539019652413,Sports,0.8977999999999998,0.67
3ehHMz7dedCfRE4XE,0107c56ca4f9620bb3a535f58893ce6ed76cfa55b1eb243102052ef6904ee578,5,0.24,3,1539019652414,Sports,0.1152,0.425
2wuorEKdbXk6iwegS,0107c56ca4f9620bb3a535f58893ce6ed76cfa55b1eb243102052ef6904ee578,6,0.63,3,1539019652414,Sports,0.7938000000000001,0.56
bxnQsECjbMGKcJagM,0107c56ca4f9620bb3a535f58893ce6ed76cfa55b1eb243102052ef6904ee578,7,0.22,3,1539019691795,Politics,0.0968,0.31
E57wBGrnRwW4NhZX4,0107c56ca4f9620bb3a535f58893ce6ed76cfa55b1eb243102052ef6904ee578,8,0.24,3,1539019691795,Politics,1.1552,0.41
7AMNFXbhtHGgAaEnj,0107c56ca4f9620bb3a535f58893ce6ed76cfa55b1eb243102052ef6904ee578,9,0.59,3,1539019691795,Politics,0.6961999999999999,0.58
bZLzNR4iL5xxMGL9G,0107c56ca4f9620bb3a535f58893ce6ed76cfa55b1eb243102052ef6904ee578,10,0.41,3,1539019691795,Politics,0.33619999999999994,0.41
tiaLrNEmp4pq49qQ8,0107c56ca4f9620bb3a535f58893ce6ed76cfa55b1eb243102052ef6904ee578,11,0.22,3,1539019691796,Politics,0.0968,0.45
TciHLy4hMYfvibQ62,0107c56ca4f9620bb3a535f58893ce6ed76cfa55b1eb243102052ef6904ee578,12,0.36,3,1539019691796,Politics,0.2592,0.505
Jg57ymayQdbAji8zg,0107c56ca4f9620bb3a535f58893ce6ed76cfa55b1eb243102052ef6904ee578,13,0.92,3,1539019733027,Entertainment,1.6928,0.545
DQSwHWkQMvsbWTG6J,0107c56ca4f9620bb3a535f58893ce6ed76cfa55b1eb243102052ef6904ee578,14,0.93,3,1539019733027,Entertainment,0.009799999999999986,0.545
jfM5TgukCpnyB82gN,0107c56ca4f9620bb3a535f58893ce6ed76cfa55b1eb243102052ef6904ee578,15,0.75,3,1539019733028,Entertainment,1.125,0.485
5J6mKgmfMDtqcHYj5,0107c56ca4f9620bb3a535f58893ce6ed76cfa55b1eb243102052ef6904ee578,16,0.46,3,1539019733028,Entertainment,0.5832,0.57
uwxXGev9xgsdAdRdx,0107c56ca4f9620bb3a535f58893ce6ed76cfa55b1eb243102052ef6904ee578,17,0.7,3,1539019733028,Entertainment,0.9799999999999999,0.45
8AfvxBzNb99Ls4JB8,0107c56ca4f9620bb3a535f58893ce6ed76cfa55b1eb243102052ef6904ee578,18,0.94,3,1539019733028,Entertainment,1.7671999999999999,0.445
sqMAX49ztGFoHYCNu,8628a17bbe5f7bd4addd617dc0d870e3f6834439b8ca5ca039418fc1a0cec53d,1,0.5,3,1539020087093,Sports,0.5,0.585
xQWEvcgtrfWbn4irE,8628a17bbe5f7bd4addd617dc0d870e3f6834439b8ca5ca039418fc1a0cec53d,2,0.69,3,1539020087094,Sports,0.9521999999999998,0.58
Z8YRg8LiadvfWau34,8628a17bbe5f7bd4addd617dc0d870e3f6834439b8ca5ca039418fc1a0cec53d,3,0.62,3,1539020087096,Sports,0.7688,0.425
Liu69JHYG8F8KFv7G,8628a17bbe5f7bd4addd617dc0d870e3f6834439b8ca5ca039418fc1a0cec53d,4,0.51,3,1539020087097,Sports,0.48019999999999996,0.585
8p8xDBZW5Aqrp9zM8,8628a17bbe5f7bd4addd617dc0d870e3f6834439b8ca5ca039418fc1a0cec53d,5,0.42,3,1539020087097,Sports,0.35279999999999995,0.58
fSvtsPDuXNk3fN6Qa,8628a17bbe5f7bd4addd617dc0d870e3f6834439b8ca5ca039418fc1a0cec53d,6,0.53,3,1539020087097,Sports,0.5618000000000001,0.64
JuYRpQsjzRwks7NPu,8628a17bbe5f7bd4addd617dc0d870e3f6834439b8ca5ca039418fc1a0cec53d,7,0.52,3,1539020252708,Politics,0.5408000000000001,0.59
WxzvZ3qAEMebjKfyS,8628a17bbe5f7bd4addd617dc0d870e3f6834439b8ca5ca039418fc1a0cec53d,8,0.4,3,1539020252709,Politics,0.72,0.685
Yf5e4xZTRiEdvv6my,8628a17bbe5f7bd4addd617dc0d870e3f6834439b8ca5ca039418fc1a0cec53d,9,0.42,3,1539020252709,Politics,0.35279999999999995,0.545
r57RvfcewM4PvbWYZ,8628a17bbe5f7bd4addd617dc0d870e3f6834439b8ca5ca039418fc1a0cec53d,10,0.08,3,1539020252709,Politics,0.0128,0.435
N3LyWJwqM75uwXhCd,8628a17bbe5f7bd4addd617dc0d870e3f6834439b8ca5ca039418fc1a0cec53d,11,0.06,3,1539020252711,Politics,0.0072,0.36
CA5HSShYworvEEZeS,8628a17bbe5f7bd4addd617dc0d870e3f6834439b8ca5ca039418fc1a0cec53d,12,0.3,3,1539020252711,Politics,0.18,0.44
nNaBtXsWjsy5ZxbsB,8628a17bbe5f7bd4addd617dc0d870e3f6834439b8ca5ca039418fc1a0cec53d,13,0.7,3,1539020388507,Entertainment,0.9799999999999999,0.565
R63kiWHCByPBgW2ZZ,8628a17bbe5f7bd4addd617dc0d870e3f6834439b8ca5ca039418fc1a0cec53d,14,0.32,3,1539020388510,Entertainment,0.9247999999999998,0.67
wck7P7PkHAXq53vML,8628a17bbe5f7bd4addd617dc0d870e3f6834439b8ca5ca039418fc1a0cec53d,15,0.34,3,1539020388510,Entertainment,0.23120000000000004,0.64
9uC4di3RsBzKznYxW,8628a17bbe5f7bd4addd617dc0d870e3f6834439b8ca5ca039418fc1a0cec53d,16,0.12,3,1539020388511,Entertainment,1.5488,0.345
GBHP9E7q5WEzySoe3,8628a17bbe5f7bd4addd617dc0d870e3f6834439b8ca5ca039418fc1a0cec53d,17,0.2,3,1539020388511,Entertainment,0.08000000000000002,0.38
GxFky7QkQ5d5wGeaq,8628a17bbe5f7bd4addd617dc0d870e3f6834439b8ca5ca039418fc1a0cec53d,18,0.1,3,1539020388512,Entertainment,0.020000000000000004,0.42
2XME4BZYkjHFMHkz9,6f1b0d54cf1a092d4f317ccda2affe7dc5c86b93284c848a39bf554fab7392c1,1,0.59,3,1539022022693,Sports,0.33620000000000005,0.675
FSY6wseJTy5ktKALx,6f1b0d54cf1a092d4f317ccda2affe7dc5c86b93284c848a39bf554fab7392c1,2,0.13,3,1539022022693,Sports,0.033800000000000004,0.375
PyRSoZmd2Ly4fqzhg,6f1b0d54cf1a092d4f317ccda2affe7dc5c86b93284c848a39bf554fab7392c1,3,0,3,1539022022694,Sports,0,0.36
224NMNs3rPJLQ6A5p,6f1b0d54cf1a092d4f317ccda2affe7dc5c86b93284c848a39bf554fab7392c1,4,0.72,3,1539022022694,Sports,0.15680000000000002,0.665
YGiosoe69knjtcDcv,6f1b0d54cf1a092d4f317ccda2affe7dc5c86b93284c848a39bf554fab7392c1,5,0.66,3,1539022022695,Sports,0.8712000000000001,0.58
9RjkdmkMG2otLCTBa,6f1b0d54cf1a092d4f317ccda2affe7dc5c86b93284c848a39bf554fab7392c1,6,0.27,3,1539022022695,Sports,0.1458,0.45
dzMCxd7Mxw54nNjqj,6f1b0d54cf1a092d4f317ccda2affe7dc5c86b93284c848a39bf554fab7392c1,7,0.87,3,1539022102201,Politics,1.5138,0.67
SW5tZCGodFethvs72,6f1b0d54cf1a092d4f317ccda2affe7dc5c86b93284c848a39bf554fab7392c1,8,0.15,3,1539022102201,Politics,1.4449999999999998,0.385
EPJe7zttfcoqkdxiT,6f1b0d54cf1a092d4f317ccda2affe7dc5c86b93284c848a39bf554fab7392c1,9,0.66,3,1539022102202,Politics,0.8712000000000001,0.515
mAKjrxL4RP8u47uTT,6f1b0d54cf1a092d4f317ccda2affe7dc5c86b93284c848a39bf554fab7392c1,10,0.12,3,1539022102202,Politics,0.0288,0.545
aivQTPjAt2mgsKPwK,6f1b0d54cf1a092d4f317ccda2affe7dc5c86b93284c848a39bf554fab7392c1,11,0.22,3,1539022102203,Politics,0.0968,0.525
6h278qKWFtsQuxD7C,6f1b0d54cf1a092d4f317ccda2affe7dc5c86b93284c848a39bf554fab7392c1,12,0.32,3,1539022102203,Politics,0.2048,0.555
8xYFD7N68KpXbvuk8,6f1b0d54cf1a092d4f317ccda2affe7dc5c86b93284c848a39bf554fab7392c1,13,0.4,3,1539022237870,Entertainment,0.32000000000000006,0.605
BjKSZiMpLANMdDFvL,6f1b0d54cf1a092d4f317ccda2affe7dc5c86b93284c848a39bf554fab7392c1,14,0.09,3,1539022237870,Entertainment,1.6562000000000001,0.3
KySM42P7B8QnqE9Da,6f1b0d54cf1a092d4f317ccda2affe7dc5c86b93284c848a39bf554fab7392c1,15,0.95,3,1539022237870,Entertainment,1.805,0.625
tMPNvw9W4LmrRXR6v,6f1b0d54cf1a092d4f317ccda2affe7dc5c86b93284c848a39bf554fab7392c1,16,0.1,3,1539022237871,Entertainment,1.62,0.405
LxKNHxAFDeiYmKyTJ,6f1b0d54cf1a092d4f317ccda2affe7dc5c86b93284c848a39bf554fab7392c1,17,0.04,3,1539022237872,Entertainment,0.0032,0.33
8DJmtmsJXnSD9XCNq,6f1b0d54cf1a092d4f317ccda2affe7dc5c86b93284c848a39bf554fab7392c1,18,1,3,1539022237873,Entertainment,2,0.55
qhDnJsYFuyAZdeS2b,d9b889663dddaa8a7cc231fb55e8b5cbafd45d685ef7beda4b6614a5a4dada29,1,0.15,3,1539022347811,Sports,1.4449999999999998,0.335
BMDkjvQnGCWtCxWiB,d9b889663dddaa8a7cc231fb55e8b5cbafd45d685ef7beda4b6614a5a4dada29,2,0.6,3,1539022347811,Sports,0.72,0.625
KmxfHR6EZNaqp9oWg,d9b889663dddaa8a7cc231fb55e8b5cbafd45d685ef7beda4b6614a5a4dada29,3,0.15,3,1539022347812,Sports,0.045,0.455
YyyiDhHc5pJLxSo9Z,d9b889663dddaa8a7cc231fb55e8b5cbafd45d685ef7beda4b6614a5a4dada29,4,0.7,3,1539022347813,Sports,0.18000000000000005,0.61
yeMTin9naqxQupabf,d9b889663dddaa8a7cc231fb55e8b5cbafd45d685ef7beda4b6614a5a4dada29,5,0.15,3,1539022347813,Sports,0.045,0.44
oxnJsXv6oKiRLSfoH,d9b889663dddaa8a7cc231fb55e8b5cbafd45d685ef7beda4b6614a5a4dada29,6,0.35,3,1539022347814,Sports,0.24499999999999997,0.685
whDqJhsLNHnTpDTMW,d9b889663dddaa8a7cc231fb55e8b5cbafd45d685ef7beda4b6614a5a4dada29,7,0.8,3,1539022520948,Politics,1.2800000000000002,0.64
L6x7Fv3qv3Gg7vD8S,d9b889663dddaa8a7cc231fb55e8b5cbafd45d685ef7beda4b6614a5a4dada29,8,0.65,3,1539022520949,Politics,0.24499999999999997,0.595
iS5BTqcXnWWprAday,d9b889663dddaa8a7cc231fb55e8b5cbafd45d685ef7beda4b6614a5a4dada29,9,0.6,3,1539022520950,Politics,0.72,0.545
mSsrrX76KFcQMhgTb,d9b889663dddaa8a7cc231fb55e8b5cbafd45d685ef7beda4b6614a5a4dada29,10,0.15,3,1539022520950,Politics,0.045,0.52
Q6onXamrpvpfRfhPt,d9b889663dddaa8a7cc231fb55e8b5cbafd45d685ef7beda4b6614a5a4dada29,11,0.15,3,1539022520950,Politics,0.045,0.49
htcwY7X5uiL5KuRKv,d9b889663dddaa8a7cc231fb55e8b5cbafd45d685ef7beda4b6614a5a4dada29,12,0.2,3,1539022520950,Politics,0.08000000000000002,0.535
WmWvPfs4r3veeMr5G,d9b889663dddaa8a7cc231fb55e8b5cbafd45d685ef7beda4b6614a5a4dada29,13,0.2,3,1539022783343,Entertainment,0.08000000000000002,0.41
MAMge27zTfhK9oARy,d9b889663dddaa8a7cc231fb55e8b5cbafd45d685ef7beda4b6614a5a4dada29,14,1,3,1539022783343,Entertainment,0,0.7
nXdPkJaBimt7vajMu,d9b889663dddaa8a7cc231fb55e8b5cbafd45d685ef7beda4b6614a5a4dada29,15,0.65,3,1539022783344,Entertainment,0.8450000000000001,0.59
BmkTFmCr8i3Qq5cG9,d9b889663dddaa8a7cc231fb55e8b5cbafd45d685ef7beda4b6614a5a4dada29,16,0.75,3,1539022783344,Entertainment,0.125,0.625
ka7tJ2TuJ3cmjPS9y,d9b889663dddaa8a7cc231fb55e8b5cbafd45d685ef7beda4b6614a5a4dada29,17,0.2,3,1539022783344,Entertainment,0.08000000000000002,0.49
9wHuFdYZSp5mF88pY,d9b889663dddaa8a7cc231fb55e8b5cbafd45d685ef7beda4b6614a5a4dada29,18,0.2,3,1539022783344,Entertainment,0.08000000000000002,0.575
4CBem674hncS7Xonx,f0b37b60cce0cc792fd2661e35160bb7f675276edc9815efda31480b124c1b0f,1,0.47,3,1539023175284,Sports,0.5618000000000001,0.505
C4oCQwSwFgHoTXvzN,f0b37b60cce0cc792fd2661e35160bb7f675276edc9815efda31480b124c1b0f,2,0.56,3,1539023175285,Sports,0.6272000000000001,0.565
pgAyAhQHPMRiWv366,f0b37b60cce0cc792fd2661e35160bb7f675276edc9815efda31480b124c1b0f,3,0.43,3,1539023175285,Sports,0.36979999999999996,0.44
jfHzn9dmqog4GMajN,f0b37b60cce0cc792fd2661e35160bb7f675276edc9815efda31480b124c1b0f,4,0.57,3,1539023175286,Sports,0.3698000000000001,0.6
wetio4vDiJunKcxmH,f0b37b60cce0cc792fd2661e35160bb7f675276edc9815efda31480b124c1b0f,5,0.47,3,1539023175286,Sports,0.44179999999999997,0.54
f5RNzjwXyFSb2iWgC,f0b37b60cce0cc792fd2661e35160bb7f675276edc9815efda31480b124c1b0f,6,0.56,3,1539023175286,Sports,0.6272000000000001,0.53
9ptSQSf7QbyERpQGz,013449ab3536697417c88aab3ba1e374a698deaf6cd2a646a8fd7e3601e5cefc,1,0.7,3,1539023315898,Sports,0.18000000000000005,0.67
RaGTvSiubR9H8MPFz,013449ab3536697417c88aab3ba1e374a698deaf6cd2a646a8fd7e3601e5cefc,2,0.35,3,1539023315898,Sports,0.24499999999999997,0.68
Hp7nR2NHeTHBJzxHo,013449ab3536697417c88aab3ba1e374a698deaf6cd2a646a8fd7e3601e5cefc,3,0.2,3,1539023315899,Sports,0.08000000000000002,0.45
Fs2ud24JHgMuog9Tb,013449ab3536697417c88aab3ba1e374a698deaf6cd2a646a8fd7e3601e5cefc,4,0.4,3,1539023315899,Sports,0.72,0.71
a4XufXRG6cdFh3nQ5,013449ab3536697417c88aab3ba1e374a698deaf6cd2a646a8fd7e3601e5cefc,5,0.2,3,1539023315900,Sports,0.08000000000000002,0.505
pzcwbM97FyYq6EmjY,013449ab3536697417c88aab3ba1e374a698deaf6cd2a646a8fd7e3601e5cefc,6,0.1,3,1539023315900,Sports,0.020000000000000004,0.375
KXuqJpGWL7G94i7Pj,013449ab3536697417c88aab3ba1e374a698deaf6cd2a646a8fd7e3601e5cefc,7,0.6,3,1539023377187,Politics,0.72,0.665
WZ4zpfRpEJSBfLKib,013449ab3536697417c88aab3ba1e374a698deaf6cd2a646a8fd7e3601e5cefc,8,0.74,3,1539023377188,Politics,0.13520000000000001,0.68
NXJCJ6kGdpHCEeJjX,013449ab3536697417c88aab3ba1e374a698deaf6cd2a646a8fd7e3601e5cefc,9,0.1,3,1539023377188,Politics,0.020000000000000004,0.415
nTFqvFDPbs3BD5Qd5,013449ab3536697417c88aab3ba1e374a698deaf6cd2a646a8fd7e3601e5cefc,10,0,3,1539023377188,Politics,0,0.395
nfXCo6FXF99aW7hbM,013449ab3536697417c88aab3ba1e374a698deaf6cd2a646a8fd7e3601e5cefc,11,0,3,1539023377189,Politics,0,0.395
kHBMdK9EYePuLZxB9,013449ab3536697417c88aab3ba1e374a698deaf6cd2a646a8fd7e3601e5cefc,12,0,3,1539023377189,Politics,0,0.485
BtiSMKq2iFEyESHqq,013449ab3536697417c88aab3ba1e374a698deaf6cd2a646a8fd7e3601e5cefc,13,0.75,3,1539023433519,Entertainment,1.125,0.6
FH2pvyD4gCaXQtZBd,013449ab3536697417c88aab3ba1e374a698deaf6cd2a646a8fd7e3601e5cefc,14,0,3,1539023433520,Entertainment,2,0.29
gQDp5R9SDM3B3eDHA,013449ab3536697417c88aab3ba1e374a698deaf6cd2a646a8fd7e3601e5cefc,15,0.2,3,1539023433520,Entertainment,0.08000000000000002,0.47
TK9aJqwt57rEG3kGE,013449ab3536697417c88aab3ba1e374a698deaf6cd2a646a8fd7e3601e5cefc,16,0.74,3,1539023433520,Entertainment,0.13520000000000001,0.56
uTJeaisJbhsXeFnwR,013449ab3536697417c88aab3ba1e374a698deaf6cd2a646a8fd7e3601e5cefc,17,0.35,3,1539023433521,Entertainment,0.24499999999999997,0.625
FjmCam2cepe6zy5Pm,013449ab3536697417c88aab3ba1e374a698deaf6cd2a646a8fd7e3601e5cefc,18,1,3,1539023433521,Entertainment,2,0.55
EargDAwvboEgi8zRL,c88446f7c617802614c03de25f5b71e351330bfff7ae85d978b77975dc6faf8f,1,0.73,3,1539023451782,Sports,0.1458,0.53
wyf9LJGBxG8DtkTKk,c88446f7c617802614c03de25f5b71e351330bfff7ae85d978b77975dc6faf8f,2,0.15,3,1539023451790,Sports,0.045,0.35
62Pb2dnvyadt6LsFA,c88446f7c617802614c03de25f5b71e351330bfff7ae85d978b77975dc6faf8f,3,0.59,3,1539023451794,Sports,0.6961999999999999,0.57
Dg66N26gfLNX8Sdem,c88446f7c617802614c03de25f5b71e351330bfff7ae85d978b77975dc6faf8f,4,0.88,3,1539023451798,Sports,0.0288,0.645
CLmgHkRnsRAQzdYtj,c88446f7c617802614c03de25f5b71e351330bfff7ae85d978b77975dc6faf8f,5,0.59,3,1539023451800,Sports,0.6961999999999999,0.56
zWXhMRb9epMdmmmYW,c88446f7c617802614c03de25f5b71e351330bfff7ae85d978b77975dc6faf8f,6,0.24,3,1539023451804,Sports,0.1152,0.45
G82e2QHZfAcvoGJBE,c88446f7c617802614c03de25f5b71e351330bfff7ae85d978b77975dc6faf8f,7,0.1,3,1539023461648,Politics,0.020000000000000004,0.32
2nfQukjx9puyyXoWF,c88446f7c617802614c03de25f5b71e351330bfff7ae85d978b77975dc6faf8f,8,0.71,3,1539023461654,Politics,0.16820000000000004,0.62
PpBNFdEogBuj7oqeK,c88446f7c617802614c03de25f5b71e351330bfff7ae85d978b77975dc6faf8f,9,0.27,3,1539023461656,Politics,0.1458,0.435
HJh527LSdjD44yXCt,c88446f7c617802614c03de25f5b71e351330bfff7ae85d978b77975dc6faf8f,10,0.23,3,1539023461658,Politics,0.1058,0.435
42jD9ahEJrewwJ7uX,c88446f7c617802614c03de25f5b71e351330bfff7ae85d978b77975dc6faf8f,11,0.09,3,1539023461662,Politics,0.0162,0.425
6iMQbr5CrwYsjeB2n,c88446f7c617802614c03de25f5b71e351330bfff7ae85d978b77975dc6faf8f,12,0.12,3,1539023461668,Politics,0.0288,0.44
6anPFEXHhZRbbvuiN,c88446f7c617802614c03de25f5b71e351330bfff7ae85d978b77975dc6faf8f,13,0.71,3,1539023473384,Entertainment,1.0082,0.55
gJ6FGXhAqZqedqjXd,c88446f7c617802614c03de25f5b71e351330bfff7ae85d978b77975dc6faf8f,14,0.23,3,1539023473388,Entertainment,1.1858,0.435
ZHtaqdo6KWSin558H,c88446f7c617802614c03de25f5b71e351330bfff7ae85d978b77975dc6faf8f,15,0.61,3,1539023473390,Entertainment,0.7442,0.565
bheBgdex75PJH2XSZ,c88446f7c617802614c03de25f5b71e351330bfff7ae85d978b77975dc6faf8f,16,0.32,3,1539023473390,Entertainment,0.9247999999999998,0.675
PX6mbbZ6GRfoJoygv,c88446f7c617802614c03de25f5b71e351330bfff7ae85d978b77975dc6faf8f,17,0.57,3,1539023473392,Entertainment,0.6497999999999999,0.535
RmLg6qJ7noRST7FHp,c88446f7c617802614c03de25f5b71e351330bfff7ae85d978b77975dc6faf8f,18,0.67,3,1539023473394,Entertainment,0.8978000000000002,0.51
hcJQeGciZpe8pXCFc,cc801e27898d2c22e8c618e50f15354fc07b21ab3352ef2fdcc43dd0e7187a4e,1,0.26,3,1539023902465,Sports,1.0952,0.41
yyhqmxjqMXoJQ6Ne4,cc801e27898d2c22e8c618e50f15354fc07b21ab3352ef2fdcc43dd0e7187a4e,2,0.72,3,1539023902466,Sports,1.0368,0.605
NuMu4grfPjxnhaAPr,cc801e27898d2c22e8c618e50f15354fc07b21ab3352ef2fdcc43dd0e7187a4e,3,0.79,3,1539023902467,Sports,1.2482000000000002,0.49
MP8F29LBD4BZbXBGf,cc801e27898d2c22e8c618e50f15354fc07b21ab3352ef2fdcc43dd0e7187a4e,4,0.77,3,1539023902467,Sports,0.10579999999999998,0.625
GmSBbvpLg25XL5HbC,cc801e27898d2c22e8c618e50f15354fc07b21ab3352ef2fdcc43dd0e7187a4e,5,0.34,3,1539023902469,Sports,0.23120000000000004,0.64
XdgrGHcJGdPyLFr3k,cc801e27898d2c22e8c618e50f15354fc07b21ab3352ef2fdcc43dd0e7187a4e,6,0.33,3,1539023902470,Sports,0.21780000000000002,0.64
6zfDXmrS27ZSSqCwQ,cc801e27898d2c22e8c618e50f15354fc07b21ab3352ef2fdcc43dd0e7187a4e,7,0.91,3,1539023971442,Politics,1.6562000000000001,0.605
4LSdYcwYiwGeyMbgF,cc801e27898d2c22e8c618e50f15354fc07b21ab3352ef2fdcc43dd0e7187a4e,8,0.34,3,1539023971443,Politics,0.8711999999999998,0.665
g4QdnjdAtBnLTHKHP,cc801e27898d2c22e8c618e50f15354fc07b21ab3352ef2fdcc43dd0e7187a4e,9,0.22,3,1539023971444,Politics,0.0968,0.44
aZBMt5CAt9XYiN9PJ,cc801e27898d2c22e8c618e50f15354fc07b21ab3352ef2fdcc43dd0e7187a4e,10,0.22,3,1539023971446,Politics,0.0968,0.4
Du38gXjT6z7ZBsJTB,cc801e27898d2c22e8c618e50f15354fc07b21ab3352ef2fdcc43dd0e7187a4e,11,0.22,3,1539023971446,Politics,0.0968,0.465
RvRYLwQuMtxJiYv82,cc801e27898d2c22e8c618e50f15354fc07b21ab3352ef2fdcc43dd0e7187a4e,12,0.17,3,1539023971448,Politics,0.05780000000000001,0.51
SNHHCwKnHzKQ4sDTj,cc801e27898d2c22e8c618e50f15354fc07b21ab3352ef2fdcc43dd0e7187a4e,13,1,3,1539024096688,Entertainment,2,0.55
GLv6qFo9iqWYBAy8X,cc801e27898d2c22e8c618e50f15354fc07b21ab3352ef2fdcc43dd0e7187a4e,14,0.56,3,1539024096690,Entertainment,0.38719999999999993,0.59
SmpKZkw7CbcntzaiE,cc801e27898d2c22e8c618e50f15354fc07b21ab3352ef2fdcc43dd0e7187a4e,15,0.9,3,1539024096691,Entertainment,1.62,0.54
2j6TC2xXNmBRBmmzs,cc801e27898d2c22e8c618e50f15354fc07b21ab3352ef2fdcc43dd0e7187a4e,16,0.07,3,1539024096691,Entertainment,1.7297999999999998,0.275
weo9my9CtaMgnssys,cc801e27898d2c22e8c618e50f15354fc07b21ab3352ef2fdcc43dd0e7187a4e,17,0.34,3,1539024096692,Entertainment,0.23120000000000004,0.675
Nj4B2asJZpTdqKbi4,cc801e27898d2c22e8c618e50f15354fc07b21ab3352ef2fdcc43dd0e7187a4e,18,0.22,3,1539024096693,Entertainment,0.0968,0.465
xGNo6PsuhTpioSzMQ,d790bc97d54ea5695f655466e7aeb7ee67b9f10020deea271515562f466a18b5,1,0.63,3,1539024169241,Sports,0.2738,0.545
kcQTvWKTAD55v8Awb,d790bc97d54ea5695f655466e7aeb7ee67b9f10020deea271515562f466a18b5,2,0.38,3,1539024169241,Sports,0.2888,0.595
rEHdpvxY2yDsE6Hdw,d790bc97d54ea5695f655466e7aeb7ee67b9f10020deea271515562f466a18b5,3,0.75,3,1539024169241,Sports,1.125,0.43
z6rkr4MtcaKQMWAZ8,d790bc97d54ea5695f655466e7aeb7ee67b9f10020deea271515562f466a18b5,4,0.41,3,1539024169242,Sports,0.6962000000000002,0.64
JS2PF6ToG5akkCZxa,d790bc97d54ea5695f655466e7aeb7ee67b9f10020deea271515562f466a18b5,5,0.69,3,1539024169243,Sports,0.9521999999999998,0.46
Tw3k892vGjgzDdG9v,d790bc97d54ea5695f655466e7aeb7ee67b9f10020deea271515562f466a18b5,6,0.31,3,1539024169243,Sports,0.1922,0.68
a8wc5ftrTcDN6wh6P,d790bc97d54ea5695f655466e7aeb7ee67b9f10020deea271515562f466a18b5,7,0.69,3,1539024175813,Politics,0.9521999999999998,0.605
Wrfj8GAheCQ5tNGfk,d790bc97d54ea5695f655466e7aeb7ee67b9f10020deea271515562f466a18b5,8,0.67,3,1539024175813,Politics,0.21779999999999994,0.555
s8jRqCvFhfTaZvSrY,d790bc97d54ea5695f655466e7aeb7ee67b9f10020deea271515562f466a18b5,9,0.28,3,1539024175814,Politics,0.15680000000000002,0.43
7NLye6Ty7tAt3tkc4,d790bc97d54ea5695f655466e7aeb7ee67b9f10020deea271515562f466a18b5,10,0.22,3,1539024175815,Politics,0.0968,0.39
g58DdY52FkqFcY2Hy,d790bc97d54ea5695f655466e7aeb7ee67b9f10020deea271515562f466a18b5,11,0.59,3,1539024175816,Politics,0.6961999999999999,0.455
HuLDKJQnDcCzxQkTX,d790bc97d54ea5695f655466e7aeb7ee67b9f10020deea271515562f466a18b5,12,0.25,3,1539024175816,Politics,0.125,0.305
NWynzeiku4tKowEmQ,d790bc97d54ea5695f655466e7aeb7ee67b9f10020deea271515562f466a18b5,13,0.27,3,1539024199277,Entertainment,0.1458,0.34
TTCDgCZZ7nWeRR8yi,d790bc97d54ea5695f655466e7aeb7ee67b9f10020deea271515562f466a18b5,14,0.36,3,1539024199277,Entertainment,0.8192,0.635
YKLhKkHffHN96mShC,d790bc97d54ea5695f655466e7aeb7ee67b9f10020deea271515562f466a18b5,15,0.43,3,1539024199278,Entertainment,0.36979999999999996,0.585
57TemnxskzDqRpjhs,d790bc97d54ea5695f655466e7aeb7ee67b9f10020deea271515562f466a18b5,16,0.61,3,1539024199279,Entertainment,0.3042,0.455
anz7BD7Q5bzPT4RTR,d790bc97d54ea5695f655466e7aeb7ee67b9f10020deea271515562f466a18b5,17,0.31,3,1539024199279,Entertainment,0.1922,0.55
FRxRSWEvZ4RdDL5vH,d790bc97d54ea5695f655466e7aeb7ee67b9f10020deea271515562f466a18b5,18,0.68,3,1539024199279,Entertainment,0.9248000000000002,0.485
Wx65ekJ48y2E29f5j,7c053dd8d380f74a0381b5fb1bc19c6ac9a9923b9a74b8ec3106a07a9e85fdcf,1,0.7,3,1539026229169,Sports,0.18000000000000005,0.67
z5kFHhsKYGsvvqhCF,7c053dd8d380f74a0381b5fb1bc19c6ac9a9923b9a74b8ec3106a07a9e85fdcf,2,0.3,3,1539026229170,Sports,0.18,0.645
38JAB4ezGCnQsnyrQ,7c053dd8d380f74a0381b5fb1bc19c6ac9a9923b9a74b8ec3106a07a9e85fdcf,3,0.1,3,1539026229170,Sports,0.020000000000000004,0.44
c45xA788KjMpNtzvu,7c053dd8d380f74a0381b5fb1bc19c6ac9a9923b9a74b8ec3106a07a9e85fdcf,4,0.8,3,1539026229170,Sports,0.07999999999999996,0.595
cdFx7odLTEgEkpMB6,7c053dd8d380f74a0381b5fb1bc19c6ac9a9923b9a74b8ec3106a07a9e85fdcf,5,0.17,3,1539026229170,Sports,0.05780000000000001,0.425
gtfgS9iaL2StyN6Rx,7c053dd8d380f74a0381b5fb1bc19c6ac9a9923b9a74b8ec3106a07a9e85fdcf,6,0.51,3,1539026229170,Sports,0.5202,0.66
hCdRFYZwLNPZkjCj3,7c053dd8d380f74a0381b5fb1bc19c6ac9a9923b9a74b8ec3106a07a9e85fdcf,7,1,3,1539026231718,Politics,2,0.585
nGgzhCWWv57MWA5hi,7c053dd8d380f74a0381b5fb1bc19c6ac9a9923b9a74b8ec3106a07a9e85fdcf,8,0.6,3,1539026231719,Politics,0.32000000000000006,0.615
z7sNLjb2tiD3mdYd4,7c053dd8d380f74a0381b5fb1bc19c6ac9a9923b9a74b8ec3106a07a9e85fdcf,9,0.3,3,1539026231719,Politics,0.18,0.595
ymAQ2Q3Cby6TMNesp,7c053dd8d380f74a0381b5fb1bc19c6ac9a9923b9a74b8ec3106a07a9e85fdcf,10,0,3,1539026231719,Politics,0,0.385
L99aR4A25j5MbRNif,7c053dd8d380f74a0381b5fb1bc19c6ac9a9923b9a74b8ec3106a07a9e85fdcf,11,0.1,3,1539026231719,Politics,0.020000000000000004,0.51
crD8vhZh7dpyDFEhS,7c053dd8d380f74a0381b5fb1bc19c6ac9a9923b9a74b8ec3106a07a9e85fdcf,12,0,3,1539026231719,Politics,0,0.39
NTdyvoaayagRCCmRP,7c053dd8d380f74a0381b5fb1bc19c6ac9a9923b9a74b8ec3106a07a9e85fdcf,13,0.15,3,1539026239507,Entertainment,0.045,0.41
uYAfxG4xkpAZYsQkv,7c053dd8d380f74a0381b5fb1bc19c6ac9a9923b9a74b8ec3106a07a9e85fdcf,14,0.8,3,1539026239507,Entertainment,0.07999999999999996,0.635
xb9X2kiAK6amTxvWB,7c053dd8d380f74a0381b5fb1bc19c6ac9a9923b9a74b8ec3106a07a9e85fdcf,15,0.49,3,1539026239507,Entertainment,0.48019999999999996,0.59
z8yYuYFG3Mb6RniG2,7c053dd8d380f74a0381b5fb1bc19c6ac9a9923b9a74b8ec3106a07a9e85fdcf,16,0.23,3,1539026239507,Entertainment,1.1858,0.435
AoZz4p3LAG6k7Az9j,7c053dd8d380f74a0381b5fb1bc19c6ac9a9923b9a74b8ec3106a07a9e85fdcf,17,0.44,3,1539026239507,Entertainment,0.3872,0.605
Zv57dF52bQJ5iN2Bf,7c053dd8d380f74a0381b5fb1bc19c6ac9a9923b9a74b8ec3106a07a9e85fdcf,18,0.21,3,1539026239508,Entertainment,0.08819999999999999,0.48
hdr7nAehK2GNQ8PGM,4418ece23d93877054e9914a7a2b1d0c232ebcd3ae88d24ac13e82641f845b43,1,0.73,3,1539026708874,Sports,0.1458,0.59
GQ22gwmd2TpcAFWGB,4418ece23d93877054e9914a7a2b1d0c232ebcd3ae88d24ac13e82641f845b43,2,0.8,3,1539026708874,Sports,1.2800000000000002,0.56
TvyRHFJfKXNh73NAz,4418ece23d93877054e9914a7a2b1d0c232ebcd3ae88d24ac13e82641f845b43,3,0,3,1539026708875,Sports,0,0.36
iycYwHJZ4JBb8xenr,4418ece23d93877054e9914a7a2b1d0c232ebcd3ae88d24ac13e82641f845b43,4,0.8,3,1539026708875,Sports,0.07999999999999996,0.63
eBk59EiqEnNMgq9XD,4418ece23d93877054e9914a7a2b1d0c232ebcd3ae88d24ac13e82641f845b43,5,0.5,3,1539026708875,Sports,0.5,0.61
NyG2jab2thfNrEEWr,4418ece23d93877054e9914a7a2b1d0c232ebcd3ae88d24ac13e82641f845b43,6,0,3,1539026708875,Sports,0,0.22
ehRsJtNJSemWMPLCG,4418ece23d93877054e9914a7a2b1d0c232ebcd3ae88d24ac13e82641f845b43,7,0.87,3,1539026739830,Politics,1.5138,0.58
Aw5RSSyfFmxeiGqTk,4418ece23d93877054e9914a7a2b1d0c232ebcd3ae88d24ac13e82641f845b43,8,1,3,1539026739830,Politics,0,0.62
DhrceCwfmR29DfYam,4418ece23d93877054e9914a7a2b1d0c232ebcd3ae88d24ac13e82641f845b43,9,0.71,3,1539026739830,Politics,1.0082,0.535
mi6eH5k6Yb3tpoLwC,4418ece23d93877054e9914a7a2b1d0c232ebcd3ae88d24ac13e82641f845b43,10,0.84,3,1539026739831,Politics,1.4111999999999998,0.495
7SAyNa5NiWaFDAv89,4418ece23d93877054e9914a7a2b1d0c232ebcd3ae88d24ac13e82641f845b43,11,0.72,3,1539026739831,Politics,1.0368,0.405
Qq6eJfknHixGtCdJa,4418ece23d93877054e9914a7a2b1d0c232ebcd3ae88d24ac13e82641f845b43,12,0.15,3,1539026739831,Politics,0.045,0.59
TSaFZQaDNdvajTP7y,4418ece23d93877054e9914a7a2b1d0c232ebcd3ae88d24ac13e82641f845b43,13,1,3,1539026820642,Entertainment,2,0.6
4WrHBvMqiudp5D47A,4418ece23d93877054e9914a7a2b1d0c232ebcd3ae88d24ac13e82641f845b43,14,1,3,1539026820642,Entertainment,0,0.69
EweZAiQejwpSmG2EA,4418ece23d93877054e9914a7a2b1d0c232ebcd3ae88d24ac13e82641f845b43,15,1,3,1539026820642,Entertainment,2,0.64
C8qfzWZrs45XN8zvd,4418ece23d93877054e9914a7a2b1d0c232ebcd3ae88d24ac13e82641f845b43,16,0.2,3,1539026820642,Entertainment,1.2800000000000002,0.5
5yxCfYrDP97XQtAZF,4418ece23d93877054e9914a7a2b1d0c232ebcd3ae88d24ac13e82641f845b43,17,0,3,1539026820642,Entertainment,0,0.255
35MuHtfwtqYiBDQoT,4418ece23d93877054e9914a7a2b1d0c232ebcd3ae88d24ac13e82641f845b43,18,0.2,3,1539026820642,Entertainment,0.08000000000000002,0.535
dqoCw8XyqnaXmiCfr,72f9bb58af40a13f6587ec84bcf6f303ab8eb85dabcdd8a7ea64fcb2861b2ff5,1,0.69,3,1539030432070,Sports,0.19220000000000007,0.605
xofcfy2jP6SKftdDr,72f9bb58af40a13f6587ec84bcf6f303ab8eb85dabcdd8a7ea64fcb2861b2ff5,2,0.26,3,1539030432074,Sports,0.13520000000000001,0.39
xAK27Jrt443R7myPc,72f9bb58af40a13f6587ec84bcf6f303ab8eb85dabcdd8a7ea64fcb2861b2ff5,3,0.77,3,1539030432076,Sports,1.1858,0.46
4LbMX4HCYDjJZMfT5,72f9bb58af40a13f6587ec84bcf6f303ab8eb85dabcdd8a7ea64fcb2861b2ff5,4,0.77,3,1539030432078,Sports,0.10579999999999998,0.595
aArebrmCrdfifH9v6,72f9bb58af40a13f6587ec84bcf6f303ab8eb85dabcdd8a7ea64fcb2861b2ff5,5,0.62,3,1539030432079,Sports,0.7688,0.48
kNwripmaLXyvZWmws,72f9bb58af40a13f6587ec84bcf6f303ab8eb85dabcdd8a7ea64fcb2861b2ff5,6,0.34,3,1539030432080,Sports,0.23120000000000004,0.59
Qs3THqG3Ae9JMmguK,7853186c0eda73492b055e81ef721387ab1158330b612d0cd702de27de7e7091,1,0.86,3,1539030499909,Sports,0.039200000000000006,0.67
CWZNjdcXNgQjj9q4i,7853186c0eda73492b055e81ef721387ab1158330b612d0cd702de27de7e7091,2,0.08,3,1539030499914,Sports,0.0128,0.325
Z7DNnFqjmuuax9YHm,7853186c0eda73492b055e81ef721387ab1158330b612d0cd702de27de7e7091,3,0,3,1539030499916,Sports,0,0.47
pkRoTowm6ks8Y9B8w,7853186c0eda73492b055e81ef721387ab1158330b612d0cd702de27de7e7091,4,0.08,3,1539030499919,Sports,1.6928,0.345
vtpQ5FjLw8RHAduNo,7853186c0eda73492b055e81ef721387ab1158330b612d0cd702de27de7e7091,5,0.09,3,1539030499921,Sports,0.0162,0.4
bS7sZuFc7Qh8c3BBQ,7853186c0eda73492b055e81ef721387ab1158330b612d0cd702de27de7e7091,6,0.85,3,1539030499922,Sports,1.4449999999999998,0.745
XKrQsWZTHxZzeCd9u,7853186c0eda73492b055e81ef721387ab1158330b612d0cd702de27de7e7091,7,0.82,3,1539030547299,Politics,1.3447999999999998,0.735
oSCqFEj3nKLzpDP8q,7853186c0eda73492b055e81ef721387ab1158330b612d0cd702de27de7e7091,8,0.23,3,1539030547304,Politics,1.1858,0.575
ZTs96rpozCvLfXQKh,7853186c0eda73492b055e81ef721387ab1158330b612d0cd702de27de7e7091,9,0,3,1539030547305,Politics,0,0.38
hfK7QJFjmtjSauqKn,7853186c0eda73492b055e81ef721387ab1158330b612d0cd702de27de7e7091,10,0.92,3,1539030547307,Politics,1.6928,0.55
du5Qgb5vQejd7r6xM,7853186c0eda73492b055e81ef721387ab1158330b612d0cd702de27de7e7091,11,0.11,3,1539030547307,Politics,0.0242,0.545
2SNbEfKujcPwhsNwd,7853186c0eda73492b055e81ef721387ab1158330b612d0cd702de27de7e7091,12,0.02,3,1539030547308,Politics,8e-4,0.495
XfjBN73QTnYdErg2R,7853186c0eda73492b055e81ef721387ab1158330b612d0cd702de27de7e7091,13,0.04,3,1539030653947,Entertainment,0.0032,0.405
xCqvCpLZjwhAz7MjN,7853186c0eda73492b055e81ef721387ab1158330b612d0cd702de27de7e7091,14,0.13,3,1539030653953,Entertainment,1.5138,0.38
DQK8gR7ap4vzRtbD2,7853186c0eda73492b055e81ef721387ab1158330b612d0cd702de27de7e7091,15,0.12,3,1539030653954,Entertainment,0.0288,0.535
Shkj6wuisYWh5XW2m,7853186c0eda73492b055e81ef721387ab1158330b612d0cd702de27de7e7091,16,0.15,3,1539030653956,Entertainment,1.4449999999999998,0.515
zHuusaurjvGrLa3F6,7853186c0eda73492b055e81ef721387ab1158330b612d0cd702de27de7e7091,17,0.23,3,1539030653957,Entertainment,0.1058,0.59
q4D3SDi9MceCjSEjz,7853186c0eda73492b055e81ef721387ab1158330b612d0cd702de27de7e7091,18,0,3,1539030653962,Entertainment,0,0.41
3uCH97goxAvawsW7X,5c5067bf5c0816d22a7de9ea684724c44f7b11fbc7910fe5afb00c031125a15a,1,0.76,3,1539033993452,Sports,0.1152,0.59
iyc7ZNRZFpTb59N43,5c5067bf5c0816d22a7de9ea684724c44f7b11fbc7910fe5afb00c031125a15a,2,0.24,3,1539033993455,Sports,0.1152,0.38
inSEyriigDfDzM7CK,5c5067bf5c0816d22a7de9ea684724c44f7b11fbc7910fe5afb00c031125a15a,3,0.6,3,1539033993458,Sports,0.72,0.505
HcXzvgq9GMZkGbY99,5c5067bf5c0816d22a7de9ea684724c44f7b11fbc7910fe5afb00c031125a15a,4,0.18,3,1539033993460,Sports,1.3448000000000002,0.26
HssCH9LpeuqEz4r7L,5c5067bf5c0816d22a7de9ea684724c44f7b11fbc7910fe5afb00c031125a15a,5,0.07,3,1539033993462,Sports,0.009800000000000001,0.32
hr2j85kiWFMKHNXeC,5c5067bf5c0816d22a7de9ea684724c44f7b11fbc7910fe5afb00c031125a15a,6,0.42,3,1539033993464,Sports,0.35279999999999995,0.625
tBmLWXj6gxH6mHQ89,5c5067bf5c0816d22a7de9ea684724c44f7b11fbc7910fe5afb00c031125a15a,7,0.66,3,1539034030026,Politics,0.8712000000000001,0.635
oAAGEZJ76o5Tvf9WW,5c5067bf5c0816d22a7de9ea684724c44f7b11fbc7910fe5afb00c031125a15a,8,0.7,3,1539034030032,Politics,0.18000000000000005,0.635
FjpeSWGuWZD4ZfrxK,5c5067bf5c0816d22a7de9ea684724c44f7b11fbc7910fe5afb00c031125a15a,9,0.41,3,1539034030035,Politics,0.33619999999999994,0.575
Jz4azt7BiNaDHXck9,5c5067bf5c0816d22a7de9ea684724c44f7b11fbc7910fe5afb00c031125a15a,10,0.16,3,1539034030041,Politics,0.0512,0.435
GmwLoTjFmuzdPwzXS,5c5067bf5c0816d22a7de9ea684724c44f7b11fbc7910fe5afb00c031125a15a,11,0.25,3,1539034030043,Politics,0.125,0.41
hvFyMgzcDzcS9oaNr,5c5067bf5c0816d22a7de9ea684724c44f7b11fbc7910fe5afb00c031125a15a,12,0.17,3,1539034030046,Politics,0.05780000000000001,0.515
7BBHiAkbTgdWxxGbd,5c5067bf5c0816d22a7de9ea684724c44f7b11fbc7910fe5afb00c031125a15a,13,0.61,3,1539034079683,Entertainment,0.7442,0.58
AzRFKoDcWDbYqtXTS,5c5067bf5c0816d22a7de9ea684724c44f7b11fbc7910fe5afb00c031125a15a,14,0.78,3,1539034079686,Entertainment,0.09679999999999998,0.645
NnTy8b5G7LxdY9QLD,5c5067bf5c0816d22a7de9ea684724c44f7b11fbc7910fe5afb00c031125a15a,15,0.31,3,1539034079688,Entertainment,0.1922,0.65
brjYCqMKMkQ4u4uYq,5c5067bf5c0816d22a7de9ea684724c44f7b11fbc7910fe5afb00c031125a15a,16,0.37,3,1539034079694,Entertainment,0.7938000000000001,0.64
FAamPhL9LK25fj8Gw,5c5067bf5c0816d22a7de9ea684724c44f7b11fbc7910fe5afb00c031125a15a,17,0.77,3,1539034079696,Entertainment,1.1858,0.485
NSwyJkZA6NsY7sK3e,5c5067bf5c0816d22a7de9ea684724c44f7b11fbc7910fe5afb00c031125a15a,18,0.29,3,1539034079701,Entertainment,0.1682,0.425
uxzvF3msWWhGyM4KT,e78142ee2aad569f3b91f20a976c1a1804b31065f50ade3a396c3e8b3905e8a6,1,0.57,3,1539035269204,Sports,0.3698000000000001,0.6
H9QQ5eXMnfEDwriPG,e78142ee2aad569f3b91f20a976c1a1804b31065f50ade3a396c3e8b3905e8a6,2,0.5,3,1539035269207,Sports,0.5,0.575
bkRe4MKQZRHmdo8Y7,e78142ee2aad569f3b91f20a976c1a1804b31065f50ade3a396c3e8b3905e8a6,3,0.32,3,1539035269208,Sports,0.2048,0.52
L8mb5rgQjdJZx7PnB,e78142ee2aad569f3b91f20a976c1a1804b31065f50ade3a396c3e8b3905e8a6,4,0.64,3,1539035269208,Sports,0.2592,0.575
CnxY2QD7uognZTbzH,e78142ee2aad569f3b91f20a976c1a1804b31065f50ade3a396c3e8b3905e8a6,5,0.59,3,1539035269209,Sports,0.6961999999999999,0.52
iXhJSp4PiTA7M4bwR,e78142ee2aad569f3b91f20a976c1a1804b31065f50ade3a396c3e8b3905e8a6,6,0.65,3,1539035269210,Sports,0.8450000000000001,0.48
p9ZLbELx7A5igi5yd,e78142ee2aad569f3b91f20a976c1a1804b31065f50ade3a396c3e8b3905e8a6,7,0.68,3,1539035399963,Politics,0.9248000000000002,0.515
vNa8pzxrafsnvsapX,e78142ee2aad569f3b91f20a976c1a1804b31065f50ade3a396c3e8b3905e8a6,8,0.56,3,1539035399964,Politics,0.38719999999999993,0.59
HwpZ7BTJto6dBP8Jf,e78142ee2aad569f3b91f20a976c1a1804b31065f50ade3a396c3e8b3905e8a6,9,0.38,3,1539035399965,Politics,0.2888,0.55
MrniwKPhRr8nobuWX,e78142ee2aad569f3b91f20a976c1a1804b31065f50ade3a396c3e8b3905e8a6,10,0.63,3,1539035399967,Politics,0.7938000000000001,0.355
5RjLM2ck83sLKvcFA,e78142ee2aad569f3b91f20a976c1a1804b31065f50ade3a396c3e8b3905e8a6,11,0.51,3,1539035399969,Politics,0.5202,0.45
3zSppoR5bN9sFsmZn,e78142ee2aad569f3b91f20a976c1a1804b31065f50ade3a396c3e8b3905e8a6,12,1,3,1539035399970,Politics,2,0.3
GSzdrcYzknCxnKc8Z,e78142ee2aad569f3b91f20a976c1a1804b31065f50ade3a396c3e8b3905e8a6,13,0.41,3,1539035435278,Entertainment,0.33619999999999994,0.54
jLfLGcthjavaBLZoC,e78142ee2aad569f3b91f20a976c1a1804b31065f50ade3a396c3e8b3905e8a6,14,0.97,3,1539035435279,Entertainment,0.0018000000000000032,0.56
H4wKjGw93qp2SnmRA,e78142ee2aad569f3b91f20a976c1a1804b31065f50ade3a396c3e8b3905e8a6,15,0.77,3,1539035435279,Entertainment,1.1858,0.53
YCGGugtHZbbTp6eL8,e78142ee2aad569f3b91f20a976c1a1804b31065f50ade3a396c3e8b3905e8a6,16,0.32,3,1539035435280,Entertainment,0.9247999999999998,0.6
2FZX96FgXmKuARfXt,e78142ee2aad569f3b91f20a976c1a1804b31065f50ade3a396c3e8b3905e8a6,17,0.65,3,1539035435281,Entertainment,0.8450000000000001,0.44
QkciidgKFjafbe5Jr,e78142ee2aad569f3b91f20a976c1a1804b31065f50ade3a396c3e8b3905e8a6,18,0.3,3,1539035435282,Entertainment,0.18,0.58
ZsRyPwgyjPgaw4sjr,73306a50b88365c49027dd0eb8170906f8bcdf913c20f14b1d5fd807f9253b02,1,0.62,3,1539047220748,Sports,0.2888,0.56
KFMkuuCYobqDNnJGt,73306a50b88365c49027dd0eb8170906f8bcdf913c20f14b1d5fd807f9253b02,2,0.42,3,1539047220750,Sports,0.35279999999999995,0.575
sBG7TTYK3Ej9H87hp,73306a50b88365c49027dd0eb8170906f8bcdf913c20f14b1d5fd807f9253b02,3,0.17,3,1539047220752,Sports,0.05780000000000001,0.405
4GhNaaCXxLnp7nnm8,73306a50b88365c49027dd0eb8170906f8bcdf913c20f14b1d5fd807f9253b02,4,0.51,3,1539047220753,Sports,0.48019999999999996,0.57
Ey5iNFp2EJWAYcMd3,73306a50b88365c49027dd0eb8170906f8bcdf913c20f14b1d5fd807f9253b02,5,0.42,3,1539047220754,Sports,0.35279999999999995,0.55
WXSNFFjDJgP7g7FxP,73306a50b88365c49027dd0eb8170906f8bcdf913c20f14b1d5fd807f9253b02,6,0.57,3,1539047220756,Sports,0.6497999999999999,0.53
o72BsKjHH2GpHr3te,1c3dc73520ad67a63bfb71a873e9845677d7f8f75b2d312223d4dde289713a64,1,0.71,3,1539048968356,Sports,0.16820000000000004,0.575
6nHvhHk6kRcFEWPXG,1c3dc73520ad67a63bfb71a873e9845677d7f8f75b2d312223d4dde289713a64,2,0.8,3,1539048968356,Sports,1.2800000000000002,0.605
iygcNCHBQnMnSjhfR,1c3dc73520ad67a63bfb71a873e9845677d7f8f75b2d312223d4dde289713a64,3,0.41,3,1539048968357,Sports,0.33619999999999994,0.54
AoZgQCyNQ4X5M3TTs,1c3dc73520ad67a63bfb71a873e9845677d7f8f75b2d312223d4dde289713a64,4,0.75,3,1539048968357,Sports,0.125,0.63
W3ZD7jfxfZGKGn3pp,1c3dc73520ad67a63bfb71a873e9845677d7f8f75b2d312223d4dde289713a64,5,0.71,3,1539048968358,Sports,1.0082,0.48
ngS5BWGTRvWyxxLXt,1c3dc73520ad67a63bfb71a873e9845677d7f8f75b2d312223d4dde289713a64,6,0.9,3,1539048968358,Sports,1.62,0.55
M6nbKPKDM4QREiNwz,1c3dc73520ad67a63bfb71a873e9845677d7f8f75b2d312223d4dde289713a64,7,0.81,3,1539049146919,Politics,1.3122000000000003,0.63
pG42DGxRY73umYD8n,1c3dc73520ad67a63bfb71a873e9845677d7f8f75b2d312223d4dde289713a64,8,0.39,3,1539049146919,Politics,0.7442,0.665
TJhLrNSjRyx2CRchn,1c3dc73520ad67a63bfb71a873e9845677d7f8f75b2d312223d4dde289713a64,9,0.43,3,1539049146920,Politics,0.36979999999999996,0.55
qsBgD2EeuWHDSiXPf,1c3dc73520ad67a63bfb71a873e9845677d7f8f75b2d312223d4dde289713a64,10,0.14,3,1539049146920,Politics,0.039200000000000006,0.48
Ykh4Zmfvuwo55wkfn,1c3dc73520ad67a63bfb71a873e9845677d7f8f75b2d312223d4dde289713a64,11,0.25,3,1539049146920,Politics,0.125,0.455
yf2cdNb3eqquMpp7B,1c3dc73520ad67a63bfb71a873e9845677d7f8f75b2d312223d4dde289713a64,12,0.25,3,1539049146920,Politics,0.125,0.45
zsmCg8LMqSuAtJQSX,1c3dc73520ad67a63bfb71a873e9845677d7f8f75b2d312223d4dde289713a64,13,0.45,3,1539049231779,Entertainment,0.405,0.56
3e5dm2DdLWpDFZTFx,1c3dc73520ad67a63bfb71a873e9845677d7f8f75b2d312223d4dde289713a64,14,0.14,3,1539049231780,Entertainment,1.4791999999999998,0.26
mhT7fLr6d9Dyoymjd,1c3dc73520ad67a63bfb71a873e9845677d7f8f75b2d312223d4dde289713a64,15,0.47,3,1539049231781,Entertainment,0.44179999999999997,0.64
Q6iSrS6mNxxiwpkvp,1c3dc73520ad67a63bfb71a873e9845677d7f8f75b2d312223d4dde289713a64,16,0.54,3,1539049231781,Entertainment,0.4231999999999999,0.56
ANcaw4PLXXDKB7Ppp,1c3dc73520ad67a63bfb71a873e9845677d7f8f75b2d312223d4dde289713a64,17,0.14,3,1539049231781,Entertainment,0.039200000000000006,0.375
Zv6YmiE7tDQwHSopG,1c3dc73520ad67a63bfb71a873e9845677d7f8f75b2d312223d4dde289713a64,18,0.53,3,1539049231782,Entertainment,0.5618000000000001,0.545
222DaQTEzeRNWApgm,6552ccc26044c8dabc8072052ea16246a39fbfba998e5d747b8d3056fb3998b7,1,0.77,3,1539052052882,Sports,0.10579999999999998,0.51
p68YJg4Ti4NrE7vXG,6552ccc26044c8dabc8072052ea16246a39fbfba998e5d747b8d3056fb3998b7,2,0.84,3,1539052052883,Sports,1.4111999999999998,0.605
guahLME6H7rJZwqcS,6552ccc26044c8dabc8072052ea16246a39fbfba998e5d747b8d3056fb3998b7,3,0.3,3,1539052052885,Sports,0.18,0.555
3E3nKc3YWQpW6QQhM,6552ccc26044c8dabc8072052ea16246a39fbfba998e5d747b8d3056fb3998b7,4,0.87,3,1539052052886,Sports,0.033800000000000004,0.585
qcFJkyD4f29iHS9Sk,6552ccc26044c8dabc8072052ea16246a39fbfba998e5d747b8d3056fb3998b7,5,0.75,3,1539052052886,Sports,1.125,0.45
EksLDY3DzZeiogWnE,6552ccc26044c8dabc8072052ea16246a39fbfba998e5d747b8d3056fb3998b7,6,0.81,3,1539052052888,Sports,1.3122000000000003,0.565
YBBcNnkTkKkZrcH74,6552ccc26044c8dabc8072052ea16246a39fbfba998e5d747b8d3056fb3998b7,7,0.71,3,1539052100185,Politics,1.0082,0.6
kFNz7ui6o9eci8hWz,6552ccc26044c8dabc8072052ea16246a39fbfba998e5d747b8d3056fb3998b7,8,0.71,3,1539052100188,Politics,0.16820000000000004,0.57
gpWhQpXkakuYKb5iZ,6552ccc26044c8dabc8072052ea16246a39fbfba998e5d747b8d3056fb3998b7,9,0.23,3,1539052100190,Politics,0.1058,0.465
9E7DnQoxau4qRB4Em,6552ccc26044c8dabc8072052ea16246a39fbfba998e5d747b8d3056fb3998b7,10,0.75,3,1539052100191,Politics,1.125,0.4
KkCHhuYemjDXy49dB,6552ccc26044c8dabc8072052ea16246a39fbfba998e5d747b8d3056fb3998b7,11,0.86,3,1539052100192,Politics,1.4791999999999998,0.415
5RuvTjtsStMxwcJnk,6552ccc26044c8dabc8072052ea16246a39fbfba998e5d747b8d3056fb3998b7,12,0.7,3,1539052100193,Politics,0.9799999999999999,0.31
CNw7sD69YaxQ7otpX,6552ccc26044c8dabc8072052ea16246a39fbfba998e5d747b8d3056fb3998b7,13,0.77,3,1539052136237,Entertainment,1.1858,0.495
EdpRSgWNFz8fETa7k,6552ccc26044c8dabc8072052ea16246a39fbfba998e5d747b8d3056fb3998b7,14,0.88,3,1539052136238,Entertainment,0.0288,0.575
pobrkntyHSZLg88Qg,6552ccc26044c8dabc8072052ea16246a39fbfba998e5d747b8d3056fb3998b7,15,1,3,1539052136239,Entertainment,2,0.515
mMJZcE3A65WFSos3T,6552ccc26044c8dabc8072052ea16246a39fbfba998e5d747b8d3056fb3998b7,16,0.86,3,1539052136240,Entertainment,0.039200000000000006,0.53
aLaQdHkauvmyEvTP5,6552ccc26044c8dabc8072052ea16246a39fbfba998e5d747b8d3056fb3998b7,17,0.96,3,1539052136242,Entertainment,1.8432,0.45
5ck2yk4Mq6qoveFt4,6552ccc26044c8dabc8072052ea16246a39fbfba998e5d747b8d3056fb3998b7,18,0.86,3,1539052136246,Entertainment,1.4791999999999998,0.465
XC6B7SMvqX8pG93q5,36fe4ff5430956beba3473f273bc132217b936a002efd26c57e58c148d06d932,1,0.3,3,1539052178529,Sports,0.9799999999999999,0.72
dqXWp6KdagHdfATvM,36fe4ff5430956beba3473f273bc132217b936a002efd26c57e58c148d06d932,2,0.4,3,1539052178530,Sports,0.32000000000000006,0.69
4tAmRN22rtZdoxmw4,36fe4ff5430956beba3473f273bc132217b936a002efd26c57e58c148d06d932,3,0.05,3,1539052178530,Sports,0.005000000000000001,0.415
pEFR3425XS8Lfc56q,36fe4ff5430956beba3473f273bc132217b936a002efd26c57e58c148d06d932,4,0.65,3,1539052178531,Sports,0.24499999999999997,0.65
w32Ku7LJuBRvyngeu,36fe4ff5430956beba3473f273bc132217b936a002efd26c57e58c148d06d932,5,0.15,3,1539052178531,Sports,0.045,0.46
autQh2dbGw5aiH52s,36fe4ff5430956beba3473f273bc132217b936a002efd26c57e58c148d06d932,6,0.5,3,1539052178531,Sports,0.5,0.66
5k48hYjqhFJ5GQLAc,36fe4ff5430956beba3473f273bc132217b936a002efd26c57e58c148d06d932,7,0.9,3,1539052180802,Politics,1.62,0.68
2vKf8NtvsuYpTace7,36fe4ff5430956beba3473f273bc132217b936a002efd26c57e58c148d06d932,8,0.6,3,1539052180802,Politics,0.32000000000000006,0.555
ya2oyeeSGQ5Cjx5Kn,36fe4ff5430956beba3473f273bc132217b936a002efd26c57e58c148d06d932,9,0.15,3,1539052180802,Politics,0.045,0.405
7Q3MriDfwovHjXKbj,36fe4ff5430956beba3473f273bc132217b936a002efd26c57e58c148d06d932,10,0.01,3,1539052180802,Politics,2e-4,0.35
wqRkn4WxMPwDqefjw,36fe4ff5430956beba3473f273bc132217b936a002efd26c57e58c148d06d932,11,0.05,3,1539052180803,Politics,0.005000000000000001,0.415
LbSvWku3WuEFf8gg7,36fe4ff5430956beba3473f273bc132217b936a002efd26c57e58c148d06d932,12,0.1,3,1539052180803,Politics,0.020000000000000004,0.52
iDTY97cgXhg4pXuQ5,36fe4ff5430956beba3473f273bc132217b936a002efd26c57e58c148d06d932,13,0.4,3,1539052223112,Entertainment,0.32000000000000006,0.665
ekrxzq6XhdjK2Ws3n,36fe4ff5430956beba3473f273bc132217b936a002efd26c57e58c148d06d932,14,0.9,3,1539052223113,Entertainment,0.01999999999999999,0.675
Mpv3QQyQuubPjTNAk,36fe4ff5430956beba3473f273bc132217b936a002efd26c57e58c148d06d932,15,0.65,3,1539052223113,Entertainment,0.8450000000000001,0.63
48CCxDLJGSgjdGSLJ,36fe4ff5430956beba3473f273bc132217b936a002efd26c57e58c148d06d932,16,0.15,3,1539052223113,Entertainment,1.4449999999999998,0.47
PNgeAK9SJ4G4F9JGy,36fe4ff5430956beba3473f273bc132217b936a002efd26c57e58c148d06d932,17,0.15,3,1539052223113,Entertainment,0.045,0.45
cdBy2ms7v6FhzzW6B,36fe4ff5430956beba3473f273bc132217b936a002efd26c57e58c148d06d932,18,0.85,3,1539052223113,Entertainment,1.4449999999999998,0.51
446eHkQ5FyvvnvXfx,a0d1cf1006c627aacb1b05c8cb2b4bf583ee8280d89bb052c6ce9b72a1bc0663,1,0.25,3,1539052872728,Sports,1.125,0.5
TijMjQnSi5aYzqHKs,a0d1cf1006c627aacb1b05c8cb2b4bf583ee8280d89bb052c6ce9b72a1bc0663,2,0.76,3,1539052872736,Sports,1.1552,0.65
NApCjSrFYH8woQtDx,a0d1cf1006c627aacb1b05c8cb2b4bf583ee8280d89bb052c6ce9b72a1bc0663,3,0.67,3,1539052872740,Sports,0.8978000000000002,0.58
ANTRrezg46NKixCYE,a0d1cf1006c627aacb1b05c8cb2b4bf583ee8280d89bb052c6ce9b72a1bc0663,4,0.28,3,1539052872743,Sports,1.0368,0.435
fgzKMwDGJt43D8p6o,a0d1cf1006c627aacb1b05c8cb2b4bf583ee8280d89bb052c6ce9b72a1bc0663,5,0.12,3,1539052872746,Sports,0.0288,0.47
2x4GCZdoTM3K6Cj2f,a0d1cf1006c627aacb1b05c8cb2b4bf583ee8280d89bb052c6ce9b72a1bc0663,6,0,3,1539052872748,Sports,0,0.325
6bzmSgHXj4Eu3Euap,a0d1cf1006c627aacb1b05c8cb2b4bf583ee8280d89bb052c6ce9b72a1bc0663,7,0.97,3,1539052877110,Politics,1.8818,0.71
uQnkJAgZ9p3AvdmjH,a0d1cf1006c627aacb1b05c8cb2b4bf583ee8280d89bb052c6ce9b72a1bc0663,8,0.77,3,1539052877112,Politics,0.10579999999999998,0.68
burZfiK4uMbFzqvtr,a0d1cf1006c627aacb1b05c8cb2b4bf583ee8280d89bb052c6ce9b72a1bc0663,9,0.36,3,1539052877115,Politics,0.2592,0.755
ynxWwAxKasjGq6WcA,a0d1cf1006c627aacb1b05c8cb2b4bf583ee8280d89bb052c6ce9b72a1bc0663,10,0.03,3,1539052877116,Politics,0.0018,0.49
mHtqZsvguH3t4FpCd,a0d1cf1006c627aacb1b05c8cb2b4bf583ee8280d89bb052c6ce9b72a1bc0663,11,0.025,3,1539052877118,Politics,0.0012500000000000002,0.455
sTnJoFTGcozB7S6R3,a0d1cf1006c627aacb1b05c8cb2b4bf583ee8280d89bb052c6ce9b72a1bc0663,12,0.02,3,1539052877125,Politics,8e-4,0.495
DKa3RRr5t6MsXY6XA,a0d1cf1006c627aacb1b05c8cb2b4bf583ee8280d89bb052c6ce9b72a1bc0663,13,0.02,3,1539052882189,Entertainment,8e-4,0.365
eEHnrDuWYyHfZ2JpS,a0d1cf1006c627aacb1b05c8cb2b4bf583ee8280d89bb052c6ce9b72a1bc0663,14,1,3,1539052882191,Entertainment,0,0.61
J6x2mtTQ9swMyRzDT,a0d1cf1006c627aacb1b05c8cb2b4bf583ee8280d89bb052c6ce9b72a1bc0663,15,0.19,3,1539052882192,Entertainment,0.0722,0.45
MgQ5kkCCf4vgKmMbo,a0d1cf1006c627aacb1b05c8cb2b4bf583ee8280d89bb052c6ce9b72a1bc0663,16,0.25,3,1539052882194,Entertainment,1.125,0.51
fqHH9jryap852QZcg,a0d1cf1006c627aacb1b05c8cb2b4bf583ee8280d89bb052c6ce9b72a1bc0663,17,0.02,3,1539052882195,Entertainment,8e-4,0.35
rKndLm7QvMnsNasb8,a0d1cf1006c627aacb1b05c8cb2b4bf583ee8280d89bb052c6ce9b72a1bc0663,18,0.25,3,1539052882196,Entertainment,0.125,0.59
mgvEMA9JmRpSFs2yC,9cf1b522ae8f7549d74d52a4496c67b79fb6fe6b5a3e7ede84b546b20579c028,1,0.82,3,1539052989096,Sports,0.06480000000000004,0.57
tJyHvjPniN8op3ypk,9cf1b522ae8f7549d74d52a4496c67b79fb6fe6b5a3e7ede84b546b20579c028,2,0.81,3,1539052989097,Sports,1.3122000000000003,0.55
r2JLgs7iSaaKpTbFn,9cf1b522ae8f7549d74d52a4496c67b79fb6fe6b5a3e7ede84b546b20579c028,3,0.35,3,1539052989097,Sports,0.24499999999999997,0.525
6myH2Nu86SyFANr8d,9cf1b522ae8f7549d74d52a4496c67b79fb6fe6b5a3e7ede84b546b20579c028,4,0.38,3,1539052989097,Sports,0.7688,0.64
S7uyi2mmAMSbDck8a,9cf1b522ae8f7549d74d52a4496c67b79fb6fe6b5a3e7ede84b546b20579c028,5,0.3,3,1539052989098,Sports,0.18,0.58
Fjdc4WyyQnW7REgcY,9cf1b522ae8f7549d74d52a4496c67b79fb6fe6b5a3e7ede84b546b20579c028,6,0.67,3,1539052989098,Sports,0.8978000000000002,0.48
Es7ab6ShWnvCDtY9c,9cf1b522ae8f7549d74d52a4496c67b79fb6fe6b5a3e7ede84b546b20579c028,7,0.77,3,1539053012035,Politics,1.1858,0.555
Aarg3YvhxiHudbrsy,9cf1b522ae8f7549d74d52a4496c67b79fb6fe6b5a3e7ede84b546b20579c028,8,0.87,3,1539053012036,Politics,0.033800000000000004,0.505
8PcgX6nv4E7jWLBjk,9cf1b522ae8f7549d74d52a4496c67b79fb6fe6b5a3e7ede84b546b20579c028,9,0.76,3,1539053012036,Politics,1.1552,0.47
uGGEhd5Qh8JZAQavw,9cf1b522ae8f7549d74d52a4496c67b79fb6fe6b5a3e7ede84b546b20579c028,10,0.47,3,1539053012037,Politics,0.44179999999999997,0.455
n4RWoDBaza8z2Kcmg,9cf1b522ae8f7549d74d52a4496c67b79fb6fe6b5a3e7ede84b546b20579c028,11,0.46,3,1539053012037,Politics,0.4232,0.49
qRwkHRCSXa4ESQofD,9cf1b522ae8f7549d74d52a4496c67b79fb6fe6b5a3e7ede84b546b20579c028,12,0.3,3,1539053012037,Politics,0.18,0.44
HcE4zkQEGoB5DpRYt,9cf1b522ae8f7549d74d52a4496c67b79fb6fe6b5a3e7ede84b546b20579c028,13,0.75,3,1539053087734,Entertainment,1.125,0.515
7nXdZPTZcQ2bM6WuN,9cf1b522ae8f7549d74d52a4496c67b79fb6fe6b5a3e7ede84b546b20579c028,14,0.97,3,1539053087735,Entertainment,0.0018000000000000032,0.545
6LX8xuPeXzgC5GnsH,9cf1b522ae8f7549d74d52a4496c67b79fb6fe6b5a3e7ede84b546b20579c028,15,0.54,3,1539053087736,Entertainment,0.5832,0.54
KkCkzjWGs5dZfuao4,9cf1b522ae8f7549d74d52a4496c67b79fb6fe6b5a3e7ede84b546b20579c028,16,0.2,3,1539053087737,Entertainment,1.2800000000000002,0.46
Hz53kDw8RC4d7savn,9cf1b522ae8f7549d74d52a4496c67b79fb6fe6b5a3e7ede84b546b20579c028,17,0.19,3,1539053087737,Entertainment,0.0722,0.355
SEWEN6vGM9yAYaYdK,9cf1b522ae8f7549d74d52a4496c67b79fb6fe6b5a3e7ede84b546b20579c028,18,0.67,3,1539053087737,Entertainment,0.8978000000000002,0.42
DgZNcEz8thobwnX46,9fb6773cd66c227f4357dd25dac9fe00c601518d7aedbdf1a8495c4a984d8c0f,1,0.66,3,1539053187379,Sports,0.23119999999999996,0.57
SnznbnyfTwAoxLqny,9fb6773cd66c227f4357dd25dac9fe00c601518d7aedbdf1a8495c4a984d8c0f,2,0.76,3,1539053187379,Sports,1.1552,0.56
jEazW5XCMnvpA58Bd,9fb6773cd66c227f4357dd25dac9fe00c601518d7aedbdf1a8495c4a984d8c0f,3,0.76,3,1539053187381,Sports,1.1552,0.45
yTKqejDT7sNuquDMs,9fb6773cd66c227f4357dd25dac9fe00c601518d7aedbdf1a8495c4a984d8c0f,4,0.73,3,1539053187381,Sports,0.1458,0.61
6s4pxvMCbS84cgPqR,9fb6773cd66c227f4357dd25dac9fe00c601518d7aedbdf1a8495c4a984d8c0f,5,0.35,3,1539053187382,Sports,0.24499999999999997,0.625
rx365rYdfz2sKSzmv,9fb6773cd66c227f4357dd25dac9fe00c601518d7aedbdf1a8495c4a984d8c0f,6,0.77,3,1539053187383,Sports,1.1858,0.54
mDs4YoTB6PqdughSN,c9a7282130133ab16ecb1dfeec56e6022abe00694c885795df30c4f903db75e7,1,0.76,3,1539053771139,Sports,0.1152,0.605
Btbuca8xz8qTtvgj6,c9a7282130133ab16ecb1dfeec56e6022abe00694c885795df30c4f903db75e7,2,0.69,3,1539053771140,Sports,0.9521999999999998,0.585
tafb2ZaiRx6ueFKKn,c9a7282130133ab16ecb1dfeec56e6022abe00694c885795df30c4f903db75e7,3,0.2,3,1539053771141,Sports,0.08000000000000002,0.44
r9GmbkRp2qhmpXHXD,c9a7282130133ab16ecb1dfeec56e6022abe00694c885795df30c4f903db75e7,4,0.75,3,1539053771141,Sports,0.125,0.715
MBP3S7Hw2icdLAbEf,c9a7282130133ab16ecb1dfeec56e6022abe00694c885795df30c4f903db75e7,5,0.67,3,1539053771141,Sports,0.8978000000000002,0.615
bGMdL9vRBEFHwYRH9,c9a7282130133ab16ecb1dfeec56e6022abe00694c885795df30c4f903db75e7,6,0.75,3,1539053771141,Sports,1.125,0.5
RHGga92X4CY7oSPit,c9a7282130133ab16ecb1dfeec56e6022abe00694c885795df30c4f903db75e7,7,0.37,3,1539053803606,Politics,0.2738,0.665
jjM9b82NtKYEHn6Xe,c9a7282130133ab16ecb1dfeec56e6022abe00694c885795df30c4f903db75e7,8,0.72,3,1539053803608,Politics,0.15680000000000002,0.585
AYih4XXsWemYk8JD6,c9a7282130133ab16ecb1dfeec56e6022abe00694c885795df30c4f903db75e7,9,0.25,3,1539053803608,Politics,0.125,0.49
8RriCzi9o56vWRA8t,c9a7282130133ab16ecb1dfeec56e6022abe00694c885795df30c4f903db75e7,10,0.23,3,1539053803608,Politics,0.1058,0.44
FHXhWujWpwAtrzyrR,c9a7282130133ab16ecb1dfeec56e6022abe00694c885795df30c4f903db75e7,11,0.15,3,1539053803608,Politics,0.045,0.555
y5vg5j4Fjfcb26dSM,c9a7282130133ab16ecb1dfeec56e6022abe00694c885795df30c4f903db75e7,12,0.24,3,1539053803608,Politics,0.1152,0.425
s7DoEBTfXC6nx5YhZ,c9a7282130133ab16ecb1dfeec56e6022abe00694c885795df30c4f903db75e7,13,0.77,3,1539053828379,Entertainment,1.1858,0.605
pAHuTKMvENejKNtHW,c9a7282130133ab16ecb1dfeec56e6022abe00694c885795df30c4f903db75e7,14,0.89,3,1539053828379,Entertainment,0.024199999999999996,0.67
GES2sG9iyuBGnJbAR,c9a7282130133ab16ecb1dfeec56e6022abe00694c885795df30c4f903db75e7,15,0.21,3,1539053828380,Entertainment,0.08819999999999999,0.43
F9C2nEHDoTkCSuaxu,c9a7282130133ab16ecb1dfeec56e6022abe00694c885795df30c4f903db75e7,16,0.82,3,1539053828380,Entertainment,0.06480000000000004,0.61
t6S5ruowz9KgYrQez,c9a7282130133ab16ecb1dfeec56e6022abe00694c885795df30c4f903db75e7,17,0.86,3,1539053828380,Entertainment,1.4791999999999998,0.525
tnWbBMpXNz72DgJSB,c9a7282130133ab16ecb1dfeec56e6022abe00694c885795df30c4f903db75e7,18,0.09,3,1539053828381,Entertainment,0.0162,0.245
tDv4hBnEwxZpEhSvB,9fb6773cd66c227f4357dd25dac9fe00c601518d7aedbdf1a8495c4a984d8c0f,7,0.45,3,1539053828674,Politics,0.405,0.6
MGE6M2aArHewr5SLd,9fb6773cd66c227f4357dd25dac9fe00c601518d7aedbdf1a8495c4a984d8c0f,8,0.86,3,1539053828675,Politics,0.039200000000000006,0.53
CsSB2ma2RDZZsFsnC,9fb6773cd66c227f4357dd25dac9fe00c601518d7aedbdf1a8495c4a984d8c0f,9,0.51,3,1539053828677,Politics,0.5202,0.54
pLX3voSKTsLb9gC2P,9fb6773cd66c227f4357dd25dac9fe00c601518d7aedbdf1a8495c4a984d8c0f,10,0.53,3,1539053828677,Politics,0.5618000000000001,0.415
dHWNosx8yvopxQbSQ,9fb6773cd66c227f4357dd25dac9fe00c601518d7aedbdf1a8495c4a984d8c0f,11,0.33,3,1539053828678,Politics,0.21780000000000002,0.565
DYfe9MPDtyjemYXLv,9fb6773cd66c227f4357dd25dac9fe00c601518d7aedbdf1a8495c4a984d8c0f,12,0.16,3,1539053828681,Politics,0.0512,0.515
8xqfukCKtzgwyB4av,068a7618e1c888bbe4b7d1257eaebe53e2dcf91be6aa3294b4132a98ed62cd49,1,0.75,3,1539053844817,Sports,0.125,0.59
qyADzZGS3DX7PpC7a,068a7618e1c888bbe4b7d1257eaebe53e2dcf91be6aa3294b4132a98ed62cd49,2,0.7,3,1539053844818,Sports,0.9799999999999999,0.57
YxubCDWdd4um2Xd7y,068a7618e1c888bbe4b7d1257eaebe53e2dcf91be6aa3294b4132a98ed62cd49,3,0.8,3,1539053844820,Sports,1.2800000000000002,0.485
f8s8EmQekjpkntw2u,068a7618e1c888bbe4b7d1257eaebe53e2dcf91be6aa3294b4132a98ed62cd49,4,0.6,3,1539053844821,Sports,0.32000000000000006,0.59
eYipTRmjDiSu4hsCp,068a7618e1c888bbe4b7d1257eaebe53e2dcf91be6aa3294b4132a98ed62cd49,5,0.5,3,1539053844824,Sports,0.5,0.55
yn9j88ZcFcgdpzp2S,068a7618e1c888bbe4b7d1257eaebe53e2dcf91be6aa3294b4132a98ed62cd49,6,0.6,3,1539053844824,Sports,0.72,0.49
ZTiNHAPjPgXT3JsSG,068a7618e1c888bbe4b7d1257eaebe53e2dcf91be6aa3294b4132a98ed62cd49,7,0.9,3,1539054072164,Politics,1.62,0.55
SaZ6GNyrNcZzSvPt6,068a7618e1c888bbe4b7d1257eaebe53e2dcf91be6aa3294b4132a98ed62cd49,8,0.7,3,1539054072166,Politics,0.18000000000000005,0.525
ddcKa8GtBqn6XyMWQ,068a7618e1c888bbe4b7d1257eaebe53e2dcf91be6aa3294b4132a98ed62cd49,9,0.8,3,1539054072167,Politics,1.2800000000000002,0.485
SwnxWEubG2Nxhp3Q9,068a7618e1c888bbe4b7d1257eaebe53e2dcf91be6aa3294b4132a98ed62cd49,10,0.6,3,1539054072168,Politics,0.72,0.35
rrqySqAiPo3MRrq8E,068a7618e1c888bbe4b7d1257eaebe53e2dcf91be6aa3294b4132a98ed62cd49,11,0.24,3,1539054072169,Politics,0.1152,0.4
v2Rg2wRrEqTdxTZom,068a7618e1c888bbe4b7d1257eaebe53e2dcf91be6aa3294b4132a98ed62cd49,12,0.65,3,1539054072170,Politics,0.8450000000000001,0.295
jSdqGZJg2FuaRg9u8,068a7618e1c888bbe4b7d1257eaebe53e2dcf91be6aa3294b4132a98ed62cd49,13,0.9,3,1539054229496,Entertainment,1.62,0.545
hZNEi29DhBjPdLCKD,068a7618e1c888bbe4b7d1257eaebe53e2dcf91be6aa3294b4132a98ed62cd49,14,0.92,3,1539054229497,Entertainment,0.012799999999999987,0.58
mZiuMkNAWcyzMHros,068a7618e1c888bbe4b7d1257eaebe53e2dcf91be6aa3294b4132a98ed62cd49,15,0.8,3,1539054229498,Entertainment,1.2800000000000002,0.52
2m7TEwdwhGc7WTzDo,068a7618e1c888bbe4b7d1257eaebe53e2dcf91be6aa3294b4132a98ed62cd49,16,0.5,3,1539054229498,Entertainment,0.5,0.61
PbdxenpHZxeeuDQFG,068a7618e1c888bbe4b7d1257eaebe53e2dcf91be6aa3294b4132a98ed62cd49,17,0.24,3,1539054229499,Entertainment,0.1152,0.45
iTG3wP45FBMxHdmaG,068a7618e1c888bbe4b7d1257eaebe53e2dcf91be6aa3294b4132a98ed62cd49,18,0.4,3,1539054229499,Entertainment,0.32000000000000006,0.555
iJT4neCuo2wKr9eos,9fb6773cd66c227f4357dd25dac9fe00c601518d7aedbdf1a8495c4a984d8c0f,13,0.66,3,1539054570046,Entertainment,0.8712000000000001,0.47
TGrSoCe4zL3mDpFYK,9fb6773cd66c227f4357dd25dac9fe00c601518d7aedbdf1a8495c4a984d8c0f,14,0.93,3,1539054570048,Entertainment,0.009799999999999986,0.545
n7dJFpDkNRkrqnMuu,9fb6773cd66c227f4357dd25dac9fe00c601518d7aedbdf1a8495c4a984d8c0f,15,0.87,3,1539054570049,Entertainment,1.5138,0.54
Zqzx8uHub2sM4peAm,9fb6773cd66c227f4357dd25dac9fe00c601518d7aedbdf1a8495c4a984d8c0f,16,0.48,3,1539054570049,Entertainment,0.5408000000000001,0.565
y3XpQRy3McToLsPpP,9fb6773cd66c227f4357dd25dac9fe00c601518d7aedbdf1a8495c4a984d8c0f,17,0.31,3,1539054570050,Entertainment,0.1922,0.555
s4y7eaWQFT9pFSHvT,9fb6773cd66c227f4357dd25dac9fe00c601518d7aedbdf1a8495c4a984d8c0f,18,0.42,3,1539054570051,Entertainment,0.35279999999999995,0.54
euDpBh3EJizpHRJKx,2e454b317de2391fb5ebda2e8b9d079b20825131eb8153a6e80b5167b14af027,1,0.34,3,1539057783945,Sports,0.8711999999999998,0.605
8JwuA2pTpmsa3mcXT,2e454b317de2391fb5ebda2e8b9d079b20825131eb8153a6e80b5167b14af027,2,0.66,3,1539057783948,Sports,0.8712000000000001,0.505
Y2Hz69Q5XrXEnmCPq,2e454b317de2391fb5ebda2e8b9d079b20825131eb8153a6e80b5167b14af027,3,0.34,3,1539057783951,Sports,0.23120000000000004,0.535
yNmGYexGwAtBDnipQ,2e454b317de2391fb5ebda2e8b9d079b20825131eb8153a6e80b5167b14af027,4,0.61,3,1539057783952,Sports,0.3042,0.61
Q8WQYnJCvi4qQJvLE,2e454b317de2391fb5ebda2e8b9d079b20825131eb8153a6e80b5167b14af027,5,0.6,3,1539057783954,Sports,0.72,0.42
dBoahx25EXeweLWqG,2e454b317de2391fb5ebda2e8b9d079b20825131eb8153a6e80b5167b14af027,6,0.48,3,1539057783955,Sports,0.4608,0.545
hjSromYsnQvFZSKsm,2e454b317de2391fb5ebda2e8b9d079b20825131eb8153a6e80b5167b14af027,7,0.68,3,1539057810157,Politics,0.9248000000000002,0.55
q5vjoGnXoS3dbdDGq,2e454b317de2391fb5ebda2e8b9d079b20825131eb8153a6e80b5167b14af027,8,0.55,3,1539057810159,Politics,0.4049999999999999,0.555
fedKcsz47GZaokth9,2e454b317de2391fb5ebda2e8b9d079b20825131eb8153a6e80b5167b14af027,9,0.46,3,1539057810161,Politics,0.4232,0.54
Gguwoum9CxveMHtoz,2e454b317de2391fb5ebda2e8b9d079b20825131eb8153a6e80b5167b14af027,10,0.6,3,1539057810163,Politics,0.72,0.335
vAQFnaawy8Ar7Ay6z,2e454b317de2391fb5ebda2e8b9d079b20825131eb8153a6e80b5167b14af027,11,0.54,3,1539057810164,Politics,0.5832,0.43
XYtcoWqv5GCHzYhgn,2e454b317de2391fb5ebda2e8b9d079b20825131eb8153a6e80b5167b14af027,12,0.41,3,1539057810166,Politics,0.33619999999999994,0.375
qwe6nQQEQSQA3a77Y,2e454b317de2391fb5ebda2e8b9d079b20825131eb8153a6e80b5167b14af027,13,0.42,3,1539057818693,Entertainment,0.35279999999999995,0.545
aFL4Wh3xWtG6emkMv,2e454b317de2391fb5ebda2e8b9d079b20825131eb8153a6e80b5167b14af027,14,0.68,3,1539057818694,Entertainment,0.20479999999999993,0.56
YveWsrvRigHq5LLa3,2e454b317de2391fb5ebda2e8b9d079b20825131eb8153a6e80b5167b14af027,15,0.57,3,1539057818695,Entertainment,0.6497999999999999,0.53
96D7oJy6chmX87BAt,2e454b317de2391fb5ebda2e8b9d079b20825131eb8153a6e80b5167b14af027,16,0.63,3,1539057818696,Entertainment,0.2738,0.475
y4u9vuPyoQ4qKnSe3,2e454b317de2391fb5ebda2e8b9d079b20825131eb8153a6e80b5167b14af027,17,0.41,3,1539057818698,Entertainment,0.33619999999999994,0.46
T8uKcehQc8fNhXL56,2e454b317de2391fb5ebda2e8b9d079b20825131eb8153a6e80b5167b14af027,18,0.41,3,1539057818700,Entertainment,0.33619999999999994,0.54
556fS3DAai62NX5se,159213ed4f7664df16c4c3129e6ffd7992d88c071bfd6d3c7563bc2817535f81,1,0.85,3,1539058055844,Sports,0.04500000000000001,0.62
xWvXywTL28jDXQeQ6,159213ed4f7664df16c4c3129e6ffd7992d88c071bfd6d3c7563bc2817535f81,2,0.25,3,1539058055848,Sports,0.125,0.44
Gv9dEh5cxYy3XgbbD,159213ed4f7664df16c4c3129e6ffd7992d88c071bfd6d3c7563bc2817535f81,3,0,3,1539058055850,Sports,0,0.32
jyz5WP6rDJnkLfYLj,159213ed4f7664df16c4c3129e6ffd7992d88c071bfd6d3c7563bc2817535f81,4,0.9,3,1539058055851,Sports,0.01999999999999999,0.625
NBS4WW9Xm4QLCf3Bg,159213ed4f7664df16c4c3129e6ffd7992d88c071bfd6d3c7563bc2817535f81,5,0.1,3,1539058055861,Sports,0.020000000000000004,0.385
9HAfL4FmBaDpgjZno,159213ed4f7664df16c4c3129e6ffd7992d88c071bfd6d3c7563bc2817535f81,6,0.85,3,1539058055862,Sports,1.4449999999999998,0.655
euWEZJ2r33kYFHTbX,159213ed4f7664df16c4c3129e6ffd7992d88c071bfd6d3c7563bc2817535f81,7,0.95,3,1539058141492,Politics,1.805,0.64
sgsuREyfRAkwDYjAx,159213ed4f7664df16c4c3129e6ffd7992d88c071bfd6d3c7563bc2817535f81,8,1,3,1539058141496,Politics,0,0.6
NTZS4XFWFFjYLwCcL,159213ed4f7664df16c4c3129e6ffd7992d88c071bfd6d3c7563bc2817535f81,9,0.9,3,1539058141498,Politics,1.62,0.595
JjNZAmM6f3wATEHj8,159213ed4f7664df16c4c3129e6ffd7992d88c071bfd6d3c7563bc2817535f81,10,1,3,1539058141500,Politics,2,0.445
Xh5iviwL8uRuXSToy,159213ed4f7664df16c4c3129e6ffd7992d88c071bfd6d3c7563bc2817535f81,11,0.25,3,1539058141501,Politics,0.125,0.475
fxC4aEY3rkHCeHFAa,159213ed4f7664df16c4c3129e6ffd7992d88c071bfd6d3c7563bc2817535f81,12,0.1,3,1539058141501,Politics,0.020000000000000004,0.535
vqMSe6gy38aRncAE2,159213ed4f7664df16c4c3129e6ffd7992d88c071bfd6d3c7563bc2817535f81,13,1,3,1539058221862,Entertainment,2,0.61
v4XkftAGNKBaFa8QY,159213ed4f7664df16c4c3129e6ffd7992d88c071bfd6d3c7563bc2817535f81,14,0.15,3,1539058221864,Entertainment,1.4449999999999998,0.33
ZFBZvpswHmjQdtbkB,159213ed4f7664df16c4c3129e6ffd7992d88c071bfd6d3c7563bc2817535f81,15,1,3,1539058221865,Entertainment,2,0.575
GNrc6TwX2ZMjp68Pq,159213ed4f7664df16c4c3129e6ffd7992d88c071bfd6d3c7563bc2817535f81,16,0.2,3,1539058221866,Entertainment,1.2800000000000002,0.48
pSZgjNvE7MdpBSTot,159213ed4f7664df16c4c3129e6ffd7992d88c071bfd6d3c7563bc2817535f81,17,0.95,3,1539058221867,Entertainment,1.805,0.51
nA3WQQM2vZjuSs7Y7,159213ed4f7664df16c4c3129e6ffd7992d88c071bfd6d3c7563bc2817535f81,18,0.35,3,1539058221868,Entertainment,0.24499999999999997,0.62
uvrNYk8qhd69dYHx2,355ee89fb341094c21e56da013544ff9e13333ef3e715b9ce2e741e1f89e4ec1,1,0.87,3,1539058994535,Sports,0.033800000000000004,0.64
WjpMxepNqs7HRqm2S,355ee89fb341094c21e56da013544ff9e13333ef3e715b9ce2e741e1f89e4ec1,2,0.21,3,1539058994542,Sports,0.08819999999999999,0.51
jz7gFkKszohFqRw6E,355ee89fb341094c21e56da013544ff9e13333ef3e715b9ce2e741e1f89e4ec1,3,0.74,3,1539058994547,Sports,1.0952,0.585
pYa8ryE3v7FLvEBKF,355ee89fb341094c21e56da013544ff9e13333ef3e715b9ce2e741e1f89e4ec1,4,0.04,3,1539058994549,Sports,1.8432,0.33
hj5xxzcGQ8Gyj8fB2,355ee89fb341094c21e56da013544ff9e13333ef3e715b9ce2e741e1f89e4ec1,5,0.08,3,1539058994551,Sports,0.0128,0.385
AP6PKG3HdYSyviWvF,355ee89fb341094c21e56da013544ff9e13333ef3e715b9ce2e741e1f89e4ec1,6,0.63,3,1539058994552,Sports,0.7938000000000001,0.705
7ET9YGCuwP5DvPDZa,355ee89fb341094c21e56da013544ff9e13333ef3e715b9ce2e741e1f89e4ec1,7,0.02,3,1539058999713,Politics,8e-4,0.315
ZHdKSGtTkMj6GsM2D,355ee89fb341094c21e56da013544ff9e13333ef3e715b9ce2e741e1f89e4ec1,8,0.06,3,1539058999715,Politics,1.7671999999999999,0.27
TkTJPvrhgHovscBTN,355ee89fb341094c21e56da013544ff9e13333ef3e715b9ce2e741e1f89e4ec1,9,0.09,3,1539058999716,Politics,0.0162,0.365
nNhbT2oTY4QGjZxjQ,355ee89fb341094c21e56da013544ff9e13333ef3e715b9ce2e741e1f89e4ec1,10,0.06,3,1539058999717,Politics,0.0072,0.47
thZGoYwNLNikALknE,355ee89fb341094c21e56da013544ff9e13333ef3e715b9ce2e741e1f89e4ec1,11,0.04,3,1539058999719,Politics,0.0032,0.47
QPELZ4JzFw5nCndfN,355ee89fb341094c21e56da013544ff9e13333ef3e715b9ce2e741e1f89e4ec1,12,0.01,3,1539058999723,Politics,2e-4,0.53
eeL9otAH6WKk8t9Kj,355ee89fb341094c21e56da013544ff9e13333ef3e715b9ce2e741e1f89e4ec1,13,0.61,3,1539059004385,Entertainment,0.7442,0.69
GFLWdLnhHkMQJNEiL,355ee89fb341094c21e56da013544ff9e13333ef3e715b9ce2e741e1f89e4ec1,14,0.76,3,1539059004387,Entertainment,0.1152,0.7
yg8u5JEvXy3h4sF8D,355ee89fb341094c21e56da013544ff9e13333ef3e715b9ce2e741e1f89e4ec1,15,0.19,3,1539059004388,Entertainment,0.0722,0.485
Ron5JCe2tJTSQNSXe,355ee89fb341094c21e56da013544ff9e13333ef3e715b9ce2e741e1f89e4ec1,16,0.24,3,1539059004389,Entertainment,1.1552,0.525
MohxveMnj3M5z85wY,355ee89fb341094c21e56da013544ff9e13333ef3e715b9ce2e741e1f89e4ec1,17,0.63,3,1539059004390,Entertainment,0.7938000000000001,0.595
r94geYWKmbQnSCDqH,355ee89fb341094c21e56da013544ff9e13333ef3e715b9ce2e741e1f89e4ec1,18,0.41,3,1539059004390,Entertainment,0.33619999999999994,0.62
ve6SxhuDLp7WXeCky,a08ccba4a0ea4ff2831758e61fc6299c3ae52494a9a2951ac46c2a2f616c76ff,1,0.65,3,1539059822362,Sports,0.24499999999999997,0.585
cDdw2EzSK8N6hvb34,a08ccba4a0ea4ff2831758e61fc6299c3ae52494a9a2951ac46c2a2f616c76ff,2,0.64,3,1539059822363,Sports,0.8192,0.535
XxczE7mwDnZ9KADst,a08ccba4a0ea4ff2831758e61fc6299c3ae52494a9a2951ac46c2a2f616c76ff,3,0.68,3,1539059822363,Sports,0.9248000000000002,0.475
edYMcc8e8ZaThEQ3B,a08ccba4a0ea4ff2831758e61fc6299c3ae52494a9a2951ac46c2a2f616c76ff,4,0.71,3,1539059822364,Sports,0.16820000000000004,0.645
qoZta4YjvbtfqCJEF,a08ccba4a0ea4ff2831758e61fc6299c3ae52494a9a2951ac46c2a2f616c76ff,5,0.63,3,1539059822364,Sports,0.7938000000000001,0.475
RYQ77BSi7JJ9hJdXr,a08ccba4a0ea4ff2831758e61fc6299c3ae52494a9a2951ac46c2a2f616c76ff,6,0.64,3,1539059822364,Sports,0.8192,0.505
WNKQCco9M5uGnwdPi,a08ccba4a0ea4ff2831758e61fc6299c3ae52494a9a2951ac46c2a2f616c76ff,7,0.66,3,1539059826329,Politics,0.8712000000000001,0.57
DYjujGtuSGc2rzPcc,a08ccba4a0ea4ff2831758e61fc6299c3ae52494a9a2951ac46c2a2f616c76ff,8,0.42,3,1539059826329,Politics,0.6728000000000002,0.55
oyGfHCZwzowbaoYif,a08ccba4a0ea4ff2831758e61fc6299c3ae52494a9a2951ac46c2a2f616c76ff,9,0.62,3,1539059826329,Politics,0.7688,0.47
TPNnb9RFWKRaH35xF,a08ccba4a0ea4ff2831758e61fc6299c3ae52494a9a2951ac46c2a2f616c76ff,10,0.62,3,1539059826329,Politics,0.7688,0.3
Cq2boMKfeX335yTbz,a08ccba4a0ea4ff2831758e61fc6299c3ae52494a9a2951ac46c2a2f616c76ff,11,0.36,3,1539059826330,Politics,0.2592,0.515
mzGweuTfLYo7x3BBK,a08ccba4a0ea4ff2831758e61fc6299c3ae52494a9a2951ac46c2a2f616c76ff,12,0.64,3,1539059826330,Politics,0.8192,0.31
WTwtZnecLjc8CPRXx,a08ccba4a0ea4ff2831758e61fc6299c3ae52494a9a2951ac46c2a2f616c76ff,13,0.71,3,1539059831767,Entertainment,1.0082,0.535
v7D4NPtAJrnEHHNbN,a08ccba4a0ea4ff2831758e61fc6299c3ae52494a9a2951ac46c2a2f616c76ff,14,0.64,3,1539059831768,Entertainment,0.2592,0.56
WmFjr72YCPEonEmdu,a08ccba4a0ea4ff2831758e61fc6299c3ae52494a9a2951ac46c2a2f616c76ff,15,0.42,3,1539059831768,Entertainment,0.35279999999999995,0.54
EHhzDttEejGTAhsyP,a08ccba4a0ea4ff2831758e61fc6299c3ae52494a9a2951ac46c2a2f616c76ff,16,0.62,3,1539059831768,Entertainment,0.2888,0.485
3Z2sFwTyKw2EYiqkF,a08ccba4a0ea4ff2831758e61fc6299c3ae52494a9a2951ac46c2a2f616c76ff,17,0.62,3,1539059831769,Entertainment,0.7688,0.49
a9DuFQnGfuMb2AEiS,a08ccba4a0ea4ff2831758e61fc6299c3ae52494a9a2951ac46c2a2f616c76ff,18,0.42,3,1539059831769,Entertainment,0.35279999999999995,0.495
eFiZd6gBS7bPb7vTz,f2db56a6e140ed297954b8d4e20161b2720fb86d2b3cb12c49b8a6da748cb2b0,1,0.89,3,1539061734654,Sports,0.024199999999999996,0.595
SvphFQPD8i3bZrwTq,f2db56a6e140ed297954b8d4e20161b2720fb86d2b3cb12c49b8a6da748cb2b0,2,0.39,3,1539061734657,Sports,0.3042,0.57
erfvxWqsxHSqFzCmJ,f2db56a6e140ed297954b8d4e20161b2720fb86d2b3cb12c49b8a6da748cb2b0,3,0.9,3,1539061734659,Sports,1.62,0.43
4f6r4Kk62p8ihcunj,f2db56a6e140ed297954b8d4e20161b2720fb86d2b3cb12c49b8a6da748cb2b0,4,0.73,3,1539061734661,Sports,0.1458,0.6
AsvC74cHZnAyLt3aF,f2db56a6e140ed297954b8d4e20161b2720fb86d2b3cb12c49b8a6da748cb2b0,5,0.82,3,1539061734662,Sports,1.3447999999999998,0.48
3YgYXGthZyFyoCNay,f2db56a6e140ed297954b8d4e20161b2720fb86d2b3cb12c49b8a6da748cb2b0,6,0.87,3,1539061734663,Sports,1.5138,0.525
aeTrxcf7TfoSYYft4,f2db56a6e140ed297954b8d4e20161b2720fb86d2b3cb12c49b8a6da748cb2b0,7,0.72,3,1539061741991,Politics,1.0368,0.535
JH82cct8efZZNi46A,f2db56a6e140ed297954b8d4e20161b2720fb86d2b3cb12c49b8a6da748cb2b0,8,0.81,3,1539061741994,Politics,0.07219999999999996,0.52
R7T3KysdpK4Z5kPxz,f2db56a6e140ed297954b8d4e20161b2720fb86d2b3cb12c49b8a6da748cb2b0,9,0.3,3,1539061741997,Politics,0.18,0.565
fH89cpaWnPuxn2Lye,f2db56a6e140ed297954b8d4e20161b2720fb86d2b3cb12c49b8a6da748cb2b0,10,0.81,3,1539061742e3,Politics,1.3122000000000003,0.345
F26LsvzgAJkJqwuoy,f2db56a6e140ed297954b8d4e20161b2720fb86d2b3cb12c49b8a6da748cb2b0,11,0.86,3,1539061742004,Politics,1.4791999999999998,0.39
iuPd2PiRqA39gFPBM,f2db56a6e140ed297954b8d4e20161b2720fb86d2b3cb12c49b8a6da748cb2b0,12,0.86,3,1539061742008,Politics,1.4791999999999998,0.345
jWQ9GXFqpGTnLNjoD,f2db56a6e140ed297954b8d4e20161b2720fb86d2b3cb12c49b8a6da748cb2b0,13,0.72,3,1539061757937,Entertainment,1.0368,0.505
BxuJQmQWoRuHKog3E,f2db56a6e140ed297954b8d4e20161b2720fb86d2b3cb12c49b8a6da748cb2b0,14,0.58,3,1539061757942,Entertainment,0.35280000000000006,0.605
kASRNs7y4HSGYEYyk,f2db56a6e140ed297954b8d4e20161b2720fb86d2b3cb12c49b8a6da748cb2b0,15,0.64,3,1539061757948,Entertainment,0.8192,0.505
b9RPiYCAfNrncZBJS,f2db56a6e140ed297954b8d4e20161b2720fb86d2b3cb12c49b8a6da748cb2b0,16,0.73,3,1539061757951,Entertainment,0.1458,0.48
u7c8empZFfEPmzNXB,f2db56a6e140ed297954b8d4e20161b2720fb86d2b3cb12c49b8a6da748cb2b0,17,0.71,3,1539061757955,Entertainment,1.0082,0.465
TmHKiNE34KGcdNwPT,f2db56a6e140ed297954b8d4e20161b2720fb86d2b3cb12c49b8a6da748cb2b0,18,0.81,3,1539061757957,Entertainment,1.3122000000000003,0.445
xcn3haq7bXJRZRucJ,e2242ed48c595d0d57ff731c4d43273b88d621ad8d986bfb8606825c6da22684,1,0.9,3,1539063171531,Sports,0.01999999999999999,0.655
bunDveww2oKgpi5dB,e2242ed48c595d0d57ff731c4d43273b88d621ad8d986bfb8606825c6da22684,2,0.01,3,1539063171536,Sports,2e-4,0.275
q9e8Doyacbxy42g7k,e2242ed48c595d0d57ff731c4d43273b88d621ad8d986bfb8606825c6da22684,3,0.83,3,1539063171539,Sports,1.3778,0.53
28FKLXudbsu9rAJY2,e2242ed48c595d0d57ff731c4d43273b88d621ad8d986bfb8606825c6da22684,4,0.81,3,1539063171540,Sports,0.07219999999999996,0.725
mnXzWaPHNcxToFTP6,e2242ed48c595d0d57ff731c4d43273b88d621ad8d986bfb8606825c6da22684,5,0.83,3,1539063171541,Sports,1.3778,0.595
SkbugJHk2fpo9LgHX,e2242ed48c595d0d57ff731c4d43273b88d621ad8d986bfb8606825c6da22684,6,0.87,3,1539063171542,Sports,1.5138,0.525
BuC9pQBNR72Wg6end,e2242ed48c595d0d57ff731c4d43273b88d621ad8d986bfb8606825c6da22684,7,0.03,3,1539063230036,Politics,0.0018,0.315
5TZ3mWoQDuuE6hm6H,e2242ed48c595d0d57ff731c4d43273b88d621ad8d986bfb8606825c6da22684,8,0.05,3,1539063230038,Politics,1.805,0.315
NryyQyNhAmDZi6ZXg,e2242ed48c595d0d57ff731c4d43273b88d621ad8d986bfb8606825c6da22684,9,0.2,3,1539063230041,Politics,0.08000000000000002,0.535
S8D43PX92XrESE9yS,e2242ed48c595d0d57ff731c4d43273b88d621ad8d986bfb8606825c6da22684,10,0.91,3,1539063230043,Politics,1.6562000000000001,0.49
JoNxowAYY7aEnPF98,e2242ed48c595d0d57ff731c4d43273b88d621ad8d986bfb8606825c6da22684,11,0.06,3,1539063230044,Politics,0.0072,0.38
4FGvvocwbjr54Lyq9,e2242ed48c595d0d57ff731c4d43273b88d621ad8d986bfb8606825c6da22684,12,0,3,1539063230045,Politics,0,0.465
3h7ZPd68QcXGSWDSi,e2242ed48c595d0d57ff731c4d43273b88d621ad8d986bfb8606825c6da22684,13,0.81,3,1539063283071,Entertainment,1.3122000000000003,0.68
hD3ZsD4953j3XFQts,e2242ed48c595d0d57ff731c4d43273b88d621ad8d986bfb8606825c6da22684,14,0.13,3,1539063283073,Entertainment,1.5138,0.305
ZXH4uMw9f8EwJLvx2,e2242ed48c595d0d57ff731c4d43273b88d621ad8d986bfb8606825c6da22684,15,0.23,3,1539063283073,Entertainment,0.1058,0.54
PErXhasuBxrfbNRB8,e2242ed48c595d0d57ff731c4d43273b88d621ad8d986bfb8606825c6da22684,16,0.94,3,1539063283074,Entertainment,0.007200000000000013,0.655
EfTFGSaLWxDqvfxFx,e2242ed48c595d0d57ff731c4d43273b88d621ad8d986bfb8606825c6da22684,17,0.12,3,1539063283077,Entertainment,0.0288,0.48
fwt5y2PPc2TugBjnn,e2242ed48c595d0d57ff731c4d43273b88d621ad8d986bfb8606825c6da22684,18,0.8,3,1539063283078,Entertainment,1.2800000000000002,0.55
9LDsD7pF9MvFkpap5,1275b27a59dac5ab2b5c1e33d1fa64b4e903ef20349cc39ba8e1a90b99768cc5,1,0.64,3,1539063450967,Sports,0.2592,0.5
aBPbMRGdzi3rAshvQ,1275b27a59dac5ab2b5c1e33d1fa64b4e903ef20349cc39ba8e1a90b99768cc5,2,0.69,3,1539063450973,Sports,0.9521999999999998,0.54
C4RXufogChgb8Pups,1275b27a59dac5ab2b5c1e33d1fa64b4e903ef20349cc39ba8e1a90b99768cc5,3,0.9,3,1539063450978,Sports,1.62,0.45
EpCNFMWTXkHKxrqew,1275b27a59dac5ab2b5c1e33d1fa64b4e903ef20349cc39ba8e1a90b99768cc5,4,0.37,3,1539063450981,Sports,0.7938000000000001,0.66
DfrXAd9vmAQTB34eW,1275b27a59dac5ab2b5c1e33d1fa64b4e903ef20349cc39ba8e1a90b99768cc5,5,0.15,3,1539063450984,Sports,0.045,0.4
QKxCbNxKZiTnJcuZN,1275b27a59dac5ab2b5c1e33d1fa64b4e903ef20349cc39ba8e1a90b99768cc5,6,0.4,3,1539063450987,Sports,0.32000000000000006,0.58
uxTMTpCNSYAgHuB7H,1275b27a59dac5ab2b5c1e33d1fa64b4e903ef20349cc39ba8e1a90b99768cc5,7,0.36,3,1539063473343,Politics,0.2592,0.62
HBzKbCn2nW7M8bX66,1275b27a59dac5ab2b5c1e33d1fa64b4e903ef20349cc39ba8e1a90b99768cc5,8,0.93,3,1539063473345,Politics,0.009799999999999986,0.55
5podefsGLpDCPRKme,1275b27a59dac5ab2b5c1e33d1fa64b4e903ef20349cc39ba8e1a90b99768cc5,9,0.92,3,1539063473347,Politics,1.6928,0.49
wGr5oz9WAPcQyKkfF,1275b27a59dac5ab2b5c1e33d1fa64b4e903ef20349cc39ba8e1a90b99768cc5,10,0.74,3,1539063473349,Politics,1.0952,0.375
BwBWHu8B7LSqZBGjA,1275b27a59dac5ab2b5c1e33d1fa64b4e903ef20349cc39ba8e1a90b99768cc5,11,0.57,3,1539063473353,Politics,0.6497999999999999,0.475
y4NnPDFaownyLapbY,1275b27a59dac5ab2b5c1e33d1fa64b4e903ef20349cc39ba8e1a90b99768cc5,12,0.67,3,1539063473355,Politics,0.8978000000000002,0.335
JrPmYoGR8Zqj4wRYx,1275b27a59dac5ab2b5c1e33d1fa64b4e903ef20349cc39ba8e1a90b99768cc5,13,0.59,3,1539063482292,Entertainment,0.6961999999999999,0.57
FKK5t3NPCdZARD6kE,1275b27a59dac5ab2b5c1e33d1fa64b4e903ef20349cc39ba8e1a90b99768cc5,14,0.25,3,1539063482301,Entertainment,1.125,0.34
Bw4wcu8qGjhgJkZTA,1275b27a59dac5ab2b5c1e33d1fa64b4e903ef20349cc39ba8e1a90b99768cc5,15,0.39,3,1539063482309,Entertainment,0.3042,0.61
WJZwMByTJAXx3xY3P,1275b27a59dac5ab2b5c1e33d1fa64b4e903ef20349cc39ba8e1a90b99768cc5,16,0.27,3,1539063482313,Entertainment,1.0657999999999999,0.42
RqaQxnF9GR2LDossG,1275b27a59dac5ab2b5c1e33d1fa64b4e903ef20349cc39ba8e1a90b99768cc5,17,0.72,3,1539063482316,Entertainment,1.0368,0.475
hghDRsMi3L9hYiDxf,1275b27a59dac5ab2b5c1e33d1fa64b4e903ef20349cc39ba8e1a90b99768cc5,18,0.75,3,1539063482320,Entertainment,1.125,0.46
hDhiqkqfHefmT5KzF,cd44b90ba7443de748b177401cf064900bff3a4de87d9ff0a0f51184c8309d51,1,0.19,3,1539065439204,Sports,1.3122000000000003,0.43
yqRSHKqe2yuWkcJBx,cd44b90ba7443de748b177401cf064900bff3a4de87d9ff0a0f51184c8309d51,2,0.21,3,1539065439209,Sports,0.08819999999999999,0.48
QQhetAsvpxk7tcdkX,cd44b90ba7443de748b177401cf064900bff3a4de87d9ff0a0f51184c8309d51,3,0.89,3,1539065439211,Sports,1.5842,0.55
NpBZb4pKZ2MvCBD7g,cd44b90ba7443de748b177401cf064900bff3a4de87d9ff0a0f51184c8309d51,4,0.64,3,1539065439215,Sports,0.2592,0.76
tBaomvHqhH6cLqFHD,cd44b90ba7443de748b177401cf064900bff3a4de87d9ff0a0f51184c8309d51,5,0.14,3,1539065439217,Sports,0.039200000000000006,0.535
5GvHNXcHsPuuTifc8,cd44b90ba7443de748b177401cf064900bff3a4de87d9ff0a0f51184c8309d51,6,0.1,3,1539065439219,Sports,0.020000000000000004,0.455
pxCMyeHTMTiRh7Yrm,cd44b90ba7443de748b177401cf064900bff3a4de87d9ff0a0f51184c8309d51,7,0.77,3,1539065461286,Politics,1.1858,0.725
YmpGR4ddySBP53Ykf,cd44b90ba7443de748b177401cf064900bff3a4de87d9ff0a0f51184c8309d51,8,0.93,3,1539065461289,Politics,0.009799999999999986,0.715
zNgvoTtMbTMXmTMMY,cd44b90ba7443de748b177401cf064900bff3a4de87d9ff0a0f51184c8309d51,9,0.04,3,1539065461291,Politics,0.0032,0.435
A7i62T6Htbc5j8tvW,cd44b90ba7443de748b177401cf064900bff3a4de87d9ff0a0f51184c8309d51,10,0,3,1539065461293,Politics,0,0.47
hvGtBAmZooDCBkEYR,cd44b90ba7443de748b177401cf064900bff3a4de87d9ff0a0f51184c8309d51,11,0,3,1539065461296,Politics,0,0.48
ubaWyjWWo2MztuSMX,cd44b90ba7443de748b177401cf064900bff3a4de87d9ff0a0f51184c8309d51,12,0,3,1539065461298,Politics,0,0.52
JPKf3Y7MoppqWG5SD,cd44b90ba7443de748b177401cf064900bff3a4de87d9ff0a0f51184c8309d51,13,0,3,1539065484215,Entertainment,0,0.43
FjMJhRByd5Nt2HhM5,cd44b90ba7443de748b177401cf064900bff3a4de87d9ff0a0f51184c8309d51,14,1,3,1539065484217,Entertainment,0,0.71
Y5Cb6gCZkaKHhW7F7,cd44b90ba7443de748b177401cf064900bff3a4de87d9ff0a0f51184c8309d51,15,0.01,3,1539065484218,Entertainment,2e-4,0.345
T74BWA5acc4JNjT2A,cd44b90ba7443de748b177401cf064900bff3a4de87d9ff0a0f51184c8309d51,16,0.98,3,1539065484219,Entertainment,8.000000000000014e-4,0.665
ZpjkvbrotAzru5DpP,cd44b90ba7443de748b177401cf064900bff3a4de87d9ff0a0f51184c8309d51,17,0.09,3,1539065484220,Entertainment,0.0162,0.355
N7mrSgphJ8CqZJyRc,cd44b90ba7443de748b177401cf064900bff3a4de87d9ff0a0f51184c8309d51,18,0.01,3,1539065484222,Entertainment,2e-4,0.345
jCm5WsiHCyqYpZgXf,5cee1c3f3355a587056260c20319ad292a9126400b198367b9da6678a1bd2174,1,0.67,3,1539077208865,Sports,0.21779999999999994,0.565
GruTs7DdrF25QJMLS,5cee1c3f3355a587056260c20319ad292a9126400b198367b9da6678a1bd2174,2,0.37,3,1539077208866,Sports,0.2738,0.59
sfoP9xaDYzPKnCuR5,5cee1c3f3355a587056260c20319ad292a9126400b198367b9da6678a1bd2174,3,0.24,3,1539077208866,Sports,0.1152,0.395
8SfrNTNqQ9pmAmEsD,5cee1c3f3355a587056260c20319ad292a9126400b198367b9da6678a1bd2174,4,0.64,3,1539077208866,Sports,0.2592,0.58
9uQZWWkgs7y2pxnRG,5cee1c3f3355a587056260c20319ad292a9126400b198367b9da6678a1bd2174,5,0.2,3,1539077208866,Sports,0.08000000000000002,0.415
2kuqTL2Q9QmnAgHa3,5cee1c3f3355a587056260c20319ad292a9126400b198367b9da6678a1bd2174,6,0.7,3,1539077208866,Sports,0.9799999999999999,0.575
LQ3cstv375WZrKP3E,5cee1c3f3355a587056260c20319ad292a9126400b198367b9da6678a1bd2174,7,0.57,3,1539077215514,Politics,0.6497999999999999,0.65
X8H6uwJkuDsLDzS3R,5cee1c3f3355a587056260c20319ad292a9126400b198367b9da6678a1bd2174,8,0.32,3,1539077215514,Politics,0.9247999999999998,0.64
7pKQpmTRBytfiaWLZ,5cee1c3f3355a587056260c20319ad292a9126400b198367b9da6678a1bd2174,9,0.16,3,1539077215514,Politics,0.0512,0.4
YZDrLqvW5bsD7AZHj,5cee1c3f3355a587056260c20319ad292a9126400b198367b9da6678a1bd2174,10,0.67,3,1539077215514,Politics,0.8978000000000002,0.315
6nw8usLiBcmGAnErG,5cee1c3f3355a587056260c20319ad292a9126400b198367b9da6678a1bd2174,11,0.78,3,1539077215515,Politics,1.2168,0.44
8pd2GMSo8wSWekq3k,5cee1c3f3355a587056260c20319ad292a9126400b198367b9da6678a1bd2174,12,0.23,3,1539077215515,Politics,0.1058,0.38
o3M73mDEvnx6rmawg,5cee1c3f3355a587056260c20319ad292a9126400b198367b9da6678a1bd2174,13,0.67,3,1539077223702,Entertainment,0.8978000000000002,0.525
Xo8gGWQ4bH6bmoq35,5cee1c3f3355a587056260c20319ad292a9126400b198367b9da6678a1bd2174,14,0.82,3,1539077223702,Entertainment,0.06480000000000004,0.57
QmDDdpmPRXFGGKM4Q,5cee1c3f3355a587056260c20319ad292a9126400b198367b9da6678a1bd2174,15,0.34,3,1539077223702,Entertainment,0.23120000000000004,0.625
32Z9DAGvKFHvyAkst,5cee1c3f3355a587056260c20319ad292a9126400b198367b9da6678a1bd2174,16,0.1,3,1539077223703,Entertainment,1.62,0.385
smHFCjswfDnETzDKz,5cee1c3f3355a587056260c20319ad292a9126400b198367b9da6678a1bd2174,17,0.54,3,1539077223703,Entertainment,0.5832,0.54
Ffu78TJDCTzwitYg6,5cee1c3f3355a587056260c20319ad292a9126400b198367b9da6678a1bd2174,18,0.77,3,1539077223703,Entertainment,1.1858,0.595
9mxBjHqvKjPkRmanj,7346c92f47b0f7a33e7ba1a74709ca80a3535b1f22fe39f94f2f7c21ff00c757,1,0.86,3,1539081266607,Sports,0.039200000000000006,0.62
s43RF86ifgDrZ3gBb,7346c92f47b0f7a33e7ba1a74709ca80a3535b1f22fe39f94f2f7c21ff00c757,2,0.86,3,1539081266609,Sports,1.4791999999999998,0.525
WRNnxjvA6y7x5GrSZ,7346c92f47b0f7a33e7ba1a74709ca80a3535b1f22fe39f94f2f7c21ff00c757,3,0.86,3,1539081266610,Sports,1.4791999999999998,0.435
LHo23Tytv2MxBC9Zc,7346c92f47b0f7a33e7ba1a74709ca80a3535b1f22fe39f94f2f7c21ff00c757,4,0.86,3,1539081266611,Sports,0.039200000000000006,0.63
dTrwra243DfaPTfRs,7346c92f47b0f7a33e7ba1a74709ca80a3535b1f22fe39f94f2f7c21ff00c757,5,0.89,3,1539081266612,Sports,1.5842,0.415
gCSj8nZgAcqDeKK3j,7346c92f47b0f7a33e7ba1a74709ca80a3535b1f22fe39f94f2f7c21ff00c757,6,0.96,3,1539081266615,Sports,1.8432,0.52
cfcpZiXSKXSptjmSo,7346c92f47b0f7a33e7ba1a74709ca80a3535b1f22fe39f94f2f7c21ff00c757,7,0.97,3,1539081283060,Politics,1.8818,0.58
J73ta5hfwpd9z6WCg,7346c92f47b0f7a33e7ba1a74709ca80a3535b1f22fe39f94f2f7c21ff00c757,8,0.49,3,1539081283062,Politics,0.5202,0.695
cpqMbZc9BnxDqqjWZ,7346c92f47b0f7a33e7ba1a74709ca80a3535b1f22fe39f94f2f7c21ff00c757,9,0.62,3,1539081283063,Politics,0.7688,0.505
yrewFvqsPxpsTD26c,7346c92f47b0f7a33e7ba1a74709ca80a3535b1f22fe39f94f2f7c21ff00c757,10,0.81,3,1539081283063,Politics,1.3122000000000003,0.325
u5sXJoc7FJxcusEML,7346c92f47b0f7a33e7ba1a74709ca80a3535b1f22fe39f94f2f7c21ff00c757,11,0.83,3,1539081283064,Politics,1.3778,0.43
hm4q68gnpWtiRiTQW,7346c92f47b0f7a33e7ba1a74709ca80a3535b1f22fe39f94f2f7c21ff00c757,12,0.75,3,1539081283065,Politics,1.125,0.42
icoFt4iF2NrrHEGDm,7346c92f47b0f7a33e7ba1a74709ca80a3535b1f22fe39f94f2f7c21ff00c757,13,0.94,3,1539081295346,Entertainment,1.7671999999999999,0.55
WCgh7i2jEnqvQQNsg,7346c92f47b0f7a33e7ba1a74709ca80a3535b1f22fe39f94f2f7c21ff00c757,14,0.97,3,1539081295346,Entertainment,0.0018000000000000032,0.62
AjStefhue4KbxHkXY,7346c92f47b0f7a33e7ba1a74709ca80a3535b1f22fe39f94f2f7c21ff00c757,15,0.86,3,1539081295349,Entertainment,1.4791999999999998,0.495
8PzzQZtiaa3JDNF42,7346c92f47b0f7a33e7ba1a74709ca80a3535b1f22fe39f94f2f7c21ff00c757,16,1,3,1539081295349,Entertainment,0,0.54
mj3EH3t4nWQMWT6yu,7346c92f47b0f7a33e7ba1a74709ca80a3535b1f22fe39f94f2f7c21ff00c757,17,0.72,3,1539081295349,Entertainment,1.0368,0.525
Z2kkD384x7SqxP4Y4,7346c92f47b0f7a33e7ba1a74709ca80a3535b1f22fe39f94f2f7c21ff00c757,18,0.93,3,1539081295350,Entertainment,1.7298000000000002,0.465
xv6xzejQhq3AYgJLD,c6b2a7866f7091bb4ec242e90c440befec3f4c777d7852227c6c5a215a7ea1b2,1,0.8,3,1539082263233,Sports,0.07999999999999996,0.595
smDETSZofCKmwiQSq,c6b2a7866f7091bb4ec242e90c440befec3f4c777d7852227c6c5a215a7ea1b2,2,0.8,3,1539082263234,Sports,1.2800000000000002,0.57
hrqLJXSMySu9jPpoX,c6b2a7866f7091bb4ec242e90c440befec3f4c777d7852227c6c5a215a7ea1b2,3,0.8,3,1539082263234,Sports,1.2800000000000002,0.505
cCePmqweucjLWhMmy,c6b2a7866f7091bb4ec242e90c440befec3f4c777d7852227c6c5a215a7ea1b2,4,0.8,3,1539082263235,Sports,0.07999999999999996,0.615
TBxjZKz3c9wCY2XKL,c6b2a7866f7091bb4ec242e90c440befec3f4c777d7852227c6c5a215a7ea1b2,5,0.8,3,1539082263235,Sports,1.2800000000000002,0.495
jdYpaQtctpoFmktTH,c6b2a7866f7091bb4ec242e90c440befec3f4c777d7852227c6c5a215a7ea1b2,6,0.2,3,1539082263236,Sports,0.08000000000000002,0.465
LB8aLkci9HtGvauiK,c6b2a7866f7091bb4ec242e90c440befec3f4c777d7852227c6c5a215a7ea1b2,7,0.8,3,1539082353746,Politics,1.2800000000000002,0.62
rsrPQR33MKraqN5NX,c6b2a7866f7091bb4ec242e90c440befec3f4c777d7852227c6c5a215a7ea1b2,8,0.8,3,1539082353746,Politics,0.07999999999999996,0.535
9sMMEo3rikQtFbrg8,c6b2a7866f7091bb4ec242e90c440befec3f4c777d7852227c6c5a215a7ea1b2,9,0.2,3,1539082353748,Politics,0.08000000000000002,0.435
WqvHAR4395XXvP3kG,c6b2a7866f7091bb4ec242e90c440befec3f4c777d7852227c6c5a215a7ea1b2,10,0.2,3,1539082353748,Politics,0.08000000000000002,0.465
N77rqEw8pj2gNnM6s,c6b2a7866f7091bb4ec242e90c440befec3f4c777d7852227c6c5a215a7ea1b2,11,0.2,3,1539082353748,Politics,0.08000000000000002,0.465
JH6BixhwHW4QyAg9F,c6b2a7866f7091bb4ec242e90c440befec3f4c777d7852227c6c5a215a7ea1b2,12,0.2,3,1539082353748,Politics,0.08000000000000002,0.43
tqpn8hLub9xbihXSS,c6b2a7866f7091bb4ec242e90c440befec3f4c777d7852227c6c5a215a7ea1b2,13,0.8,3,1539082359953,Entertainment,1.2800000000000002,0.495
DCYLvTp5h4b67p6H8,c6b2a7866f7091bb4ec242e90c440befec3f4c777d7852227c6c5a215a7ea1b2,14,0.8,3,1539082359954,Entertainment,0.07999999999999996,0.615
7cMJXSxe2F9ZMLgeR,c6b2a7866f7091bb4ec242e90c440befec3f4c777d7852227c6c5a215a7ea1b2,15,0.8,3,1539082359955,Entertainment,1.2800000000000002,0.57
zTkepkzGCXaevoLYt,c6b2a7866f7091bb4ec242e90c440befec3f4c777d7852227c6c5a215a7ea1b2,16,0.2,3,1539082359956,Entertainment,1.2800000000000002,0.43
eizkWvyvYDzfKt5Ng,c6b2a7866f7091bb4ec242e90c440befec3f4c777d7852227c6c5a215a7ea1b2,17,0.8,3,1539082359957,Entertainment,1.2800000000000002,0.495
ccFfge5MxSz7XhAvB,c6b2a7866f7091bb4ec242e90c440befec3f4c777d7852227c6c5a215a7ea1b2,18,0.8,3,1539082359958,Entertainment,1.2800000000000002,0.415
R6JJDxMz8J4MKtpm7,659a6d02a93ec1f6a3bad78fc08c2535843a5a18fe8900d3a9c82f701f735602,1,0.56,3,1539083211101,Sports,0.38719999999999993,0.675
ZqQjsk9rn5M2yLcdB,659a6d02a93ec1f6a3bad78fc08c2535843a5a18fe8900d3a9c82f701f735602,2,0.06,3,1539083211105,Sports,0.0072,0.225
7ApF5qBsGtBvvRu6T,659a6d02a93ec1f6a3bad78fc08c2535843a5a18fe8900d3a9c82f701f735602,3,0.08,3,1539083211106,Sports,0.0128,0.33
ibMoovG3egqNQP4uu,659a6d02a93ec1f6a3bad78fc08c2535843a5a18fe8900d3a9c82f701f735602,4,0.54,3,1539083211106,Sports,0.4231999999999999,0.65
MzQogjJF6pnJBNqdr,659a6d02a93ec1f6a3bad78fc08c2535843a5a18fe8900d3a9c82f701f735602,5,0.73,3,1539083211106,Sports,1.0657999999999999,0.485
3dEyq7ABHWC6XctDz,659a6d02a93ec1f6a3bad78fc08c2535843a5a18fe8900d3a9c82f701f735602,6,0.26,3,1539083211106,Sports,0.13520000000000001,0.43
cPQ8YogGBYnFu4oRY,659a6d02a93ec1f6a3bad78fc08c2535843a5a18fe8900d3a9c82f701f735602,7,0.46,3,1539083253610,Politics,0.4232,0.705
MHcWF6kPqbnAGsniT,659a6d02a93ec1f6a3bad78fc08c2535843a5a18fe8900d3a9c82f701f735602,8,0.58,3,1539083253611,Politics,0.35280000000000006,0.67
ojvRvRkXcpoG5yQfn,659a6d02a93ec1f6a3bad78fc08c2535843a5a18fe8900d3a9c82f701f735602,9,0.7,3,1539083253613,Politics,0.9799999999999999,0.51
ccFAfrijxTZCCmJpm,659a6d02a93ec1f6a3bad78fc08c2535843a5a18fe8900d3a9c82f701f735602,10,0.93,3,1539083253617,Politics,1.7298000000000002,0.345
ZmPxPoGnHjg95RJJL,659a6d02a93ec1f6a3bad78fc08c2535843a5a18fe8900d3a9c82f701f735602,11,0.03,3,1539083253617,Politics,0.0018,0.44
AitfwmCkpMZF9wyxw,659a6d02a93ec1f6a3bad78fc08c2535843a5a18fe8900d3a9c82f701f735602,12,0.24,3,1539083253617,Politics,0.1152,0.345
CkAibaiwZ2RjTenRE,659a6d02a93ec1f6a3bad78fc08c2535843a5a18fe8900d3a9c82f701f735602,13,0.26,3,1539083293501,Entertainment,0.13520000000000001,0.405
wfPAitur3MdouqyQX,659a6d02a93ec1f6a3bad78fc08c2535843a5a18fe8900d3a9c82f701f735602,14,0.68,3,1539083293503,Entertainment,0.20479999999999993,0.605
6ZSfahfjnaSpDwqMQ,659a6d02a93ec1f6a3bad78fc08c2535843a5a18fe8900d3a9c82f701f735602,15,0.97,3,1539083293504,Entertainment,1.8818,0.54
LWw33f6oN6oRedKTA,659a6d02a93ec1f6a3bad78fc08c2535843a5a18fe8900d3a9c82f701f735602,16,0.53,3,1539083293508,Entertainment,0.44179999999999997,0.62
7R79u2CRYwfHnki4n,659a6d02a93ec1f6a3bad78fc08c2535843a5a18fe8900d3a9c82f701f735602,17,0.87,3,1539083293509,Entertainment,1.5138,0.595
NRu63BcKhoyT5y7FJ,659a6d02a93ec1f6a3bad78fc08c2535843a5a18fe8900d3a9c82f701f735602,18,0.48,3,1539083293510,Entertainment,0.4608,0.625
iq26PQ6Tme2hkWcsJ,22c746506a049ef39d27d3d7c9b529c699bf24bb96195a97b6d8b7e5367af941,1,0.32,3,1539083314591,Sports,0.9247999999999998,0.59
4RJpRzNiqviJ6SRfS,22c746506a049ef39d27d3d7c9b529c699bf24bb96195a97b6d8b7e5367af941,2,0.69,3,1539083314592,Sports,0.9521999999999998,0.475
2Ztds5AzsrqPjLYqc,22c746506a049ef39d27d3d7c9b529c699bf24bb96195a97b6d8b7e5367af941,3,0.85,3,1539083314592,Sports,1.4449999999999998,0.435
iQcye4Mf3nDZQbSHc,22c746506a049ef39d27d3d7c9b529c699bf24bb96195a97b6d8b7e5367af941,4,0.39,3,1539083314592,Sports,0.7442,0.595
FdPN2A7QG5uSDnREi,22c746506a049ef39d27d3d7c9b529c699bf24bb96195a97b6d8b7e5367af941,5,0.37,3,1539083314593,Sports,0.2738,0.555
KZH6yEPByWHcC2Xzg,22c746506a049ef39d27d3d7c9b529c699bf24bb96195a97b6d8b7e5367af941,6,0.6,3,1539083314593,Sports,0.72,0.54
GFR26duMbYqwaWDND,22c746506a049ef39d27d3d7c9b529c699bf24bb96195a97b6d8b7e5367af941,7,0.39,3,1539083337054,Politics,0.3042,0.625
st7QSbCxXqzgLeJ8E,22c746506a049ef39d27d3d7c9b529c699bf24bb96195a97b6d8b7e5367af941,8,0.44,3,1539083337054,Politics,0.6272000000000001,0.565
B83Eo7R8heczhv9dd,22c746506a049ef39d27d3d7c9b529c699bf24bb96195a97b6d8b7e5367af941,9,0.55,3,1539083337054,Politics,0.6050000000000001,0.575
8C7mEAdCnWkjyrwgQ,22c746506a049ef39d27d3d7c9b529c699bf24bb96195a97b6d8b7e5367af941,10,0.43,3,1539083337054,Politics,0.36979999999999996,0.345
ysGaF2qP4F5cQXae9,22c746506a049ef39d27d3d7c9b529c699bf24bb96195a97b6d8b7e5367af941,11,0.22,3,1539083337055,Politics,0.0968,0.36
sgdvwnkFpSED7AaMZ,22c746506a049ef39d27d3d7c9b529c699bf24bb96195a97b6d8b7e5367af941,12,0.11,3,1539083337055,Politics,0.0242,0.465
dqBmpNoRsvKkoKLNP,22c746506a049ef39d27d3d7c9b529c699bf24bb96195a97b6d8b7e5367af941,13,0.37,3,1539083357038,Entertainment,0.2738,0.56
wT9QgxBJe9aRazd8z,22c746506a049ef39d27d3d7c9b529c699bf24bb96195a97b6d8b7e5367af941,14,0.23,3,1539083357038,Entertainment,1.1858,0.325
6m8QXEHYfv2CgQjAN,22c746506a049ef39d27d3d7c9b529c699bf24bb96195a97b6d8b7e5367af941,15,0.8,3,1539083357039,Entertainment,1.2800000000000002,0.465
KC3YFqoarDgSRszfT,22c746506a049ef39d27d3d7c9b529c699bf24bb96195a97b6d8b7e5367af941,16,0.5,3,1539083357039,Entertainment,0.5,0.545
KyAF8kNwTBKRm5Twg,22c746506a049ef39d27d3d7c9b529c699bf24bb96195a97b6d8b7e5367af941,17,0.32,3,1539083357039,Entertainment,0.2048,0.595
tbCAt9tZGmgYQ9mq3,22c746506a049ef39d27d3d7c9b529c699bf24bb96195a97b6d8b7e5367af941,18,0.37,3,1539083357039,Entertainment,0.2738,0.61
2TiropL4Gcf73PDxv,4190713257cccc853c3ab58d0a49689349a16559ccf1c663a37164823b5f3872,1,0,3,1539085236663,Sports,2,0.325
5ahAJsZFgNS3C8wed,4190713257cccc853c3ab58d0a49689349a16559ccf1c663a37164823b5f3872,2,0.4,3,1539085236663,Sports,0.32000000000000006,0.67
Ssy5t7RWijFz6kMAJ,4190713257cccc853c3ab58d0a49689349a16559ccf1c663a37164823b5f3872,3,0,3,1539085236664,Sports,0,0.38
nYFcKhmKZrSHjD5KW,4190713257cccc853c3ab58d0a49689349a16559ccf1c663a37164823b5f3872,4,1,3,1539085236664,Sports,0,0.705
xQsEcJ9g2A6vnamSL,4190713257cccc853c3ab58d0a49689349a16559ccf1c663a37164823b5f3872,5,0,3,1539085236665,Sports,0,0.345
tishxvjzfAWSChxQ7,4190713257cccc853c3ab58d0a49689349a16559ccf1c663a37164823b5f3872,6,0.4,3,1539085236665,Sports,0.32000000000000006,0.69
mnkqBSypMt7rGDwiM,4190713257cccc853c3ab58d0a49689349a16559ccf1c663a37164823b5f3872,7,1,3,1539085241863,Politics,2,0.67
3ReabfgrmYfQh87sN,4190713257cccc853c3ab58d0a49689349a16559ccf1c663a37164823b5f3872,8,1,3,1539085241863,Politics,0,0.66
ZvHRyCWNY5Atj589j,4190713257cccc853c3ab58d0a49689349a16559ccf1c663a37164823b5f3872,9,1,3,1539085241864,Politics,2,0.575
n4wktW5ZD2wHtYAhf,4190713257cccc853c3ab58d0a49689349a16559ccf1c663a37164823b5f3872,10,0,3,1539085241865,Politics,0,0.48
xmkZtQECSGLWhPyQq,4190713257cccc853c3ab58d0a49689349a16559ccf1c663a37164823b5f3872,11,0,3,1539085241865,Politics,0,0.44
PufYtjj9huN48D4Si,4190713257cccc853c3ab58d0a49689349a16559ccf1c663a37164823b5f3872,12,0,3,1539085241865,Politics,0,0.525
ugjwn6kxsf6JwPZAZ,4190713257cccc853c3ab58d0a49689349a16559ccf1c663a37164823b5f3872,13,0.4,3,1539085254953,Entertainment,0.32000000000000006,0.645
Z5CTws9qyyDcbeWW7,4190713257cccc853c3ab58d0a49689349a16559ccf1c663a37164823b5f3872,14,1,3,1539085254953,Entertainment,0,0.75
Ppbvm95mMR54Hcwoa,4190713257cccc853c3ab58d0a49689349a16559ccf1c663a37164823b5f3872,15,0.6,3,1539085254953,Entertainment,0.72,0.585
xRncnwMsRrDhJkS9S,4190713257cccc853c3ab58d0a49689349a16559ccf1c663a37164823b5f3872,16,1,3,1539085254954,Entertainment,0,0.605
ju5ZAZtkjhK2P2FMT,4190713257cccc853c3ab58d0a49689349a16559ccf1c663a37164823b5f3872,17,0,3,1539085254954,Entertainment,0,0.32
zG8mQmuWpP6PYSv4Z,4190713257cccc853c3ab58d0a49689349a16559ccf1c663a37164823b5f3872,18,0,3,1539085254954,Entertainment,0,0.35
LnDgKK6yocMLGwTj8,9003a6ebfcb8000e20cfbe3d3b734e6ecf6390fbe4da4be742196e49d066f148,1,0.85,3,1539086602652,Sports,0.04500000000000001,0.65
nHeG9xkrwkhCcGdLZ,9003a6ebfcb8000e20cfbe3d3b734e6ecf6390fbe4da4be742196e49d066f148,2,0.93,3,1539086602654,Sports,1.7298000000000002,0.68
zxhCYZkXqygbL6w4z,9003a6ebfcb8000e20cfbe3d3b734e6ecf6390fbe4da4be742196e49d066f148,3,0.75,3,1539086602655,Sports,1.125,0.6
LdNiC8vSP34Fx8Bvy,9003a6ebfcb8000e20cfbe3d3b734e6ecf6390fbe4da4be742196e49d066f148,4,0.75,3,1539086602656,Sports,0.125,0.71
GBd6F4MefNLcQyZHv,9003a6ebfcb8000e20cfbe3d3b734e6ecf6390fbe4da4be742196e49d066f148,5,0.15,3,1539086602657,Sports,0.045,0.515
c6gk2SPdkQ5FzHFuv,9003a6ebfcb8000e20cfbe3d3b734e6ecf6390fbe4da4be742196e49d066f148,6,0.1,3,1539086602657,Sports,0.020000000000000004,0.445
voD4D5WPSQp4e5vXd,9003a6ebfcb8000e20cfbe3d3b734e6ecf6390fbe4da4be742196e49d066f148,7,1,3,1539086686968,Politics,2,0.75
a39Kpzwjq4NNbY7vN,9003a6ebfcb8000e20cfbe3d3b734e6ecf6390fbe4da4be742196e49d066f148,8,0.94,3,1539086686969,Politics,0.007200000000000013,0.69
vBxZpSwGwSSQADKsG,9003a6ebfcb8000e20cfbe3d3b734e6ecf6390fbe4da4be742196e49d066f148,9,0.4,3,1539086686971,Politics,0.32000000000000006,0.655
jqZbhbju46uWQt4TT,9003a6ebfcb8000e20cfbe3d3b734e6ecf6390fbe4da4be742196e49d066f148,10,0,3,1539086686972,Politics,0,0.465
42aDawgDWd66Gsjvu,9003a6ebfcb8000e20cfbe3d3b734e6ecf6390fbe4da4be742196e49d066f148,11,0,3,1539086686972,Politics,0,0.45
ddS4d23Q7muS3M5Xy,9003a6ebfcb8000e20cfbe3d3b734e6ecf6390fbe4da4be742196e49d066f148,12,0,3,1539086686973,Politics,0,0.505
HGCTHmeLD3c6DKrpu,9003a6ebfcb8000e20cfbe3d3b734e6ecf6390fbe4da4be742196e49d066f148,13,0,3,1539086817973,Entertainment,0,0.38
zgpzTJ3FYcguwiKki,9003a6ebfcb8000e20cfbe3d3b734e6ecf6390fbe4da4be742196e49d066f148,14,1,3,1539086817973,Entertainment,0,0.665
BFgNt839v7vHYsEec,9003a6ebfcb8000e20cfbe3d3b734e6ecf6390fbe4da4be742196e49d066f148,15,0,3,1539086817974,Entertainment,0,0.335
6TPg2stW3bbeYwoMN,9003a6ebfcb8000e20cfbe3d3b734e6ecf6390fbe4da4be742196e49d066f148,16,0.19,3,1539086817975,Entertainment,1.3122000000000003,0.47
b5pHujPWZH6NLrN2y,9003a6ebfcb8000e20cfbe3d3b734e6ecf6390fbe4da4be742196e49d066f148,17,0,3,1539086817977,Entertainment,0,0.375
TJd99ijBbShsHP5Ea,9003a6ebfcb8000e20cfbe3d3b734e6ecf6390fbe4da4be742196e49d066f148,18,0.08,3,1539086817977,Entertainment,0.0128,0.365
uurkhk6bKAexwZPm6,521fd8932679145e7c1bf53bffa8573835a41c6b19a1c8ab34fa356605a27a34,1,0.1,3,1539087336002,Sports,1.62,0.41
9P36MkGj4jA2owm88,521fd8932679145e7c1bf53bffa8573835a41c6b19a1c8ab34fa356605a27a34,2,0.15,3,1539087336003,Sports,0.045,0.395
N8hnTPtzPTYzavNKK,521fd8932679145e7c1bf53bffa8573835a41c6b19a1c8ab34fa356605a27a34,3,0.03,3,1539087336003,Sports,0.0018,0.45
2xQeGWyuD5LNjqfPu,521fd8932679145e7c1bf53bffa8573835a41c6b19a1c8ab34fa356605a27a34,4,0.35,3,1539087336003,Sports,0.8450000000000001,0.75
rNqfyKsJcYhhPDHpT,521fd8932679145e7c1bf53bffa8573835a41c6b19a1c8ab34fa356605a27a34,5,0.2,3,1539087336004,Sports,0.08000000000000002,0.57
fyvTy4WP4w4ggFbYQ,521fd8932679145e7c1bf53bffa8573835a41c6b19a1c8ab34fa356605a27a34,6,0.25,3,1539087336005,Sports,0.125,0.455
FE9yifQtugHnQgmZ7,521fd8932679145e7c1bf53bffa8573835a41c6b19a1c8ab34fa356605a27a34,7,0.05,3,1539087375617,Politics,0.005000000000000001,0.33
pZAmqHtg36HBC8x5p,521fd8932679145e7c1bf53bffa8573835a41c6b19a1c8ab34fa356605a27a34,8,0.07,3,1539087375617,Politics,1.7297999999999998,0.265
sddq2snN6w878AuJ7,521fd8932679145e7c1bf53bffa8573835a41c6b19a1c8ab34fa356605a27a34,9,0.01,3,1539087375618,Politics,2e-4,0.29
wDeC9dysdtsrWsoF5,521fd8932679145e7c1bf53bffa8573835a41c6b19a1c8ab34fa356605a27a34,10,0.3,3,1539087375619,Politics,0.18,0.6
CBxguQYKcND2eb43d,521fd8932679145e7c1bf53bffa8573835a41c6b19a1c8ab34fa356605a27a34,11,0.13,3,1539087375619,Politics,0.033800000000000004,0.55
cn7EnoNK6WQKMp5yC,521fd8932679145e7c1bf53bffa8573835a41c6b19a1c8ab34fa356605a27a34,12,0.3,3,1539087375619,Politics,0.18,0.635
KjpdQKh2LQXAuBhjn,521fd8932679145e7c1bf53bffa8573835a41c6b19a1c8ab34fa356605a27a34,13,0.35,3,1539087401850,Entertainment,0.24499999999999997,0.705
QRRe3oxFkPBsX7azR,521fd8932679145e7c1bf53bffa8573835a41c6b19a1c8ab34fa356605a27a34,14,0.15,3,1539087401850,Entertainment,1.4449999999999998,0.3
dLyW44jajuWv53L7g,521fd8932679145e7c1bf53bffa8573835a41c6b19a1c8ab34fa356605a27a34,15,0.15,3,1539087401852,Entertainment,0.045,0.465
fkvY7Huk5JH3FpFQP,521fd8932679145e7c1bf53bffa8573835a41c6b19a1c8ab34fa356605a27a34,16,0.2,3,1539087401852,Entertainment,1.2800000000000002,0.495
tZrZKvfHxRXzWbach,521fd8932679145e7c1bf53bffa8573835a41c6b19a1c8ab34fa356605a27a34,17,0.4,3,1539087401853,Entertainment,0.32000000000000006,0.66
b7gew6MWqEiRSJuEd,521fd8932679145e7c1bf53bffa8573835a41c6b19a1c8ab34fa356605a27a34,18,0.3,3,1539087401854,Entertainment,0.18,0.735
FehYPwGpY4xcc826N,8b24cbb9d641584f60a3fd965db2239fbcb215e4f1fb9083972e9b4f4a3cd946,1,0.5,3,1539096966167,Sports,0.5,0.735
NdbNi6v2SuR4Q8MW3,8b24cbb9d641584f60a3fd965db2239fbcb215e4f1fb9083972e9b4f4a3cd946,2,0,3,1539096966170,Sports,0,0.28
jZHuD8Kj6GSMvEsvy,8b24cbb9d641584f60a3fd965db2239fbcb215e4f1fb9083972e9b4f4a3cd946,3,0,3,1539096966170,Sports,0,0.45
qxRX6Y8CNZuHHJcBg,8b24cbb9d641584f60a3fd965db2239fbcb215e4f1fb9083972e9b4f4a3cd946,4,0,3,1539096966171,Sports,2,0.285
sJebC3PB6M7ciMEoy,8b24cbb9d641584f60a3fd965db2239fbcb215e4f1fb9083972e9b4f4a3cd946,5,1,3,1539096966171,Sports,2,0.585
DZ4pMb69mxnTbEh9e,8b24cbb9d641584f60a3fd965db2239fbcb215e4f1fb9083972e9b4f4a3cd946,6,0.5,3,1539096966173,Sports,0.5,0.715
5ewagzTGSEoDz7unu,8b24cbb9d641584f60a3fd965db2239fbcb215e4f1fb9083972e9b4f4a3cd946,7,1,3,1539096976150,Politics,2,0.695
3Tw8RgempH47kANYe,8b24cbb9d641584f60a3fd965db2239fbcb215e4f1fb9083972e9b4f4a3cd946,8,0.52,3,1539096976151,Politics,0.4608,0.755
wB5DzX5TveNXz3Qc3,8b24cbb9d641584f60a3fd965db2239fbcb215e4f1fb9083972e9b4f4a3cd946,9,1,3,1539096976152,Politics,2,0.61
jdmGLWRLuZBLGBTfD,8b24cbb9d641584f60a3fd965db2239fbcb215e4f1fb9083972e9b4f4a3cd946,10,0,3,1539096976153,Politics,0,0.455
5zcsd3j7kMgfHgWzt,8b24cbb9d641584f60a3fd965db2239fbcb215e4f1fb9083972e9b4f4a3cd946,11,0,3,1539096976154,Politics,0,0.435
zoMRw6aN8ZNksNYk7,8b24cbb9d641584f60a3fd965db2239fbcb215e4f1fb9083972e9b4f4a3cd946,12,0,3,1539096976154,Politics,0,0.55
pAQtMHZLQfQZCw6mw,8b24cbb9d641584f60a3fd965db2239fbcb215e4f1fb9083972e9b4f4a3cd946,13,0,3,1539096982175,Entertainment,0,0.345
dydvHdJv2muHzAiCd,8b24cbb9d641584f60a3fd965db2239fbcb215e4f1fb9083972e9b4f4a3cd946,14,0.94,3,1539096982175,Entertainment,0.007200000000000013,0.735
QGFZXdco8G43hkFSD,8b24cbb9d641584f60a3fd965db2239fbcb215e4f1fb9083972e9b4f4a3cd946,15,0,3,1539096982175,Entertainment,0,0.34
3kcNAxPKkZyhzqGN2,8b24cbb9d641584f60a3fd965db2239fbcb215e4f1fb9083972e9b4f4a3cd946,16,0.7,3,1539096982177,Entertainment,0.18000000000000005,0.585
C7SzbZxuX8GcHoaGj,8b24cbb9d641584f60a3fd965db2239fbcb215e4f1fb9083972e9b4f4a3cd946,17,0,3,1539096982177,Entertainment,0,0.41
Dpj7BiuXQFnyz3brS,8b24cbb9d641584f60a3fd965db2239fbcb215e4f1fb9083972e9b4f4a3cd946,18,0,3,1539096982178,Entertainment,0,0.33
D5KEnojgwFN6huxNb,e7e79db1ef1d3802fdca48e74e8942884864f9a65656a6b78aa728328d50fc86,1,0,3,1539100546789,Sports,2,0.37
sstteyX7FQKMTtWnQ,e7e79db1ef1d3802fdca48e74e8942884864f9a65656a6b78aa728328d50fc86,2,0.79,3,1539100546790,Sports,1.2482000000000002,0.67
aXhTLBXobzchzwJDM,e7e79db1ef1d3802fdca48e74e8942884864f9a65656a6b78aa728328d50fc86,3,0,3,1539100546791,Sports,0,0.455
6TsEJFAfiMmbr5Tjt,e7e79db1ef1d3802fdca48e74e8942884864f9a65656a6b78aa728328d50fc86,4,0.7,3,1539100546791,Sports,0.18000000000000005,0.74
fwrtvb3vhCYPoD7m6,e7e79db1ef1d3802fdca48e74e8942884864f9a65656a6b78aa728328d50fc86,5,0.11,3,1539100546792,Sports,0.0242,0.575
uu4pSDRt7FczjJ3mh,e7e79db1ef1d3802fdca48e74e8942884864f9a65656a6b78aa728328d50fc86,6,0.25,3,1539100546793,Sports,0.125,0.53
bfPFpXsWC4LhcnphC,e7e79db1ef1d3802fdca48e74e8942884864f9a65656a6b78aa728328d50fc86,7,0.09,3,1539100813607,Politics,0.0162,0.28
8pTAjycDv2KfGYTbw,e7e79db1ef1d3802fdca48e74e8942884864f9a65656a6b78aa728328d50fc86,8,1,3,1539100813608,Politics,0,0.685
mugnRHyiwtdoBSqTj,e7e79db1ef1d3802fdca48e74e8942884864f9a65656a6b78aa728328d50fc86,9,0,3,1539100813609,Politics,0,0.38
wJJhDHpXaxnjxBDmH,e7e79db1ef1d3802fdca48e74e8942884864f9a65656a6b78aa728328d50fc86,10,0.3,3,1539100813609,Politics,0.18,0.565
n5aRW8YxmTrt2e3MW,e7e79db1ef1d3802fdca48e74e8942884864f9a65656a6b78aa728328d50fc86,11,0.5,3,1539100813611,Politics,0.5,0.64
yycqJkkbazFWgoguq,e7e79db1ef1d3802fdca48e74e8942884864f9a65656a6b78aa728328d50fc86,12,0.09,3,1539100813611,Politics,0.0162,0.545
2uomDjm3KZCNKYkGg,e7e79db1ef1d3802fdca48e74e8942884864f9a65656a6b78aa728328d50fc86,13,0,3,1539101166157,Entertainment,0,0.38
tFY7FmpaB256dN8eM,e7e79db1ef1d3802fdca48e74e8942884864f9a65656a6b78aa728328d50fc86,14,0,3,1539101166158,Entertainment,2,0.345
dJnwhCRYPsFSorxuM,e7e79db1ef1d3802fdca48e74e8942884864f9a65656a6b78aa728328d50fc86,15,0.33,3,1539101166159,Entertainment,0.21780000000000002,0.725
853NYFTNH8qacWop6,e7e79db1ef1d3802fdca48e74e8942884864f9a65656a6b78aa728328d50fc86,16,0,3,1539101166160,Entertainment,2,0.285
Lv3xSr9xRivwSJ8Bk,e7e79db1ef1d3802fdca48e74e8942884864f9a65656a6b78aa728328d50fc86,17,0.21,3,1539101166161,Entertainment,0.08819999999999999,0.485
uiQBuKxC53Kwj7Cpv,e7e79db1ef1d3802fdca48e74e8942884864f9a65656a6b78aa728328d50fc86,18,0.89,3,1539101166161,Entertainment,1.5842,0.58
9fbqBoHJ9THWygx4j,92381d534951f35a65807e9bd8ce14adf989aa14fd56a2a7d15fa5d961ebc5fe,1,0.94,3,1539101600109,Sports,0.007200000000000013,0.615
ifArxERtKWtY67CBu,92381d534951f35a65807e9bd8ce14adf989aa14fd56a2a7d15fa5d961ebc5fe,2,0.65,3,1539101600111,Sports,0.8450000000000001,0.555
rHmSq5PepFCR4j7dW,92381d534951f35a65807e9bd8ce14adf989aa14fd56a2a7d15fa5d961ebc5fe,3,0.96,3,1539101600111,Sports,1.8432,0.5
LiAEjDeZKCJLt9dqE,92381d534951f35a65807e9bd8ce14adf989aa14fd56a2a7d15fa5d961ebc5fe,4,0.18,3,1539101600113,Sports,1.3448000000000002,0.265
SJ6burxSe3kbZ7SXz,92381d534951f35a65807e9bd8ce14adf989aa14fd56a2a7d15fa5d961ebc5fe,5,0.85,3,1539101600114,Sports,1.4449999999999998,0.53
MzT55etaoqyRco69P,92381d534951f35a65807e9bd8ce14adf989aa14fd56a2a7d15fa5d961ebc5fe,6,0.72,3,1539101600115,Sports,1.0368,0.61
BXpwMjDWYpEsa8Wgg,92381d534951f35a65807e9bd8ce14adf989aa14fd56a2a7d15fa5d961ebc5fe,7,0.9,3,1539101625571,Politics,1.62,0.66
xP2mcLLwkjnSGZPCE,92381d534951f35a65807e9bd8ce14adf989aa14fd56a2a7d15fa5d961ebc5fe,8,0.24,3,1539101625571,Politics,1.1552,0.435
xakH8QRaaabsMAvhC,92381d534951f35a65807e9bd8ce14adf989aa14fd56a2a7d15fa5d961ebc5fe,9,0.81,3,1539101625572,Politics,1.3122000000000003,0.54
4BGqhfKvDBmAf5Zv7,92381d534951f35a65807e9bd8ce14adf989aa14fd56a2a7d15fa5d961ebc5fe,10,0.23,3,1539101625572,Politics,0.1058,0.39
rZhyopkcwkbeQXEZq,92381d534951f35a65807e9bd8ce14adf989aa14fd56a2a7d15fa5d961ebc5fe,11,0.21,3,1539101625573,Politics,0.08819999999999999,0.445
6C2owCvFx9kHYmgG8,92381d534951f35a65807e9bd8ce14adf989aa14fd56a2a7d15fa5d961ebc5fe,12,0.17,3,1539101625573,Politics,0.05780000000000001,0.51
tNpKQZn6ahK8KCsYD,92381d534951f35a65807e9bd8ce14adf989aa14fd56a2a7d15fa5d961ebc5fe,13,0.69,3,1539101660593,Entertainment,0.9521999999999998,0.56
cnMsyTkLwDcFzMprh,92381d534951f35a65807e9bd8ce14adf989aa14fd56a2a7d15fa5d961ebc5fe,14,0.71,3,1539101660594,Entertainment,0.16820000000000004,0.615
9JBp76FbCD5zr6kkQ,92381d534951f35a65807e9bd8ce14adf989aa14fd56a2a7d15fa5d961ebc5fe,15,0.36,3,1539101660595,Entertainment,0.2592,0.665
vaXT3Kt73sL5T4qvh,92381d534951f35a65807e9bd8ce14adf989aa14fd56a2a7d15fa5d961ebc5fe,16,0.68,3,1539101660596,Entertainment,0.20479999999999993,0.59
TZKd4TWjut8Au4RbA,92381d534951f35a65807e9bd8ce14adf989aa14fd56a2a7d15fa5d961ebc5fe,17,0.24,3,1539101660597,Entertainment,0.1152,0.415
YsoKvBkMkNRoTyrfi,92381d534951f35a65807e9bd8ce14adf989aa14fd56a2a7d15fa5d961ebc5fe,18,0.24,3,1539101660597,Entertainment,0.1152,0.54
T2fPbf44bB8j4qoqy,666fabd78c630591fd0d49fa70242e89d44d3d5c9d81b7cd57f6eee82f6f713b,1,0,3,1539103612371,Sports,2,0.28
2PzN9sWLv2aNuAtET,666fabd78c630591fd0d49fa70242e89d44d3d5c9d81b7cd57f6eee82f6f713b,2,0.7,3,1539103612372,Sports,0.9799999999999999,0.675
Fw8e2azxt6ABrnyXo,666fabd78c630591fd0d49fa70242e89d44d3d5c9d81b7cd57f6eee82f6f713b,3,0.5,3,1539103612373,Sports,0.5,0.68
atRazA7rpsjWpYKaP,666fabd78c630591fd0d49fa70242e89d44d3d5c9d81b7cd57f6eee82f6f713b,4,0.75,3,1539103612373,Sports,0.125,0.735
qEvXSsg4AvKE6k96P,666fabd78c630591fd0d49fa70242e89d44d3d5c9d81b7cd57f6eee82f6f713b,5,0.15,3,1539103612373,Sports,0.045,0.5
Kuyz8LuGWFpfwduK9,666fabd78c630591fd0d49fa70242e89d44d3d5c9d81b7cd57f6eee82f6f713b,6,0,3,1539103612373,Sports,0,0.345
R4zheaSXpz9HAnzmz,666fabd78c630591fd0d49fa70242e89d44d3d5c9d81b7cd57f6eee82f6f713b,7,1,3,1539103646121,Politics,2,0.705
t4DDu2HeJ4jpKenPg,666fabd78c630591fd0d49fa70242e89d44d3d5c9d81b7cd57f6eee82f6f713b,8,0.75,3,1539103646121,Politics,0.125,0.635
rNqJDAguzASyX4zsb,666fabd78c630591fd0d49fa70242e89d44d3d5c9d81b7cd57f6eee82f6f713b,9,0.2,3,1539103646121,Politics,0.08000000000000002,0.455
Ba5SqHgbQhntk88xL,666fabd78c630591fd0d49fa70242e89d44d3d5c9d81b7cd57f6eee82f6f713b,10,0,3,1539103646121,Politics,0,0.505
P4cZeJWs57BtWzj4p,666fabd78c630591fd0d49fa70242e89d44d3d5c9d81b7cd57f6eee82f6f713b,11,0.5,3,1539103646121,Politics,0.5,0.63
xzCaabmSFQXiRydLv,666fabd78c630591fd0d49fa70242e89d44d3d5c9d81b7cd57f6eee82f6f713b,12,0.1,3,1539103646121,Politics,0.020000000000000004,0.625
SkD9bK7px4d6u5ePP,666fabd78c630591fd0d49fa70242e89d44d3d5c9d81b7cd57f6eee82f6f713b,13,0,3,1539103665664,Entertainment,0,0.29
FbRvqb8pk5hMeqbyL,666fabd78c630591fd0d49fa70242e89d44d3d5c9d81b7cd57f6eee82f6f713b,14,1,3,1539103665664,Entertainment,0,0.685
xeQ3DNL5LhYtTHXR9,666fabd78c630591fd0d49fa70242e89d44d3d5c9d81b7cd57f6eee82f6f713b,15,0.15,3,1539103665665,Entertainment,0.045,0.47
ZzvgwYd2zdXqhfaMS,666fabd78c630591fd0d49fa70242e89d44d3d5c9d81b7cd57f6eee82f6f713b,16,0,3,1539103665665,Entertainment,2,0.37
HLNHoR76oepAicyEZ,666fabd78c630591fd0d49fa70242e89d44d3d5c9d81b7cd57f6eee82f6f713b,17,0,3,1539103665665,Entertainment,0,0.33
aTnkmaGu8DjgzbPmn,666fabd78c630591fd0d49fa70242e89d44d3d5c9d81b7cd57f6eee82f6f713b,18,0.1,3,1539103665665,Entertainment,0.020000000000000004,0.445
L5A3rqmDNmDGAgkqt,201a4e2211b2023f99f718e7ade694d3effe3d3b2c341eeb22ff5b78ca982f3b,1,0.38,3,1539103695057,Sports,0.7688,0.62
xuKGCp95LzTgbBjCJ,201a4e2211b2023f99f718e7ade694d3effe3d3b2c341eeb22ff5b78ca982f3b,2,0.3,3,1539103695058,Sports,0.18,0.59
PfywDapKsQTRejNnR,201a4e2211b2023f99f718e7ade694d3effe3d3b2c341eeb22ff5b78ca982f3b,3,0.8,3,1539103695059,Sports,1.2800000000000002,0.34
7XpkY4fjq6NvtZycT,201a4e2211b2023f99f718e7ade694d3effe3d3b2c341eeb22ff5b78ca982f3b,4,0.6,3,1539103695060,Sports,0.32000000000000006,0.56
73ofjJyAn2dMdzRSN,201a4e2211b2023f99f718e7ade694d3effe3d3b2c341eeb22ff5b78ca982f3b,5,0.3,3,1539103695061,Sports,0.18,0.585
EHKXPrizkpqGXTWQf,201a4e2211b2023f99f718e7ade694d3effe3d3b2c341eeb22ff5b78ca982f3b,6,0.8,3,1539103695061,Sports,1.2800000000000002,0.49
NPwuTZKztPCG6wcHn,201a4e2211b2023f99f718e7ade694d3effe3d3b2c341eeb22ff5b78ca982f3b,7,0.4,3,1539103744580,Politics,0.32000000000000006,0.585
ek3ZAFNswJvhAp9Af,201a4e2211b2023f99f718e7ade694d3effe3d3b2c341eeb22ff5b78ca982f3b,8,0.3,3,1539103744584,Politics,0.9799999999999999,0.62
isvK8CNESrzWbYcP7,201a4e2211b2023f99f718e7ade694d3effe3d3b2c341eeb22ff5b78ca982f3b,9,0.2,3,1539103744585,Politics,0.08000000000000002,0.405
vKuuCj7b5TJAdGXoX,201a4e2211b2023f99f718e7ade694d3effe3d3b2c341eeb22ff5b78ca982f3b,10,0.2,3,1539103744586,Politics,0.08000000000000002,0.32
moc84R6JFdzAJftdK,201a4e2211b2023f99f718e7ade694d3effe3d3b2c341eeb22ff5b78ca982f3b,11,0.6,3,1539103744587,Politics,0.72,0.395
zWjzGPGb8P6joErSq,201a4e2211b2023f99f718e7ade694d3effe3d3b2c341eeb22ff5b78ca982f3b,12,0.5,3,1539103744587,Politics,0.5,0.36
MuWrvnJD5Fw53PsnQ,201a4e2211b2023f99f718e7ade694d3effe3d3b2c341eeb22ff5b78ca982f3b,13,0.9,3,1539103947173,Entertainment,1.62,0.485
Xmpp5CzK7gKsDaksy,201a4e2211b2023f99f718e7ade694d3effe3d3b2c341eeb22ff5b78ca982f3b,14,0.3,3,1539103947181,Entertainment,0.9799999999999999,0.615
Cenb4nKFYYivFTH5g,201a4e2211b2023f99f718e7ade694d3effe3d3b2c341eeb22ff5b78ca982f3b,15,0.4,3,1539103947182,Entertainment,0.32000000000000006,0.58
pyxZBx8Kg82oeYitb,201a4e2211b2023f99f718e7ade694d3effe3d3b2c341eeb22ff5b78ca982f3b,16,0.6,3,1539103947183,Entertainment,0.32000000000000006,0.515
kEWGDqi2ALyT4ZDwA,201a4e2211b2023f99f718e7ade694d3effe3d3b2c341eeb22ff5b78ca982f3b,17,0.4,3,1539103947188,Entertainment,0.32000000000000006,0.515
wCeMTNA5kLd82Mt7w,201a4e2211b2023f99f718e7ade694d3effe3d3b2c341eeb22ff5b78ca982f3b,18,0.4,3,1539103947193,Entertainment,0.32000000000000006,0.545
obM748QBfCSz6bafR,b8a6d9bb278799ed7f72dc101622edea15b117dc650456069ef10aa80ffa0fa0,1,0.51,3,1539106092790,Sports,0.48019999999999996,0.7
oPYWKgx7d24DfcN4u,b8a6d9bb278799ed7f72dc101622edea15b117dc650456069ef10aa80ffa0fa0,2,0.5,3,1539106092791,Sports,0.5,0.62
QwyXE3xcTswRP9f3P,b8a6d9bb278799ed7f72dc101622edea15b117dc650456069ef10aa80ffa0fa0,3,0.06,3,1539106092792,Sports,0.0072,0.325
AEurk9apojPufXrGT,b8a6d9bb278799ed7f72dc101622edea15b117dc650456069ef10aa80ffa0fa0,4,0.51,3,1539106092792,Sports,0.48019999999999996,0.685
9QccKgJypSMGAzcph,b8a6d9bb278799ed7f72dc101622edea15b117dc650456069ef10aa80ffa0fa0,5,0.51,3,1539106092792,Sports,0.5202,0.555
o8f6ratCH5Z6Bt6LR,b8a6d9bb278799ed7f72dc101622edea15b117dc650456069ef10aa80ffa0fa0,6,0.5,3,1539106092792,Sports,0.5,0.645
wadb5BeTQxji7T9NM,b8a6d9bb278799ed7f72dc101622edea15b117dc650456069ef10aa80ffa0fa0,7,0.95,3,1539106252446,Politics,1.805,0.65
FPwCNambFvdJBCNpT,b8a6d9bb278799ed7f72dc101622edea15b117dc650456069ef10aa80ffa0fa0,8,0.98,3,1539106252447,Politics,8.000000000000014e-4,0.575
YrvdufprLRJHGRi5F,b8a6d9bb278799ed7f72dc101622edea15b117dc650456069ef10aa80ffa0fa0,9,0.06,3,1539106252447,Politics,0.0072,0.33
NggrnPnPsmiqxmGMr,b8a6d9bb278799ed7f72dc101622edea15b117dc650456069ef10aa80ffa0fa0,10,0.06,3,1539106252447,Politics,0.0072,0.455
YXeRG2vQoJFKjp28T,b8a6d9bb278799ed7f72dc101622edea15b117dc650456069ef10aa80ffa0fa0,11,0.05,3,1539106252447,Politics,0.005000000000000001,0.35
EbMiWenjaZF7J7qQj,b8a6d9bb278799ed7f72dc101622edea15b117dc650456069ef10aa80ffa0fa0,12,0.08,3,1539106252447,Politics,0.0128,0.485
tGcL8bPzvWocJFpZL,b8a6d9bb278799ed7f72dc101622edea15b117dc650456069ef10aa80ffa0fa0,13,0.75,3,1539106262577,Entertainment,1.125,0.61
Joc2ZjCD7xRubEFcg,b8a6d9bb278799ed7f72dc101622edea15b117dc650456069ef10aa80ffa0fa0,14,1,3,1539106262578,Entertainment,0,0.65
uNBCn7zpGqTi28M6o,b8a6d9bb278799ed7f72dc101622edea15b117dc650456069ef10aa80ffa0fa0,15,0.51,3,1539106262578,Entertainment,0.5202,0.62
abdTWMqaad6m7DMGY,b8a6d9bb278799ed7f72dc101622edea15b117dc650456069ef10aa80ffa0fa0,16,0.51,3,1539106262578,Entertainment,0.48019999999999996,0.61
wfev527TQRJJG2qTb,b8a6d9bb278799ed7f72dc101622edea15b117dc650456069ef10aa80ffa0fa0,17,0.8,3,1539106262578,Entertainment,1.2800000000000002,0.54
JBN6cqbJRmnLfAf7z,b8a6d9bb278799ed7f72dc101622edea15b117dc650456069ef10aa80ffa0fa0,18,0.68,3,1539106262579,Entertainment,0.9248000000000002,0.495
CwA688AY2s56Cm7KB,30c62ce03bb26d79fc9d1188b604a62e9dd07bda1f5ec9e4d771669db8fc8b00,1,0.65,4,1538801280794,Sports,0.24499999999999997,0.58
f49yJFcFNQxrPGsWd,30c62ce03bb26d79fc9d1188b604a62e9dd07bda1f5ec9e4d771669db8fc8b00,2,0.74,4,1538801280794,Sports,1.0952,0.565
e3g3mzw9x9k7Y3XnJ,30c62ce03bb26d79fc9d1188b604a62e9dd07bda1f5ec9e4d771669db8fc8b00,3,1,4,1538801280796,Sports,2,0.43
JNxvLm5E5XW4beyN4,30c62ce03bb26d79fc9d1188b604a62e9dd07bda1f5ec9e4d771669db8fc8b00,4,0.37,4,1538801280796,Sports,0.7938000000000001,0.715
wr5ttWK5xcwFt7Erz,30c62ce03bb26d79fc9d1188b604a62e9dd07bda1f5ec9e4d771669db8fc8b00,5,0.82,4,1538801280797,Sports,1.3447999999999998,0.42
zaJiGgpnaeTc5WwiX,30c62ce03bb26d79fc9d1188b604a62e9dd07bda1f5ec9e4d771669db8fc8b00,6,0.88,4,1538801280797,Sports,1.5488,0.515
deJ24QtXAda8KTKmt,30c62ce03bb26d79fc9d1188b604a62e9dd07bda1f5ec9e4d771669db8fc8b00,7,0.75,4,1538801329025,Politics,1.125,0.595
h8FnvQxmjhBPbo9B5,30c62ce03bb26d79fc9d1188b604a62e9dd07bda1f5ec9e4d771669db8fc8b00,8,0.72,4,1538801329025,Politics,0.15680000000000002,0.52
g5WopYmyxQSxgMDQf,30c62ce03bb26d79fc9d1188b604a62e9dd07bda1f5ec9e4d771669db8fc8b00,9,0.23,4,1538801329026,Politics,0.1058,0.435
rYqxLzDbfX5i327fW,30c62ce03bb26d79fc9d1188b604a62e9dd07bda1f5ec9e4d771669db8fc8b00,10,0.69,4,1538801329027,Politics,0.9521999999999998,0.35
WNTcqfH3m5kzzEPEM,30c62ce03bb26d79fc9d1188b604a62e9dd07bda1f5ec9e4d771669db8fc8b00,11,0.7,4,1538801329028,Politics,0.9799999999999999,0.39
TgFHb5eM5SHsaMNXq,30c62ce03bb26d79fc9d1188b604a62e9dd07bda1f5ec9e4d771669db8fc8b00,12,0.69,4,1538801329028,Politics,0.9521999999999998,0.37
Bg69W6fwYEGZQLKXA,30c62ce03bb26d79fc9d1188b604a62e9dd07bda1f5ec9e4d771669db8fc8b00,13,0.69,4,1538801352064,Entertainment,0.9521999999999998,0.535
JBDMhiFrEg8miTKtE,30c62ce03bb26d79fc9d1188b604a62e9dd07bda1f5ec9e4d771669db8fc8b00,14,0.61,4,1538801352065,Entertainment,0.3042,0.575
zC23qTEFkcTXPD26Z,30c62ce03bb26d79fc9d1188b604a62e9dd07bda1f5ec9e4d771669db8fc8b00,15,0.77,4,1538801352066,Entertainment,1.1858,0.515
6n6heSfDk4AR7jC5o,30c62ce03bb26d79fc9d1188b604a62e9dd07bda1f5ec9e4d771669db8fc8b00,16,0.68,4,1538801352066,Entertainment,0.20479999999999993,0.585
A9rEAzpDqxYwX5fsN,30c62ce03bb26d79fc9d1188b604a62e9dd07bda1f5ec9e4d771669db8fc8b00,17,0.64,4,1538801352066,Entertainment,0.8192,0.55
gYTKJk2K2uKc96MwF,30c62ce03bb26d79fc9d1188b604a62e9dd07bda1f5ec9e4d771669db8fc8b00,18,0.66,4,1538801352067,Entertainment,0.8712000000000001,0.545
hCRbF4BMtqyfdyaPT,1eb1f62d16f670b3cf27df4dd94bb37d73f2f4d2aeb78753f464c32312c94a4a,1,0.64,4,1538801386242,Sports,0.2592,0.57
a75eYphpkkzt4Ct2u,1eb1f62d16f670b3cf27df4dd94bb37d73f2f4d2aeb78753f464c32312c94a4a,2,0.7,4,1538801386244,Sports,0.9799999999999999,0.555
3jZ7dmSLiTpGuDNpz,1eb1f62d16f670b3cf27df4dd94bb37d73f2f4d2aeb78753f464c32312c94a4a,3,0.75,4,1538801386244,Sports,1.125,0.44
jTYEJLC4C2oQpYsw2,1eb1f62d16f670b3cf27df4dd94bb37d73f2f4d2aeb78753f464c32312c94a4a,4,0.58,4,1538801386245,Sports,0.35280000000000006,0.695
JxC23ugDorgyd3dW2,1eb1f62d16f670b3cf27df4dd94bb37d73f2f4d2aeb78753f464c32312c94a4a,5,0.69,4,1538801386245,Sports,0.9521999999999998,0.44
xHGKJKNTTjXmHdxz7,1eb1f62d16f670b3cf27df4dd94bb37d73f2f4d2aeb78753f464c32312c94a4a,6,0.87,4,1538801386246,Sports,1.5138,0.56
xnLRdCXLHrcMDz2LN,1eb1f62d16f670b3cf27df4dd94bb37d73f2f4d2aeb78753f464c32312c94a4a,7,0.69,4,1538801397225,Politics,0.9521999999999998,0.63
j26HZZ3K7f4XXCEBj,1eb1f62d16f670b3cf27df4dd94bb37d73f2f4d2aeb78753f464c32312c94a4a,8,0.78,4,1538801397225,Politics,0.09679999999999998,0.515
KryAsLRPWJMFqzNzi,1eb1f62d16f670b3cf27df4dd94bb37d73f2f4d2aeb78753f464c32312c94a4a,9,0.68,4,1538801397226,Politics,0.9248000000000002,0.465
aKH8CmrafD7vskBCy,1eb1f62d16f670b3cf27df4dd94bb37d73f2f4d2aeb78753f464c32312c94a4a,10,0.69,4,1538801397227,Politics,0.9521999999999998,0.38
k9BHpJDZFscJns7vX,1eb1f62d16f670b3cf27df4dd94bb37d73f2f4d2aeb78753f464c32312c94a4a,11,0.78,4,1538801397227,Politics,1.2168,0.395
gwJmAwYoMhKZ329KS,1eb1f62d16f670b3cf27df4dd94bb37d73f2f4d2aeb78753f464c32312c94a4a,12,0.61,4,1538801397227,Politics,0.7442,0.33
GgXH29BbDg6NuaFRN,1eb1f62d16f670b3cf27df4dd94bb37d73f2f4d2aeb78753f464c32312c94a4a,13,0.85,4,1538801411841,Entertainment,1.4449999999999998,0.475
iFTbWrzC8wZS542N3,1eb1f62d16f670b3cf27df4dd94bb37d73f2f4d2aeb78753f464c32312c94a4a,14,0.64,4,1538801411842,Entertainment,0.2592,0.585
TvPYRTgmWWxwcAEY8,1eb1f62d16f670b3cf27df4dd94bb37d73f2f4d2aeb78753f464c32312c94a4a,15,0.75,4,1538801411842,Entertainment,1.125,0.495
LCG2M9MhLzxmSptu4,1eb1f62d16f670b3cf27df4dd94bb37d73f2f4d2aeb78753f464c32312c94a4a,16,0.7,4,1538801411842,Entertainment,0.18000000000000005,0.52
u2SQjgTfZryC5XBPY,1eb1f62d16f670b3cf27df4dd94bb37d73f2f4d2aeb78753f464c32312c94a4a,17,0.78,4,1538801411843,Entertainment,1.2168,0.51
CNwHuAYNysAPgDgnx,1eb1f62d16f670b3cf27df4dd94bb37d73f2f4d2aeb78753f464c32312c94a4a,18,0.71,4,1538801411844,Entertainment,1.0082,0.52
HRd9MFpNPCzuHEKoR,6b0ed5663822e70e42de6fc33769994768438c710a56186694b1af552220d04a,1,0.63,4,1538801954078,Sports,0.2738,0.53
2ctvux4eX48FcNZDP,6b0ed5663822e70e42de6fc33769994768438c710a56186694b1af552220d04a,2,0.75,4,1538801954080,Sports,1.125,0.495
RGd3zCiiJCxbaW7xu,6b0ed5663822e70e42de6fc33769994768438c710a56186694b1af552220d04a,3,0.39,4,1538801954080,Sports,0.3042,0.57
Dzo3AHt5WuogTrdHB,6b0ed5663822e70e42de6fc33769994768438c710a56186694b1af552220d04a,4,0.74,4,1538801954081,Sports,0.13520000000000001,0.58
uM9LZRNCKJ5Qkbox2,6b0ed5663822e70e42de6fc33769994768438c710a56186694b1af552220d04a,5,0.59,4,1538801954082,Sports,0.6961999999999999,0.535
4jSwcigpwfs9snt2h,6b0ed5663822e70e42de6fc33769994768438c710a56186694b1af552220d04a,6,0.38,4,1538801954082,Sports,0.2888,0.585
a9t2XSS2NfbSRRSkb,6b0ed5663822e70e42de6fc33769994768438c710a56186694b1af552220d04a,7,0.74,4,1538801962875,Politics,1.0952,0.545
Er5HF67aqWteKuvwY,6b0ed5663822e70e42de6fc33769994768438c710a56186694b1af552220d04a,8,0.37,4,1538801962876,Politics,0.7938000000000001,0.62
88annG2kvN6NqcLaX,6b0ed5663822e70e42de6fc33769994768438c710a56186694b1af552220d04a,9,0.63,4,1538801962877,Politics,0.7938000000000001,0.445
uF9aCMQSNsyy7cBJm,6b0ed5663822e70e42de6fc33769994768438c710a56186694b1af552220d04a,10,0.69,4,1538801962878,Politics,0.9521999999999998,0.31
imSaTTLYfpNBP5S5Z,6b0ed5663822e70e42de6fc33769994768438c710a56186694b1af552220d04a,11,0.35,4,1538801962878,Politics,0.24499999999999997,0.555
atP7cEyQGeDsQqnuQ,6b0ed5663822e70e42de6fc33769994768438c710a56186694b1af552220d04a,12,0.75,4,1538801962879,Politics,1.125,0.335
CkhjmHGhqB3zhvtAd,6b0ed5663822e70e42de6fc33769994768438c710a56186694b1af552220d04a,13,0.74,4,1538801973584,Entertainment,1.0952,0.49
KBQocapGrwxLfMtvZ,6b0ed5663822e70e42de6fc33769994768438c710a56186694b1af552220d04a,14,0.74,4,1538801973585,Entertainment,0.13520000000000001,0.545
cASej9yh5wwjHptBR,6b0ed5663822e70e42de6fc33769994768438c710a56186694b1af552220d04a,15,0.68,4,1538801973585,Entertainment,0.9248000000000002,0.54
Fi4WuADrxBxA9yAoq,6b0ed5663822e70e42de6fc33769994768438c710a56186694b1af552220d04a,16,0.65,4,1538801973586,Entertainment,0.24499999999999997,0.515
hvY3gjYyJ6TSgdh5C,6b0ed5663822e70e42de6fc33769994768438c710a56186694b1af552220d04a,17,0.66,4,1538801973586,Entertainment,0.8712000000000001,0.465
y3EsZtdzzdQGXZcDP,6b0ed5663822e70e42de6fc33769994768438c710a56186694b1af552220d04a,18,0.29,4,1538801973587,Entertainment,0.1682,0.5
HZyxXLsPjMguqLBui,68396131e45256b38daa392cc65777f4d1e23f53aeb3a4eb64ebc691aaffe4db,1,0.64,4,1538802328614,Sports,0.2592,0.475
EgdHJw5jMeoszZgQs,68396131e45256b38daa392cc65777f4d1e23f53aeb3a4eb64ebc691aaffe4db,2,0.27,4,1538802328616,Sports,0.1458,0.325
KHYZGSGLcMbXuw4on,68396131e45256b38daa392cc65777f4d1e23f53aeb3a4eb64ebc691aaffe4db,3,0.35,4,1538802328618,Sports,0.24499999999999997,0.5
ropN6Jdm59otSmqhX,68396131e45256b38daa392cc65777f4d1e23f53aeb3a4eb64ebc691aaffe4db,4,0.8,4,1538802328620,Sports,0.07999999999999996,0.545
dAPEoM9rKk9ddwPow,68396131e45256b38daa392cc65777f4d1e23f53aeb3a4eb64ebc691aaffe4db,5,0.71,4,1538802328621,Sports,1.0082,0.475
jxegNyz7kvHiscicb,68396131e45256b38daa392cc65777f4d1e23f53aeb3a4eb64ebc691aaffe4db,6,0.37,4,1538802328623,Sports,0.2738,0.6
p22qmWe7vNkrs52ys,4564ab00d812d5bef8eb857e0fced4f24f0d296b7b3ee6e4c86f77b6e177b115,1,0.18,4,1538802336537,Sports,1.3448000000000002,0.35
NCriJgSnGkS3mobbg,4564ab00d812d5bef8eb857e0fced4f24f0d296b7b3ee6e4c86f77b6e177b115,2,0.93,4,1538802336539,Sports,1.7298000000000002,0.59
wyanA5QSf3EcGCYwq,4564ab00d812d5bef8eb857e0fced4f24f0d296b7b3ee6e4c86f77b6e177b115,3,0.16,4,1538802336539,Sports,0.0512,0.455
RhXnneiCrMXWMre7n,4564ab00d812d5bef8eb857e0fced4f24f0d296b7b3ee6e4c86f77b6e177b115,4,0.55,4,1538802336542,Sports,0.4049999999999999,0.76
Y82nh3DhknT5zMi9u,4564ab00d812d5bef8eb857e0fced4f24f0d296b7b3ee6e4c86f77b6e177b115,5,0.19,4,1538802336543,Sports,0.0722,0.445
vzaJtvuiHrJ4hDazu,4564ab00d812d5bef8eb857e0fced4f24f0d296b7b3ee6e4c86f77b6e177b115,6,0.19,4,1538802336545,Sports,0.0722,0.415
DWjAtdYjBcAxzGH4A,68396131e45256b38daa392cc65777f4d1e23f53aeb3a4eb64ebc691aaffe4db,7,0.69,4,1538802368133,Politics,0.9521999999999998,0.53
QxySq54vszqJLqkkc,68396131e45256b38daa392cc65777f4d1e23f53aeb3a4eb64ebc691aaffe4db,8,0.33,4,1538802368134,Politics,0.8977999999999998,0.6
W9DiLMCjMLg48y8dn,68396131e45256b38daa392cc65777f4d1e23f53aeb3a4eb64ebc691aaffe4db,9,0.89,4,1538802368136,Politics,1.5842,0.43
w3wwZWzkx9ycGJXjR,68396131e45256b38daa392cc65777f4d1e23f53aeb3a4eb64ebc691aaffe4db,10,0.67,4,1538802368138,Politics,0.8978000000000002,0.34
EQum3M3JEcqzebw2E,68396131e45256b38daa392cc65777f4d1e23f53aeb3a4eb64ebc691aaffe4db,11,0.36,4,1538802368138,Politics,0.2592,0.55
AK9WP4QzzsXbtiTR6,68396131e45256b38daa392cc65777f4d1e23f53aeb3a4eb64ebc691aaffe4db,12,0.93,4,1538802368140,Politics,1.7298000000000002,0.32
onFzXC8Lm5k9z9dQ8,68396131e45256b38daa392cc65777f4d1e23f53aeb3a4eb64ebc691aaffe4db,13,0.62,4,1538802409749,Entertainment,0.7688,0.495
KS74mQW3aB5XWJwjZ,68396131e45256b38daa392cc65777f4d1e23f53aeb3a4eb64ebc691aaffe4db,14,0.38,4,1538802409751,Entertainment,0.7688,0.59
tG4iHk4d4su5sf4gE,68396131e45256b38daa392cc65777f4d1e23f53aeb3a4eb64ebc691aaffe4db,15,0.59,4,1538802409752,Entertainment,0.6961999999999999,0.57
dd9SQbb66B7Nkps5M,68396131e45256b38daa392cc65777f4d1e23f53aeb3a4eb64ebc691aaffe4db,16,0.15,4,1538802409753,Entertainment,1.4449999999999998,0.31
wNmgqwiHayxytMyvk,68396131e45256b38daa392cc65777f4d1e23f53aeb3a4eb64ebc691aaffe4db,17,0.61,4,1538802409755,Entertainment,0.7442,0.445
tgrafYowvxyxsFfm5,68396131e45256b38daa392cc65777f4d1e23f53aeb3a4eb64ebc691aaffe4db,18,0.43,4,1538802409759,Entertainment,0.36979999999999996,0.525
vbhzwSfL3PeYNcuTB,4564ab00d812d5bef8eb857e0fced4f24f0d296b7b3ee6e4c86f77b6e177b115,7,1,4,1538802462041,Politics,2,0.635
CpPPsbwFjqzp3HE8u,4564ab00d812d5bef8eb857e0fced4f24f0d296b7b3ee6e4c86f77b6e177b115,8,0.21,4,1538802462044,Politics,1.2482000000000002,0.53
DsYj3K9tgiNmPnF6b,4564ab00d812d5bef8eb857e0fced4f24f0d296b7b3ee6e4c86f77b6e177b115,9,0.04,4,1538802462046,Politics,0.0032,0.285
2jvC3jKH3aDn3PuXp,4564ab00d812d5bef8eb857e0fced4f24f0d296b7b3ee6e4c86f77b6e177b115,10,0,4,1538802462046,Politics,0,0.445
Leegh72crawBrtZh2,4564ab00d812d5bef8eb857e0fced4f24f0d296b7b3ee6e4c86f77b6e177b115,11,0.43,4,1538802462047,Politics,0.36979999999999996,0.625
BSNLavRF3GqMWaDd6,4564ab00d812d5bef8eb857e0fced4f24f0d296b7b3ee6e4c86f77b6e177b115,12,0,4,1538802462047,Politics,0,0.48
BPS5KjfgMmBsC5MaY,4564ab00d812d5bef8eb857e0fced4f24f0d296b7b3ee6e4c86f77b6e177b115,13,0.8,4,1538802556008,Entertainment,1.2800000000000002,0.58
rEgJ8xWNnNzfEgspP,4564ab00d812d5bef8eb857e0fced4f24f0d296b7b3ee6e4c86f77b6e177b115,14,0.85,4,1538802556011,Entertainment,0.04500000000000001,0.655
LiLw9f4ryjbHNhcyG,4564ab00d812d5bef8eb857e0fced4f24f0d296b7b3ee6e4c86f77b6e177b115,15,0.31,4,1538802556012,Entertainment,0.1922,0.69
mNnyLMEdy65Nwx8ax,4564ab00d812d5bef8eb857e0fced4f24f0d296b7b3ee6e4c86f77b6e177b115,16,0.81,4,1538802556014,Entertainment,0.07219999999999996,0.545
e8pnPK2oBi8KvyryA,4564ab00d812d5bef8eb857e0fced4f24f0d296b7b3ee6e4c86f77b6e177b115,17,0.38,4,1538802556016,Entertainment,0.2888,0.665
LPzQWwNmGYnY7nhBX,4564ab00d812d5bef8eb857e0fced4f24f0d296b7b3ee6e4c86f77b6e177b115,18,0.6,4,1538802556017,Entertainment,0.72,0.525
2SP73DqPmJ4XWdGi3,ca17d8d875863805e1f87be4125af0328b8e189e6686827928d7fcf1bcba19f2,1,0.6,4,1538802672113,Sports,0.32000000000000006,0.615
od2YtNLJBzAeMWjnk,ca17d8d875863805e1f87be4125af0328b8e189e6686827928d7fcf1bcba19f2,2,0.8,4,1538802672115,Sports,1.2800000000000002,0.625
vBJQxnWpi6gmEZG5f,ca17d8d875863805e1f87be4125af0328b8e189e6686827928d7fcf1bcba19f2,3,0.7,4,1538802672117,Sports,0.9799999999999999,0.49
duQ99j6TjzxGrmmQQ,ca17d8d875863805e1f87be4125af0328b8e189e6686827928d7fcf1bcba19f2,4,1,4,1538802672118,Sports,0,0.61
R4wyssv9QMJhFLHvv,ca17d8d875863805e1f87be4125af0328b8e189e6686827928d7fcf1bcba19f2,5,0.2,4,1538802672120,Sports,0.08000000000000002,0.455
SyLzA5sA6ptxFfs9R,ca17d8d875863805e1f87be4125af0328b8e189e6686827928d7fcf1bcba19f2,6,0.1,4,1538802672121,Sports,0.020000000000000004,0.41
aju5bZL4M4rrsXAwR,ca17d8d875863805e1f87be4125af0328b8e189e6686827928d7fcf1bcba19f2,7,0.4,4,1538802759500,Politics,0.32000000000000006,0.64
93HbFQtDv4WMsBaPG,ca17d8d875863805e1f87be4125af0328b8e189e6686827928d7fcf1bcba19f2,8,0.3,4,1538802759502,Politics,0.9799999999999999,0.64
Q8d4uMRT9iGo9Jfpb,ca17d8d875863805e1f87be4125af0328b8e189e6686827928d7fcf1bcba19f2,9,0.2,4,1538802759502,Politics,0.08000000000000002,0.455
sQmXAECDAadeMMsbQ,ca17d8d875863805e1f87be4125af0328b8e189e6686827928d7fcf1bcba19f2,10,0.1,4,1538802759506,Politics,0.020000000000000004,0.575
YRT4Wca8b3fg3PnKy,ca17d8d875863805e1f87be4125af0328b8e189e6686827928d7fcf1bcba19f2,11,0.2,4,1538802759506,Politics,0.08000000000000002,0.46
Hz9eNhNZRk7RMR9hp,ca17d8d875863805e1f87be4125af0328b8e189e6686827928d7fcf1bcba19f2,12,0,4,1538802759507,Politics,0,0.415
NTSg6aMDNTmJX9SRf,ebc90e2c8c4b1485ce0e87de526561333767feb8b05d82e41e80393d1067efb0,1,0.83,4,1538802850573,Sports,0.057800000000000025,0.715
TZoz82DNkqsv6kToy,ebc90e2c8c4b1485ce0e87de526561333767feb8b05d82e41e80393d1067efb0,2,0.11,4,1538802850574,Sports,0.0242,0.435
u8Db5AgX7HWGuW2aJ,ebc90e2c8c4b1485ce0e87de526561333767feb8b05d82e41e80393d1067efb0,3,0,4,1538802850574,Sports,0,0.445
WTxm7qSiHZgbE4Dgk,ebc90e2c8c4b1485ce0e87de526561333767feb8b05d82e41e80393d1067efb0,4,0.34,4,1538802850574,Sports,0.8711999999999998,0.77
Y7gWeJ9HEZPYbqhkG,ebc90e2c8c4b1485ce0e87de526561333767feb8b05d82e41e80393d1067efb0,5,0.09,4,1538802850575,Sports,0.0162,0.365
qFK6LdvMrDtgw9Rda,ebc90e2c8c4b1485ce0e87de526561333767feb8b05d82e41e80393d1067efb0,6,0.73,4,1538802850575,Sports,1.0657999999999999,0.645
3qHvWzKvjNif6WMv5,ebc90e2c8c4b1485ce0e87de526561333767feb8b05d82e41e80393d1067efb0,7,0.22,4,1538802889177,Politics,0.0968,0.455
r6TAcgoM5QNLQCZb5,ebc90e2c8c4b1485ce0e87de526561333767feb8b05d82e41e80393d1067efb0,8,0.17,4,1538802889177,Politics,1.3778,0.465
oka2p2yX7fE5QTF8q,ebc90e2c8c4b1485ce0e87de526561333767feb8b05d82e41e80393d1067efb0,9,0.29,4,1538802889177,Politics,0.1682,0.565
ZRuxc48v8QRE3pKvW,ebc90e2c8c4b1485ce0e87de526561333767feb8b05d82e41e80393d1067efb0,10,0.08,4,1538802889177,Politics,0.0128,0.475
FBfox8dmkSg4ZtX97,ebc90e2c8c4b1485ce0e87de526561333767feb8b05d82e41e80393d1067efb0,11,0.15,4,1538802889178,Politics,0.045,0.535
NMkRe79DfpSwpYjRQ,ebc90e2c8c4b1485ce0e87de526561333767feb8b05d82e41e80393d1067efb0,12,0.11,4,1538802889178,Politics,0.0242,0.56
u5hf6fvPvqzL93QPA,ebc90e2c8c4b1485ce0e87de526561333767feb8b05d82e41e80393d1067efb0,13,0.71,4,1538802921383,Entertainment,1.0082,0.625
AA9KP85h8wTNFX5tM,ebc90e2c8c4b1485ce0e87de526561333767feb8b05d82e41e80393d1067efb0,14,0.08,4,1538802921385,Entertainment,1.6928,0.285
XbwbKD4hhbtXLDnrY,ebc90e2c8c4b1485ce0e87de526561333767feb8b05d82e41e80393d1067efb0,15,0.04,4,1538802921385,Entertainment,0.0032,0.335
kmihY5tXw87zERcuf,ebc90e2c8c4b1485ce0e87de526561333767feb8b05d82e41e80393d1067efb0,16,0.1,4,1538802921385,Entertainment,1.62,0.505
NQYJdpeLThSHKqnyF,ebc90e2c8c4b1485ce0e87de526561333767feb8b05d82e41e80393d1067efb0,17,0.82,4,1538802921385,Entertainment,1.3447999999999998,0.57
ecKbAd5oTEb2nbrBf,ebc90e2c8c4b1485ce0e87de526561333767feb8b05d82e41e80393d1067efb0,18,0.15,4,1538802921386,Entertainment,0.045,0.535
GLNHxkjgzcSNb4XYS,91bfe8fb818f73e9f22213fec0a06f5da65040050e4d8ff86131a40b865fdeec,1,0.8,4,1538802987130,Sports,0.07999999999999996,0.535
sF4JaPvshG7TMNJoc,91bfe8fb818f73e9f22213fec0a06f5da65040050e4d8ff86131a40b865fdeec,2,0.29,4,1538802987131,Sports,0.1682,0.39
RksmTwPmvJ9Lbh5C3,91bfe8fb818f73e9f22213fec0a06f5da65040050e4d8ff86131a40b865fdeec,3,0.74,4,1538802987132,Sports,1.0952,0.475
DFnk8Fw3gFbqpS46Q,91bfe8fb818f73e9f22213fec0a06f5da65040050e4d8ff86131a40b865fdeec,4,0.73,4,1538802987132,Sports,0.1458,0.59
wbAZ5Lq2qB6Tf9zLR,91bfe8fb818f73e9f22213fec0a06f5da65040050e4d8ff86131a40b865fdeec,5,0.69,4,1538802987132,Sports,0.9521999999999998,0.51
fyxN2dQg9eyvvQG82,91bfe8fb818f73e9f22213fec0a06f5da65040050e4d8ff86131a40b865fdeec,6,0.29,4,1538802987132,Sports,0.1682,0.41
ZPdoxNspMeamEapRP,91bfe8fb818f73e9f22213fec0a06f5da65040050e4d8ff86131a40b865fdeec,7,0.33,4,1538802989017,Politics,0.21780000000000002,0.61
Sp9vjaAA4798n48ph,91bfe8fb818f73e9f22213fec0a06f5da65040050e4d8ff86131a40b865fdeec,8,0.36,4,1538802989017,Politics,0.8192,0.64
jGCeytbJW2pDHDsk4,91bfe8fb818f73e9f22213fec0a06f5da65040050e4d8ff86131a40b865fdeec,9,0.31,4,1538802989018,Politics,0.1922,0.615
MszhWEPCr7RkJNF5t,91bfe8fb818f73e9f22213fec0a06f5da65040050e4d8ff86131a40b865fdeec,10,0.3,4,1538802989018,Politics,0.18,0.585
xC8rrEWphEDHp4JAM,91bfe8fb818f73e9f22213fec0a06f5da65040050e4d8ff86131a40b865fdeec,11,0.75,4,1538802989018,Politics,1.125,0.445
oG5nQmrQDRnnh2JBM,91bfe8fb818f73e9f22213fec0a06f5da65040050e4d8ff86131a40b865fdeec,12,0.72,4,1538802989018,Politics,1.0368,0.35
8yg66qEWgDfaA5WWZ,91bfe8fb818f73e9f22213fec0a06f5da65040050e4d8ff86131a40b865fdeec,13,0.74,4,1538802991417,Entertainment,1.0952,0.52
HPXSxmrgtwXJJFqgc,91bfe8fb818f73e9f22213fec0a06f5da65040050e4d8ff86131a40b865fdeec,14,0.21,4,1538802991417,Entertainment,1.2482000000000002,0.33
XXg9j5SKjb7tYmMAt,91bfe8fb818f73e9f22213fec0a06f5da65040050e4d8ff86131a40b865fdeec,15,0.81,4,1538802991418,Entertainment,1.3122000000000003,0.485
f7yyBe7kpvsyhYiC8,91bfe8fb818f73e9f22213fec0a06f5da65040050e4d8ff86131a40b865fdeec,16,0.18,4,1538802991418,Entertainment,1.3448000000000002,0.27
39k8Cz6cKArBgFBih,91bfe8fb818f73e9f22213fec0a06f5da65040050e4d8ff86131a40b865fdeec,17,0.59,4,1538802991418,Entertainment,0.6961999999999999,0.595
mFfngY6h4EAibA2y3,91bfe8fb818f73e9f22213fec0a06f5da65040050e4d8ff86131a40b865fdeec,18,0.68,4,1538802991418,Entertainment,0.9248000000000002,0.48
FSxPs3yNy4wBC4C3S,ca17d8d875863805e1f87be4125af0328b8e189e6686827928d7fcf1bcba19f2,13,1,4,1538803080393,Entertainment,2,0.535
b8dcNc3M49XBpm6po,ca17d8d875863805e1f87be4125af0328b8e189e6686827928d7fcf1bcba19f2,14,1,4,1538803080396,Entertainment,0,0.615
FM3tDG3J4btaDcjXu,ca17d8d875863805e1f87be4125af0328b8e189e6686827928d7fcf1bcba19f2,15,0.3,4,1538803080398,Entertainment,0.18,0.67
SX29FgByCWmYnJSp7,ca17d8d875863805e1f87be4125af0328b8e189e6686827928d7fcf1bcba19f2,16,0.5,4,1538803080400,Entertainment,0.5,0.535
paQn8gg2JxBLmgyBz,ca17d8d875863805e1f87be4125af0328b8e189e6686827928d7fcf1bcba19f2,17,1,4,1538803080403,Entertainment,2,0.565
CWdbnq46reTiDnajz,ca17d8d875863805e1f87be4125af0328b8e189e6686827928d7fcf1bcba19f2,18,0.6,4,1538803080405,Entertainment,0.72,0.475
jeps2rb5ABedLLJu2,51a1122f8247360a7ebaf0c2d1ebf2cd51c3b010c4300df9cde7a499ef48f184,1,0.46,4,1538803175948,Sports,0.5832,0.63
s2DigvXTofHWnQWLH,51a1122f8247360a7ebaf0c2d1ebf2cd51c3b010c4300df9cde7a499ef48f184,2,0.66,4,1538803175948,Sports,0.8712000000000001,0.595
QmmfbsBpnxo8fZBti,51a1122f8247360a7ebaf0c2d1ebf2cd51c3b010c4300df9cde7a499ef48f184,3,0.76,4,1538803175948,Sports,1.1552,0.395
Gt4ebhcdXNPvhCwvL,51a1122f8247360a7ebaf0c2d1ebf2cd51c3b010c4300df9cde7a499ef48f184,4,0.77,4,1538803175949,Sports,0.10579999999999998,0.55
iMYtGXYS2vqzP6bTm,51a1122f8247360a7ebaf0c2d1ebf2cd51c3b010c4300df9cde7a499ef48f184,5,0.17,4,1538803175949,Sports,0.05780000000000001,0.335
pQkEzSBcwQzhj9dNj,51a1122f8247360a7ebaf0c2d1ebf2cd51c3b010c4300df9cde7a499ef48f184,6,0.32,4,1538803175950,Sports,0.2048,0.595
LCgxHnykt2Zfo6aLY,51a1122f8247360a7ebaf0c2d1ebf2cd51c3b010c4300df9cde7a499ef48f184,7,0.27,4,1538803246084,Politics,0.1458,0.33
q2WXs55cs98qZNLon,51a1122f8247360a7ebaf0c2d1ebf2cd51c3b010c4300df9cde7a499ef48f184,8,0.81,4,1538803246084,Politics,0.07219999999999996,0.51
vSDw7hJobKrc9GsBw,51a1122f8247360a7ebaf0c2d1ebf2cd51c3b010c4300df9cde7a499ef48f184,9,0.47,4,1538803246084,Politics,0.44179999999999997,0.53
bacXgomMZ3nW44i4M,51a1122f8247360a7ebaf0c2d1ebf2cd51c3b010c4300df9cde7a499ef48f184,10,0.2,4,1538803246084,Politics,0.08000000000000002,0.425
WJFFr5BNLchhWKpbi,51a1122f8247360a7ebaf0c2d1ebf2cd51c3b010c4300df9cde7a499ef48f184,11,0.12,4,1538803246085,Politics,0.0288,0.43
858NEvi2hPetPtdtG,51a1122f8247360a7ebaf0c2d1ebf2cd51c3b010c4300df9cde7a499ef48f184,12,0.31,4,1538803246085,Politics,0.1922,0.545
vHFv2FxdDxB4L2Prc,51a1122f8247360a7ebaf0c2d1ebf2cd51c3b010c4300df9cde7a499ef48f184,13,0.31,4,1538803296020,Entertainment,0.1922,0.635
3Ju7xtnM5pvDbKrFt,51a1122f8247360a7ebaf0c2d1ebf2cd51c3b010c4300df9cde7a499ef48f184,14,0.37,4,1538803296021,Entertainment,0.7938000000000001,0.625
aqayj2B52tHkynCpc,51a1122f8247360a7ebaf0c2d1ebf2cd51c3b010c4300df9cde7a499ef48f184,15,0.64,4,1538803296021,Entertainment,0.8192,0.51
nAyBpteLWnjWEmggZ,51a1122f8247360a7ebaf0c2d1ebf2cd51c3b010c4300df9cde7a499ef48f184,16,0.32,4,1538803296021,Entertainment,0.9247999999999998,0.595
Jm5ru7SRpXtEMrdPR,51a1122f8247360a7ebaf0c2d1ebf2cd51c3b010c4300df9cde7a499ef48f184,17,0.62,4,1538803296021,Entertainment,0.7688,0.45
KqyyLLNq8xpWCB7vk,51a1122f8247360a7ebaf0c2d1ebf2cd51c3b010c4300df9cde7a499ef48f184,18,0.6,4,1538803296021,Entertainment,0.72,0.545
5y8myeA9B6qN6zbwC,1c57ad31360926a86c9ecddba61081c9a7f6ee5f192e1a26ee73605ea3332165,1,0.72,4,1538803317887,Sports,0.15680000000000002,0.565
CSCoiSgtSc5JxFNXn,1c57ad31360926a86c9ecddba61081c9a7f6ee5f192e1a26ee73605ea3332165,2,0.27,4,1538803317891,Sports,0.1458,0.47
i5dsZv5D7R95dem89,1c57ad31360926a86c9ecddba61081c9a7f6ee5f192e1a26ee73605ea3332165,3,0.34,4,1538803317895,Sports,0.23120000000000004,0.645
LQaEwg2YTfpXatZRS,1c57ad31360926a86c9ecddba61081c9a7f6ee5f192e1a26ee73605ea3332165,4,0.76,4,1538803317899,Sports,0.1152,0.655
5dAv95XQLh77WGKZc,1c57ad31360926a86c9ecddba61081c9a7f6ee5f192e1a26ee73605ea3332165,5,0.21,4,1538803317903,Sports,0.08819999999999999,0.535
shNYWXjLtRE3hLS2F,1c57ad31360926a86c9ecddba61081c9a7f6ee5f192e1a26ee73605ea3332165,6,0.37,4,1538803317906,Sports,0.2738,0.645
D73vwA4BGJSyY2Eyy,1c57ad31360926a86c9ecddba61081c9a7f6ee5f192e1a26ee73605ea3332165,7,0.88,4,1538803352145,Politics,1.5488,0.595
u9omfMBiLuzgGJsHA,1c57ad31360926a86c9ecddba61081c9a7f6ee5f192e1a26ee73605ea3332165,8,0.31,4,1538803352149,Politics,0.9521999999999998,0.705
B3pQp896KN6Zif5cD,1c57ad31360926a86c9ecddba61081c9a7f6ee5f192e1a26ee73605ea3332165,9,0.57,4,1538803352152,Politics,0.6497999999999999,0.615
5xLZN3nQWciZSd6Sd,1c57ad31360926a86c9ecddba61081c9a7f6ee5f192e1a26ee73605ea3332165,10,0.07,4,1538803352159,Politics,0.009800000000000001,0.325
WcSx76jEseBd4EQyC,1c57ad31360926a86c9ecddba61081c9a7f6ee5f192e1a26ee73605ea3332165,11,0.16,4,1538803352161,Politics,0.0512,0.48
Ci6tbo8C5Wx3MB39m,1c57ad31360926a86c9ecddba61081c9a7f6ee5f192e1a26ee73605ea3332165,12,0.07,4,1538803352164,Politics,0.009800000000000001,0.345
xTDvmgBfe9MSP6iDZ,1c57ad31360926a86c9ecddba61081c9a7f6ee5f192e1a26ee73605ea3332165,13,0.29,4,1538803356449,Entertainment,0.1682,0.345
EMitQCupu3rgP8sNE,1c57ad31360926a86c9ecddba61081c9a7f6ee5f192e1a26ee73605ea3332165,14,0.86,4,1538803356451,Entertainment,0.039200000000000006,0.615
kPJiYizX3EE9EgMnd,1c57ad31360926a86c9ecddba61081c9a7f6ee5f192e1a26ee73605ea3332165,15,0.37,4,1538803356453,Entertainment,0.2738,0.65
FZrbfug6crmn5vAaz,1c57ad31360926a86c9ecddba61081c9a7f6ee5f192e1a26ee73605ea3332165,16,0.26,4,1538803356454,Entertainment,1.0952,0.425
5qghkhbM3AaWhCr5f,1c57ad31360926a86c9ecddba61081c9a7f6ee5f192e1a26ee73605ea3332165,17,0.68,4,1538803356455,Entertainment,0.9248000000000002,0.545
7yNyp4rmQhcCEyCQg,1c57ad31360926a86c9ecddba61081c9a7f6ee5f192e1a26ee73605ea3332165,18,0.35,4,1538803356458,Entertainment,0.24499999999999997,0.715
2SZ4HNSAZKAdJ7Yzw,10485980a14b32779a61ec619e2e51ced6182be8f5f552a7db12142b3512e922,1,0.95,4,1538803376880,Sports,0.005000000000000009,0.595
FGGXHbLRQikMKWoFQ,10485980a14b32779a61ec619e2e51ced6182be8f5f552a7db12142b3512e922,2,0.91,4,1538803376880,Sports,1.6562000000000001,0.645
vnW9u5p79rpfxNPmF,10485980a14b32779a61ec619e2e51ced6182be8f5f552a7db12142b3512e922,3,0.24,4,1538803376882,Sports,0.1152,0.41
aLe6Edxq7d4ZrPjz3,10485980a14b32779a61ec619e2e51ced6182be8f5f552a7db12142b3512e922,4,0.9,4,1538803376882,Sports,0.01999999999999999,0.61
AZBCpjYMhQv8iL9x6,10485980a14b32779a61ec619e2e51ced6182be8f5f552a7db12142b3512e922,5,0.09,4,1538803376883,Sports,0.0162,0.27
tpAyvYNFtbKqTyrRv,10485980a14b32779a61ec619e2e51ced6182be8f5f552a7db12142b3512e922,6,0.09,4,1538803376883,Sports,0.0162,0.26
cFTbidPxr8fW79mDh,10485980a14b32779a61ec619e2e51ced6182be8f5f552a7db12142b3512e922,7,0.89,4,1538803412985,Politics,1.5842,0.62
ChYFRwkEyFSu7HMFr,10485980a14b32779a61ec619e2e51ced6182be8f5f552a7db12142b3512e922,8,0.72,4,1538803412986,Politics,0.15680000000000002,0.63
wj2fshHnrYRpmpFXo,10485980a14b32779a61ec619e2e51ced6182be8f5f552a7db12142b3512e922,9,0.37,4,1538803412986,Politics,0.2738,0.675
HRFx9C9NWNTvwhjcE,10485980a14b32779a61ec619e2e51ced6182be8f5f552a7db12142b3512e922,10,0.28,4,1538803412986,Politics,0.15680000000000002,0.46
g22wiCZvELcs7Lbrn,10485980a14b32779a61ec619e2e51ced6182be8f5f552a7db12142b3512e922,11,0.6,4,1538803412986,Politics,0.72,0.47
qvS5hKL2pMYTycJyh,10485980a14b32779a61ec619e2e51ced6182be8f5f552a7db12142b3512e922,12,0.12,4,1538803412986,Politics,0.0288,0.5
3HWYEPgJsEsbNpR5w,10485980a14b32779a61ec619e2e51ced6182be8f5f552a7db12142b3512e922,13,0.28,4,1538803505080,Entertainment,0.15680000000000002,0.435
Qg8FvtCqXLwB9MphY,10485980a14b32779a61ec619e2e51ced6182be8f5f552a7db12142b3512e922,14,0.8,4,1538803505081,Entertainment,0.07999999999999996,0.625
k74dwvHpkHZsnX578,10485980a14b32779a61ec619e2e51ced6182be8f5f552a7db12142b3512e922,15,0.35,4,1538803505081,Entertainment,0.24499999999999997,0.705
H5Qe8qSkDvkFKvqWr,10485980a14b32779a61ec619e2e51ced6182be8f5f552a7db12142b3512e922,16,0.25,4,1538803505082,Entertainment,1.125,0.475
WPc22FtpWoepqqjgP,10485980a14b32779a61ec619e2e51ced6182be8f5f552a7db12142b3512e922,17,0.29,4,1538803505082,Entertainment,0.1682,0.43
42MAp3hQcqwTKNXFR,10485980a14b32779a61ec619e2e51ced6182be8f5f552a7db12142b3512e922,18,0.7,4,1538803505082,Entertainment,0.9799999999999999,0.5
sWEW3YCgAZx9ujpNn,48b0c16761cdf944885b9423bf352ca8232b93eaae504e82c8f83804431df619,1,0,4,1538803582310,Sports,2,0.405
ZJS6eZCqgPtyGuutA,48b0c16761cdf944885b9423bf352ca8232b93eaae504e82c8f83804431df619,2,1,4,1538803582310,Sports,2,0.725
QcPEep4Y2EdQzffAJ,48b0c16761cdf944885b9423bf352ca8232b93eaae504e82c8f83804431df619,3,0,4,1538803582311,Sports,0,0.48
p3L9KCKFX7kgpPB6S,48b0c16761cdf944885b9423bf352ca8232b93eaae504e82c8f83804431df619,4,1,4,1538803582311,Sports,0,0.785
WMDykCAkQX3FsgEpn,48b0c16761cdf944885b9423bf352ca8232b93eaae504e82c8f83804431df619,5,0,4,1538803582311,Sports,0,0.39
YwEdAsB96ZST4EWo9,48b0c16761cdf944885b9423bf352ca8232b93eaae504e82c8f83804431df619,6,0,4,1538803582311,Sports,0,0.325
8qtqcxAGPhmgevh2E,c678161511d6db03cbaef2a146b2ff710f1fcf6a9267ba750b96ac4298ffa0ce,1,0.67,4,1538803593597,Sports,0.21779999999999994,0.465
LrEn5T86wYsA7JPHA,c678161511d6db03cbaef2a146b2ff710f1fcf6a9267ba750b96ac4298ffa0ce,2,0.78,4,1538803593597,Sports,1.2168,0.52
qZd33Rp6apv6ibKuP,c678161511d6db03cbaef2a146b2ff710f1fcf6a9267ba750b96ac4298ffa0ce,3,0.66,4,1538803593597,Sports,0.8712000000000001,0.445
vP3nM33pTZ5BnDosk,c678161511d6db03cbaef2a146b2ff710f1fcf6a9267ba750b96ac4298ffa0ce,4,0.39,4,1538803593598,Sports,0.7442,0.615
MY7CC6uXQ4PwAbQFg,c678161511d6db03cbaef2a146b2ff710f1fcf6a9267ba750b96ac4298ffa0ce,5,0.71,4,1538803593598,Sports,1.0082,0.415
qaBnCMu8X3TJqLQH7,c678161511d6db03cbaef2a146b2ff710f1fcf6a9267ba750b96ac4298ffa0ce,6,0.28,4,1538803593598,Sports,0.15680000000000002,0.39
74vmSpwAYK7Aq3b75,c678161511d6db03cbaef2a146b2ff710f1fcf6a9267ba750b96ac4298ffa0ce,7,0.71,4,1538803689792,Politics,1.0082,0.565
ARuXwZwEcporDrhKT,c678161511d6db03cbaef2a146b2ff710f1fcf6a9267ba750b96ac4298ffa0ce,8,0.63,4,1538803689792,Politics,0.2738,0.53
TwesiW7XFyMttvvPB,c678161511d6db03cbaef2a146b2ff710f1fcf6a9267ba750b96ac4298ffa0ce,9,0.39,4,1538803689792,Politics,0.3042,0.525
EgHAqYc7zkaq7cgPt,c678161511d6db03cbaef2a146b2ff710f1fcf6a9267ba750b96ac4298ffa0ce,10,0.59,4,1538803689793,Politics,0.6961999999999999,0.34
EMaSeomghk2uQFZez,c678161511d6db03cbaef2a146b2ff710f1fcf6a9267ba750b96ac4298ffa0ce,11,0.38,4,1538803689793,Politics,0.2888,0.48
7dvNRLbZG9MgE9aAy,c678161511d6db03cbaef2a146b2ff710f1fcf6a9267ba750b96ac4298ffa0ce,12,0.39,4,1538803689793,Politics,0.3042,0.49
Gxs7u3H2EPK9J48mj,48b0c16761cdf944885b9423bf352ca8232b93eaae504e82c8f83804431df619,7,1,4,1538803728330,Politics,2,0.765
JgdNXcgE7MX439Rs5,48b0c16761cdf944885b9423bf352ca8232b93eaae504e82c8f83804431df619,8,1,4,1538803728330,Politics,0,0.715
z5Ye77MY3x6vmEXeR,48b0c16761cdf944885b9423bf352ca8232b93eaae504e82c8f83804431df619,9,0,4,1538803728330,Politics,0,0.41
NuH6yMsH6t4Y3buFq,48b0c16761cdf944885b9423bf352ca8232b93eaae504e82c8f83804431df619,10,0,4,1538803728331,Politics,0,0.52
X3rdpfanCYZ47XXvH,48b0c16761cdf944885b9423bf352ca8232b93eaae504e82c8f83804431df619,11,1,4,1538803728331,Politics,2,0.595
E6nA9abRN5so9kubG,48b0c16761cdf944885b9423bf352ca8232b93eaae504e82c8f83804431df619,12,0,4,1538803728331,Politics,0,0.57
G9qF3hjBpdqmvghGC,c678161511d6db03cbaef2a146b2ff710f1fcf6a9267ba750b96ac4298ffa0ce,13,0.32,4,1538803773055,Entertainment,0.2048,0.55
srAidoyf6HLHAR5mP,c678161511d6db03cbaef2a146b2ff710f1fcf6a9267ba750b96ac4298ffa0ce,14,0.59,4,1538803773056,Entertainment,0.33620000000000005,0.57
DiKmGNzP725eGCb28,c678161511d6db03cbaef2a146b2ff710f1fcf6a9267ba750b96ac4298ffa0ce,15,0.42,4,1538803773056,Entertainment,0.35279999999999995,0.545
9prx6myq3utnKgLcZ,c678161511d6db03cbaef2a146b2ff710f1fcf6a9267ba750b96ac4298ffa0ce,16,0.37,4,1538803773056,Entertainment,0.7938000000000001,0.56
hoGz9QZxY39MgmiWZ,c678161511d6db03cbaef2a146b2ff710f1fcf6a9267ba750b96ac4298ffa0ce,17,0.36,4,1538803773056,Entertainment,0.2592,0.535
BcKp67nfE6SC3n2Bf,c678161511d6db03cbaef2a146b2ff710f1fcf6a9267ba750b96ac4298ffa0ce,18,0.39,4,1538803773056,Entertainment,0.3042,0.54
cXngA8gEZWfprtrFh,48b0c16761cdf944885b9423bf352ca8232b93eaae504e82c8f83804431df619,13,0,4,1538803930331,Entertainment,0,0.36
zdDjEb9ahiECZaMYN,48b0c16761cdf944885b9423bf352ca8232b93eaae504e82c8f83804431df619,14,1,4,1538803930331,Entertainment,0,0.735
e5nxiW4RxFnnwDezi,48b0c16761cdf944885b9423bf352ca8232b93eaae504e82c8f83804431df619,15,1,4,1538803930331,Entertainment,2,0.695
q6EupXEz6tWf2PPhh,48b0c16761cdf944885b9423bf352ca8232b93eaae504e82c8f83804431df619,16,0,4,1538803930332,Entertainment,2,0.425
Y4KMnwaK5PhntdmBx,48b0c16761cdf944885b9423bf352ca8232b93eaae504e82c8f83804431df619,17,0,4,1538803930332,Entertainment,0,0.375
5p7qPvsw5fWbNEB7x,48b0c16761cdf944885b9423bf352ca8232b93eaae504e82c8f83804431df619,18,0,4,1538803930332,Entertainment,0,0.37
ggRoAdqjdhR3GBfnE,f6a48bb3dce3f7b2ad29f5c5d963a0e52bcf1d18fe080f4672b453cb9f7b89d0,1,0.4,4,1538804197961,Sports,0.72,0.57
uT4qdxoD8Ey9nF4qt,f6a48bb3dce3f7b2ad29f5c5d963a0e52bcf1d18fe080f4672b453cb9f7b89d0,2,0.8,4,1538804197962,Sports,1.2800000000000002,0.52
ryvQEKR3jmzwJ6Hf9,f6a48bb3dce3f7b2ad29f5c5d963a0e52bcf1d18fe080f4672b453cb9f7b89d0,3,0.3,4,1538804197962,Sports,0.18,0.6
3349DfQzdfLupnNuJ,f6a48bb3dce3f7b2ad29f5c5d963a0e52bcf1d18fe080f4672b453cb9f7b89d0,4,0.8,4,1538804197963,Sports,0.07999999999999996,0.58
mbxPPkqgMoMcg7n3C,f6a48bb3dce3f7b2ad29f5c5d963a0e52bcf1d18fe080f4672b453cb9f7b89d0,5,0.3,4,1538804197963,Sports,0.18,0.62
XXX6SRe9bQJa9Xpuw,f6a48bb3dce3f7b2ad29f5c5d963a0e52bcf1d18fe080f4672b453cb9f7b89d0,6,0.65,4,1538804197963,Sports,0.8450000000000001,0.545
3LeqZfSPaFFYu9FFm,f6a48bb3dce3f7b2ad29f5c5d963a0e52bcf1d18fe080f4672b453cb9f7b89d0,7,1,4,1538804258219,Politics,2,0.545
JYmdiEKJAQKGxa7zK,f6a48bb3dce3f7b2ad29f5c5d963a0e52bcf1d18fe080f4672b453cb9f7b89d0,8,0.36,4,1538804258220,Politics,0.8192,0.62
qNCGcNttciBq79zHB,f6a48bb3dce3f7b2ad29f5c5d963a0e52bcf1d18fe080f4672b453cb9f7b89d0,9,0.9,4,1538804258220,Politics,1.62,0.46
wyjXavahDsi28u6kL,f6a48bb3dce3f7b2ad29f5c5d963a0e52bcf1d18fe080f4672b453cb9f7b89d0,10,0.15,4,1538804258220,Politics,0.045,0.43
Nj2yJTwuyvJM2ZFvx,f6a48bb3dce3f7b2ad29f5c5d963a0e52bcf1d18fe080f4672b453cb9f7b89d0,11,0.13,4,1538804258221,Politics,0.033800000000000004,0.415
eyfBYxmKXE4ur7o2P,f6a48bb3dce3f7b2ad29f5c5d963a0e52bcf1d18fe080f4672b453cb9f7b89d0,12,0.36,4,1538804258221,Politics,0.2592,0.545
75Bmq7ZMHRRuNwSBm,4eb59d6cbe46595a4996ab5b2847bccc2f24a4ad0ed3f8fbc42df2fbc8a56a54,1,0.32,4,1538804266477,Sports,0.9247999999999998,0.635
rtmPFsCxECwB5hsme,4eb59d6cbe46595a4996ab5b2847bccc2f24a4ad0ed3f8fbc42df2fbc8a56a54,2,0.66,4,1538804266483,Sports,0.8712000000000001,0.525
jiXysCbg4E8XnxMJy,4eb59d6cbe46595a4996ab5b2847bccc2f24a4ad0ed3f8fbc42df2fbc8a56a54,3,0.5,4,1538804266491,Sports,0.5,0.495
aLWMp5rtJkW9M7cAp,4eb59d6cbe46595a4996ab5b2847bccc2f24a4ad0ed3f8fbc42df2fbc8a56a54,4,0.77,4,1538804266496,Sports,0.10579999999999998,0.575
AvsWx2gDTsQB5x9hf,4eb59d6cbe46595a4996ab5b2847bccc2f24a4ad0ed3f8fbc42df2fbc8a56a54,5,0.5,4,1538804266500,Sports,0.5,0.515
9HfqgkFPtar5N2DJA,4eb59d6cbe46595a4996ab5b2847bccc2f24a4ad0ed3f8fbc42df2fbc8a56a54,6,0.62,4,1538804266503,Sports,0.7688,0.475
YRWMmwJzp9We72tGA,4eb59d6cbe46595a4996ab5b2847bccc2f24a4ad0ed3f8fbc42df2fbc8a56a54,7,0.73,4,1538804297831,Politics,1.0657999999999999,0.555
JWRH6W3HZvgkskb9T,4eb59d6cbe46595a4996ab5b2847bccc2f24a4ad0ed3f8fbc42df2fbc8a56a54,8,0.36,4,1538804297833,Politics,0.8192,0.605
zMvfg2GRhj8BafF3C,4eb59d6cbe46595a4996ab5b2847bccc2f24a4ad0ed3f8fbc42df2fbc8a56a54,9,0.65,4,1538804297835,Politics,0.8450000000000001,0.445
t5jM8nEaGJYwSncJk,4eb59d6cbe46595a4996ab5b2847bccc2f24a4ad0ed3f8fbc42df2fbc8a56a54,10,0.75,4,1538804297838,Politics,1.125,0.27
rFGB6TQMxqBEYTraP,4eb59d6cbe46595a4996ab5b2847bccc2f24a4ad0ed3f8fbc42df2fbc8a56a54,11,0.55,4,1538804297840,Politics,0.6050000000000001,0.5
j7SFPJeeFKYPnX6py,4eb59d6cbe46595a4996ab5b2847bccc2f24a4ad0ed3f8fbc42df2fbc8a56a54,12,0.65,4,1538804297846,Politics,0.8450000000000001,0.33
9cvhbX9wn5m6J3JpY,f6a48bb3dce3f7b2ad29f5c5d963a0e52bcf1d18fe080f4672b453cb9f7b89d0,13,0.33,4,1538804312710,Entertainment,0.21780000000000002,0.56
8bYzsgBqaZwPkx5F6,f6a48bb3dce3f7b2ad29f5c5d963a0e52bcf1d18fe080f4672b453cb9f7b89d0,14,0.85,4,1538804312710,Entertainment,0.04500000000000001,0.505
zFiS2nroqpvztKd2j,f6a48bb3dce3f7b2ad29f5c5d963a0e52bcf1d18fe080f4672b453cb9f7b89d0,15,0.28,4,1538804312710,Entertainment,0.15680000000000002,0.44
oDcWd6R6TwQebQGPJ,f6a48bb3dce3f7b2ad29f5c5d963a0e52bcf1d18fe080f4672b453cb9f7b89d0,16,0.7,4,1538804312711,Entertainment,0.18000000000000005,0.48
4RCq57GggZzMm3AEo,f6a48bb3dce3f7b2ad29f5c5d963a0e52bcf1d18fe080f4672b453cb9f7b89d0,17,0.61,4,1538804312712,Entertainment,0.7442,0.54
uR69foFxuKaWkBQYv,f6a48bb3dce3f7b2ad29f5c5d963a0e52bcf1d18fe080f4672b453cb9f7b89d0,18,0.7,4,1538804312712,Entertainment,0.9799999999999999,0.465
yawhKpq5zFPwh6B8R,4eb59d6cbe46595a4996ab5b2847bccc2f24a4ad0ed3f8fbc42df2fbc8a56a54,13,0.48,4,1538804330192,Entertainment,0.4608,0.56
pwe5rButK55gLum6R,4eb59d6cbe46595a4996ab5b2847bccc2f24a4ad0ed3f8fbc42df2fbc8a56a54,14,0.65,4,1538804330202,Entertainment,0.24499999999999997,0.52
mbLKoZKB3Wn2mr3js,4eb59d6cbe46595a4996ab5b2847bccc2f24a4ad0ed3f8fbc42df2fbc8a56a54,15,0.25,4,1538804330209,Entertainment,0.125,0.355
ZcK55dNsM6QMt9gXb,4eb59d6cbe46595a4996ab5b2847bccc2f24a4ad0ed3f8fbc42df2fbc8a56a54,16,0.52,4,1538804330212,Entertainment,0.4608,0.53
ubWrPxep5uk799q4u,4eb59d6cbe46595a4996ab5b2847bccc2f24a4ad0ed3f8fbc42df2fbc8a56a54,17,0.65,4,1538804330215,Entertainment,0.8450000000000001,0.475
mTAvetTkEHexRcXaE,4eb59d6cbe46595a4996ab5b2847bccc2f24a4ad0ed3f8fbc42df2fbc8a56a54,18,0.31,4,1538804330218,Entertainment,0.1922,0.605
5CqJXNjRMNgQWAseR,ab1434d3cae5fc1dedb96fca49f9c918c499a6e8002ce763974ebbfd3de59645,1,0.3,4,1538804510296,Sports,0.9799999999999999,0.67
jyKi8RDjyJfgyY68k,ab1434d3cae5fc1dedb96fca49f9c918c499a6e8002ce763974ebbfd3de59645,2,0.4,4,1538804510296,Sports,0.32000000000000006,0.655
YiYLvPZbx7tREiRcH,ab1434d3cae5fc1dedb96fca49f9c918c499a6e8002ce763974ebbfd3de59645,3,0.2,4,1538804510331,Sports,0.08000000000000002,0.455
unCWLYSBdgxQgNith,ab1434d3cae5fc1dedb96fca49f9c918c499a6e8002ce763974ebbfd3de59645,4,0.7,4,1538804510337,Sports,0.18000000000000005,0.635
seJ6MkW4eqf9aEa9X,ab1434d3cae5fc1dedb96fca49f9c918c499a6e8002ce763974ebbfd3de59645,5,0.6,4,1538804510341,Sports,0.72,0.565
aDKJciufrCWhj6Boy,ab1434d3cae5fc1dedb96fca49f9c918c499a6e8002ce763974ebbfd3de59645,6,0.75,4,1538804510348,Sports,1.125,0.59
ELGF42khJcnqyTYxq,ab1434d3cae5fc1dedb96fca49f9c918c499a6e8002ce763974ebbfd3de59645,7,0.3,4,1538804730404,Politics,0.18,0.765
6uxpCaQfDjgWa8id7,ab1434d3cae5fc1dedb96fca49f9c918c499a6e8002ce763974ebbfd3de59645,8,0.2,4,1538804731033,Politics,1.2800000000000002,0.49
nug7hjAvTZt9GAABJ,ab1434d3cae5fc1dedb96fca49f9c918c499a6e8002ce763974ebbfd3de59645,9,0.7,4,1538804731101,Politics,0.9799999999999999,0.615
Ltm9MhrjC58wgFrz3,ab1434d3cae5fc1dedb96fca49f9c918c499a6e8002ce763974ebbfd3de59645,10,0.05,4,1538804731105,Politics,0.005000000000000001,0.4
kJtCTb3B3BJuaoz79,ab1434d3cae5fc1dedb96fca49f9c918c499a6e8002ce763974ebbfd3de59645,11,0.15,4,1538804731108,Politics,0.045,0.45
M25fEt6BEjWaarmvj,ab1434d3cae5fc1dedb96fca49f9c918c499a6e8002ce763974ebbfd3de59645,12,0.05,4,1538804731110,Politics,0.005000000000000001,0.4
CZtFcMPom23wBHYgc,ab1434d3cae5fc1dedb96fca49f9c918c499a6e8002ce763974ebbfd3de59645,13,0.75,4,1538804911381,Entertainment,1.125,0.605
wbBH2buMva3ZFfZZu,ab1434d3cae5fc1dedb96fca49f9c918c499a6e8002ce763974ebbfd3de59645,14,0.2,4,1538804911413,Entertainment,1.2800000000000002,0.39
ETyBTb5HJDH5yjk7D,ab1434d3cae5fc1dedb96fca49f9c918c499a6e8002ce763974ebbfd3de59645,15,0.4,4,1538804911413,Entertainment,0.32000000000000006,0.69
fcoaLgeuP3PdgRHPQ,ab1434d3cae5fc1dedb96fca49f9c918c499a6e8002ce763974ebbfd3de59645,16,0.15,4,1538804911413,Entertainment,1.4449999999999998,0.36
eDcowGN4Ku3NiRcPP,ab1434d3cae5fc1dedb96fca49f9c918c499a6e8002ce763974ebbfd3de59645,17,0.2,4,1538804911459,Entertainment,0.08000000000000002,0.465
FNYDMYs8sT2u5ovzZ,ab1434d3cae5fc1dedb96fca49f9c918c499a6e8002ce763974ebbfd3de59645,18,0.15,4,1538804911462,Entertainment,0.045,0.44
uJstsrssR6t6goZ64,b27248977a1d2ea1694045b2d6a2a49c3ad301f19fb0d283dbc176829bba6882,1,0.4,4,1538805026873,Sports,0.72,0.67
ygcBkoBEHK8jAFtMw,b27248977a1d2ea1694045b2d6a2a49c3ad301f19fb0d283dbc176829bba6882,2,0.58,4,1538805026873,Sports,0.6728,0.61
uKun8zRq3QJDPmAu5,b27248977a1d2ea1694045b2d6a2a49c3ad301f19fb0d283dbc176829bba6882,3,0.14,4,1538805026874,Sports,0.039200000000000006,0.385
AAfERXRmZNkMb6mt9,b27248977a1d2ea1694045b2d6a2a49c3ad301f19fb0d283dbc176829bba6882,4,0.92,4,1538805026874,Sports,0.012799999999999987,0.605
ebCcJh2qHve3iaRnd,b27248977a1d2ea1694045b2d6a2a49c3ad301f19fb0d283dbc176829bba6882,5,0.67,4,1538805026875,Sports,0.8978000000000002,0.505
2evFHMkeK5vYiWG5H,b27248977a1d2ea1694045b2d6a2a49c3ad301f19fb0d283dbc176829bba6882,6,0.44,4,1538805026875,Sports,0.3872,0.625
rjup8LGnjGJT76i3s,b27248977a1d2ea1694045b2d6a2a49c3ad301f19fb0d283dbc176829bba6882,7,1,4,1538805054750,Politics,2,0.585
QFNWLNa26Z8uqMm8L,b27248977a1d2ea1694045b2d6a2a49c3ad301f19fb0d283dbc176829bba6882,8,1,4,1538805054751,Politics,0,0.6
PmFGztrMp9JY8rY6s,b27248977a1d2ea1694045b2d6a2a49c3ad301f19fb0d283dbc176829bba6882,9,0.24,4,1538805054751,Politics,0.1152,0.47
js2zoKzj8nAHdXpQk,b27248977a1d2ea1694045b2d6a2a49c3ad301f19fb0d283dbc176829bba6882,10,0.61,4,1538805054752,Politics,0.7442,0.36
RM8mtP4jZsGxZX2ke,b27248977a1d2ea1694045b2d6a2a49c3ad301f19fb0d283dbc176829bba6882,11,0.17,4,1538805054752,Politics,0.05780000000000001,0.415
Q75FDvc8QaDiwZW2K,b27248977a1d2ea1694045b2d6a2a49c3ad301f19fb0d283dbc176829bba6882,12,0.25,4,1538805054752,Politics,0.125,0.4
5Qqr4iJgcTpd6KJ8R,b27248977a1d2ea1694045b2d6a2a49c3ad301f19fb0d283dbc176829bba6882,13,0.26,4,1538805078910,Entertainment,0.13520000000000001,0.32
M8sXzr2g2sPs4kHbe,b27248977a1d2ea1694045b2d6a2a49c3ad301f19fb0d283dbc176829bba6882,14,1,4,1538805078910,Entertainment,0,0.575
EEG4ndMbBBKJKLWrB,b27248977a1d2ea1694045b2d6a2a49c3ad301f19fb0d283dbc176829bba6882,15,1,4,1538805078910,Entertainment,2,0.58
frSctMNyhX7WyytsX,b27248977a1d2ea1694045b2d6a2a49c3ad301f19fb0d283dbc176829bba6882,16,0.27,4,1538805078911,Entertainment,1.0657999999999999,0.385
WTAX62H4wPkXfNGaf,b27248977a1d2ea1694045b2d6a2a49c3ad301f19fb0d283dbc176829bba6882,17,0.61,4,1538805078911,Entertainment,0.7442,0.565
BhvKoJhqQHGMvqJYz,b27248977a1d2ea1694045b2d6a2a49c3ad301f19fb0d283dbc176829bba6882,18,0.35,4,1538805078911,Entertainment,0.24499999999999997,0.645
hX8aDowQEvw8gSGEP,aad0326e69e187c64d8794c1b3a47ba502b850844e15a103a67cad0a1e57950b,1,1,4,1538805977679,Sports,0,0.555
uArsQcx7nR5pfuZLq,aad0326e69e187c64d8794c1b3a47ba502b850844e15a103a67cad0a1e57950b,2,0.2,4,1538805977679,Sports,0.08000000000000002,0.395
4dxXShvo6wbY8x7ww,aad0326e69e187c64d8794c1b3a47ba502b850844e15a103a67cad0a1e57950b,3,0.3,4,1538805977679,Sports,0.18,0.54
434eKofsmujaaiZ8Z,aad0326e69e187c64d8794c1b3a47ba502b850844e15a103a67cad0a1e57950b,4,0.25,4,1538805977679,Sports,1.125,0.33
N3Z9uyzWEmWxxD3vz,aad0326e69e187c64d8794c1b3a47ba502b850844e15a103a67cad0a1e57950b,5,1,4,1538805977679,Sports,2,0.465
ikuTvAHeWTg6K6QHr,aad0326e69e187c64d8794c1b3a47ba502b850844e15a103a67cad0a1e57950b,6,1,4,1538805977679,Sports,2,0.575
fGpWKNpeQEjoSReTy,aad0326e69e187c64d8794c1b3a47ba502b850844e15a103a67cad0a1e57950b,7,0.3,4,1538806005087,Politics,0.18,0.68
Q9F4YKurNFeBd2z4S,aad0326e69e187c64d8794c1b3a47ba502b850844e15a103a67cad0a1e57950b,8,0.1,4,1538806005087,Politics,1.62,0.365
7vh3knXnmMjAbnNwC,aad0326e69e187c64d8794c1b3a47ba502b850844e15a103a67cad0a1e57950b,9,0.25,4,1538806005087,Politics,0.125,0.425
bfsBwTvvbPH6YFmEk,aad0326e69e187c64d8794c1b3a47ba502b850844e15a103a67cad0a1e57950b,10,0.2,4,1538806005091,Politics,0.08000000000000002,0.39
XfjQ6pYDgmKerBgs5,aad0326e69e187c64d8794c1b3a47ba502b850844e15a103a67cad0a1e57950b,11,0.5,4,1538806005091,Politics,0.5,0.45
MpoNSt5bQJy4odaKi,aad0326e69e187c64d8794c1b3a47ba502b850844e15a103a67cad0a1e57950b,12,1,4,1538806005091,Politics,2,0.44
NaYwivhJ93Q48jRXW,13dbcc4633a63d74dc55f450c2e7028dca2fe60ddcf0bc23ed7103da21824056,1,0.75,4,1538806041706,Sports,0.125,0.535
sgCaa7GLuF5zMoTk2,13dbcc4633a63d74dc55f450c2e7028dca2fe60ddcf0bc23ed7103da21824056,2,0.45,4,1538806041707,Sports,0.405,0.62
WYru73ondXLN3FQkL,13dbcc4633a63d74dc55f450c2e7028dca2fe60ddcf0bc23ed7103da21824056,3,0.1,4,1538806041707,Sports,0.020000000000000004,0.375
nKKEjbp68Svm3JwRq,13dbcc4633a63d74dc55f450c2e7028dca2fe60ddcf0bc23ed7103da21824056,4,0.5,4,1538806041707,Sports,0.5,0.625
XDE3Txy6S9oDHSN3R,13dbcc4633a63d74dc55f450c2e7028dca2fe60ddcf0bc23ed7103da21824056,5,0.57,4,1538806041708,Sports,0.6497999999999999,0.53
2gwfhREuyaBumA58x,13dbcc4633a63d74dc55f450c2e7028dca2fe60ddcf0bc23ed7103da21824056,6,0.52,4,1538806041708,Sports,0.5408000000000001,0.565
cYHHpPLhB4fgiXDGL,13dbcc4633a63d74dc55f450c2e7028dca2fe60ddcf0bc23ed7103da21824056,7,0.65,4,1538806054877,Politics,0.8450000000000001,0.53
fzgLN7emH8Cw2nfLD,13dbcc4633a63d74dc55f450c2e7028dca2fe60ddcf0bc23ed7103da21824056,8,0.36,4,1538806054877,Politics,0.8192,0.61
Ruitpv9NPsXZCnAzz,13dbcc4633a63d74dc55f450c2e7028dca2fe60ddcf0bc23ed7103da21824056,9,0.64,4,1538806054877,Politics,0.8192,0.465
mS8oRQYcHq2yx5oDy,13dbcc4633a63d74dc55f450c2e7028dca2fe60ddcf0bc23ed7103da21824056,10,0.72,4,1538806054877,Politics,1.0368,0.265
DY7ZTi966vgd3m4ER,13dbcc4633a63d74dc55f450c2e7028dca2fe60ddcf0bc23ed7103da21824056,11,0.51,4,1538806054877,Politics,0.5202,0.435
mEh2wNah5AcTko2kT,13dbcc4633a63d74dc55f450c2e7028dca2fe60ddcf0bc23ed7103da21824056,12,0.61,4,1538806054878,Politics,0.7442,0.345
xyaCawQ2MDvLwKoPj,aad0326e69e187c64d8794c1b3a47ba502b850844e15a103a67cad0a1e57950b,13,0.4,4,1538806030497,Entertainment,0.32000000000000006,0.615
Hqy3jMYAbQb2Zhqbn,aad0326e69e187c64d8794c1b3a47ba502b850844e15a103a67cad0a1e57950b,14,0.6,4,1538806030497,Entertainment,0.32000000000000006,0.55
zzsci6wF2F6Rf85PG,aad0326e69e187c64d8794c1b3a47ba502b850844e15a103a67cad0a1e57950b,15,1,4,1538806030497,Entertainment,2,0.49
mwe5DRkKgXoTGAoCp,aad0326e69e187c64d8794c1b3a47ba502b850844e15a103a67cad0a1e57950b,16,0.25,4,1538806030501,Entertainment,1.125,0.45
7MNDGWLGmsTfcPzNB,aad0326e69e187c64d8794c1b3a47ba502b850844e15a103a67cad0a1e57950b,17,0.3,4,1538806030501,Entertainment,0.18,0.635
qQizvtjnPujhugxjg,aad0326e69e187c64d8794c1b3a47ba502b850844e15a103a67cad0a1e57950b,18,0.2,4,1538806030501,Entertainment,0.08000000000000002,0.495
KthWmv7FT3YHAgzYH,13dbcc4633a63d74dc55f450c2e7028dca2fe60ddcf0bc23ed7103da21824056,13,0.79,4,1538806172148,Entertainment,1.2482000000000002,0.555
2E5foD8cxeKdXkok8,13dbcc4633a63d74dc55f450c2e7028dca2fe60ddcf0bc23ed7103da21824056,14,0.91,4,1538806172148,Entertainment,0.01619999999999999,0.54
RSH9zhhBJuNeAfgPX,13dbcc4633a63d74dc55f450c2e7028dca2fe60ddcf0bc23ed7103da21824056,15,0.82,4,1538806172150,Entertainment,1.3447999999999998,0.475
7Lm2D9EFecwJYxqi6,13dbcc4633a63d74dc55f450c2e7028dca2fe60ddcf0bc23ed7103da21824056,16,0.87,4,1538806172150,Entertainment,0.033800000000000004,0.42
hwWSRaHkAAZ2DjZLW,13dbcc4633a63d74dc55f450c2e7028dca2fe60ddcf0bc23ed7103da21824056,17,0.64,4,1538806172150,Entertainment,0.8192,0.475
JETGrkt4Kj7mx8q7W,13dbcc4633a63d74dc55f450c2e7028dca2fe60ddcf0bc23ed7103da21824056,18,0.33,4,1538806172150,Entertainment,0.21780000000000002,0.57
8dKySaqFXc2ZakYjh,56b012b4e19d4b94e85383eeb27c8d6284e696eda3bf95dd6c449d7c5b1900cc,1,0.53,4,1538806227183,Sports,0.44179999999999997,0.625
7PJnJJ4PMo74kcA2c,56b012b4e19d4b94e85383eeb27c8d6284e696eda3bf95dd6c449d7c5b1900cc,2,0.56,4,1538806227188,Sports,0.6272000000000001,0.575
LG7qwgraFcpDcAYcK,56b012b4e19d4b94e85383eeb27c8d6284e696eda3bf95dd6c449d7c5b1900cc,3,0.44,4,1538806227191,Sports,0.3872,0.415
2QbD7XD3G7tN4LjJn,56b012b4e19d4b94e85383eeb27c8d6284e696eda3bf95dd6c449d7c5b1900cc,4,0.56,4,1538806227194,Sports,0.38719999999999993,0.625
vBduwWKMzFpJ7NKED,56b012b4e19d4b94e85383eeb27c8d6284e696eda3bf95dd6c449d7c5b1900cc,5,0.3,4,1538806227198,Sports,0.18,0.625
Q27pftLo3Rt3c9LrS,56b012b4e19d4b94e85383eeb27c8d6284e696eda3bf95dd6c449d7c5b1900cc,6,0.62,4,1538806227200,Sports,0.7688,0.52
NEFNZYDQPdo9bfyFg,56b012b4e19d4b94e85383eeb27c8d6284e696eda3bf95dd6c449d7c5b1900cc,7,0.36,4,1538806288950,Politics,0.2592,0.595
fhL69K2pEfPycsAex,56b012b4e19d4b94e85383eeb27c8d6284e696eda3bf95dd6c449d7c5b1900cc,8,0.18,4,1538806288953,Politics,1.3448000000000002,0.27
mj8eYZTk8pGu39tor,56b012b4e19d4b94e85383eeb27c8d6284e696eda3bf95dd6c449d7c5b1900cc,9,0.58,4,1538806288956,Politics,0.6728,0.525
q4sL7CiyxpdPjY8nw,56b012b4e19d4b94e85383eeb27c8d6284e696eda3bf95dd6c449d7c5b1900cc,10,0.6,4,1538806288963,Politics,0.72,0.32
mm4zHhoN3MzSFsTSQ,56b012b4e19d4b94e85383eeb27c8d6284e696eda3bf95dd6c449d7c5b1900cc,11,0.6,4,1538806288966,Politics,0.72,0.365
fDWHQwuG5ibcyK2ip,56b012b4e19d4b94e85383eeb27c8d6284e696eda3bf95dd6c449d7c5b1900cc,12,0.4,4,1538806288967,Politics,0.32000000000000006,0.39
NEYf8gZR5sZHYGoWw,56b012b4e19d4b94e85383eeb27c8d6284e696eda3bf95dd6c449d7c5b1900cc,13,0.62,4,1538806333876,Entertainment,0.7688,0.485
7FQZNgHyJrNmn6wFm,56b012b4e19d4b94e85383eeb27c8d6284e696eda3bf95dd6c449d7c5b1900cc,14,0.31,4,1538806333877,Entertainment,0.9521999999999998,0.57
LaBWvnv3DRPBQpCNG,56b012b4e19d4b94e85383eeb27c8d6284e696eda3bf95dd6c449d7c5b1900cc,15,0.3,4,1538806333879,Entertainment,0.18,0.59
M96AS8svQwLiMiuKe,56b012b4e19d4b94e85383eeb27c8d6284e696eda3bf95dd6c449d7c5b1900cc,16,0.34,4,1538806333882,Entertainment,0.8711999999999998,0.585
kaeyBthHkQPfQ6XLd,56b012b4e19d4b94e85383eeb27c8d6284e696eda3bf95dd6c449d7c5b1900cc,17,0.23,4,1538806333884,Entertainment,0.1058,0.36
z2LskuXe8bxZnoAGr,56b012b4e19d4b94e85383eeb27c8d6284e696eda3bf95dd6c449d7c5b1900cc,18,0.56,4,1538806333888,Entertainment,0.6272000000000001,0.53
J8iKvcG5x2Z8fD9jE,f2ae0facbbbe4aea8bcc268e6eb15d08d87ccec000a3ca1efad482c978f43e5b,1,0.5,4,1538807748894,Sports,0.5,0.55
A9YpZ3GdSPKNaxcMf,f2ae0facbbbe4aea8bcc268e6eb15d08d87ccec000a3ca1efad482c978f43e5b,2,0.5,4,1538807748894,Sports,0.5,0.575
qjityoERfDcb5xXRH,f2ae0facbbbe4aea8bcc268e6eb15d08d87ccec000a3ca1efad482c978f43e5b,3,0.3,4,1538807748894,Sports,0.18,0.52
cijQDrwmmyzyqX7yc,f2ae0facbbbe4aea8bcc268e6eb15d08d87ccec000a3ca1efad482c978f43e5b,4,0.48,4,1538807748897,Sports,0.5408000000000001,0.605
MhwXsKCAQ85Z6c4iG,f2ae0facbbbe4aea8bcc268e6eb15d08d87ccec000a3ca1efad482c978f43e5b,5,0.47,4,1538807748897,Sports,0.44179999999999997,0.54
icso29eugedLfQh6s,f2ae0facbbbe4aea8bcc268e6eb15d08d87ccec000a3ca1efad482c978f43e5b,6,0.46,4,1538807748898,Sports,0.4232,0.51
uyPq5L5uzwvD6XZHW,f2ae0facbbbe4aea8bcc268e6eb15d08d87ccec000a3ca1efad482c978f43e5b,7,0.52,4,1538807800205,Politics,0.5408000000000001,0.57
yPwQsRDyuAyKTzJsp,f2ae0facbbbe4aea8bcc268e6eb15d08d87ccec000a3ca1efad482c978f43e5b,8,0.52,4,1538807800205,Politics,0.4608,0.555
StPne75nitfFdj4XQ,f2ae0facbbbe4aea8bcc268e6eb15d08d87ccec000a3ca1efad482c978f43e5b,9,0.47,4,1538807800206,Politics,0.44179999999999997,0.51
7Lc95dncWcLqFH5yx,f2ae0facbbbe4aea8bcc268e6eb15d08d87ccec000a3ca1efad482c978f43e5b,10,0.41,4,1538807800206,Politics,0.33619999999999994,0.38
EyEBWcb6oMP797hbs,f2ae0facbbbe4aea8bcc268e6eb15d08d87ccec000a3ca1efad482c978f43e5b,11,0.57,4,1538807800206,Politics,0.6497999999999999,0.46
nKHZorejcceB8LPrR,f2ae0facbbbe4aea8bcc268e6eb15d08d87ccec000a3ca1efad482c978f43e5b,12,0.46,4,1538807800207,Politics,0.4232,0.345
aAv35X4jhozcjFjm6,f2ae0facbbbe4aea8bcc268e6eb15d08d87ccec000a3ca1efad482c978f43e5b,13,0.46,4,1538807836732,Entertainment,0.4232,0.505
voyCyTjbMJxjfXMRA,f2ae0facbbbe4aea8bcc268e6eb15d08d87ccec000a3ca1efad482c978f43e5b,14,0.62,4,1538807836733,Entertainment,0.2888,0.46
iw8u9Y6LqhQ6FpRgu,f2ae0facbbbe4aea8bcc268e6eb15d08d87ccec000a3ca1efad482c978f43e5b,15,0.69,4,1538807836733,Entertainment,0.9521999999999998,0.475
rpMtgtGvpaSed5qDt,f2ae0facbbbe4aea8bcc268e6eb15d08d87ccec000a3ca1efad482c978f43e5b,16,0.42,4,1538807836735,Entertainment,0.6728000000000002,0.475
awKFuWodbi5QNCygz,f2ae0facbbbe4aea8bcc268e6eb15d08d87ccec000a3ca1efad482c978f43e5b,17,0.47,4,1538807836735,Entertainment,0.44179999999999997,0.51
jSn9zLpbMCEYkyQ2x,f2ae0facbbbe4aea8bcc268e6eb15d08d87ccec000a3ca1efad482c978f43e5b,18,0.7,4,1538807836735,Entertainment,0.9799999999999999,0.405
TunsJR68sp4JNsWNB,6cf1def008b64d72366f2a2277275e96450c87ee5a4f0ce5aa34278e3473a4c9,1,0.2,4,1538808068703,Sports,1.2800000000000002,0.495
mwut7WFXJ8g2fDqNf,6cf1def008b64d72366f2a2277275e96450c87ee5a4f0ce5aa34278e3473a4c9,2,0.7,4,1538808068703,Sports,0.9799999999999999,0.69
kMAprRhudgQQw4i7t,6cf1def008b64d72366f2a2277275e96450c87ee5a4f0ce5aa34278e3473a4c9,3,0.7,4,1538808068704,Sports,0.9799999999999999,0.52
RgGZS6Eg9woRrF77c,6cf1def008b64d72366f2a2277275e96450c87ee5a4f0ce5aa34278e3473a4c9,4,0.7,4,1538808068705,Sports,0.18000000000000005,0.65
drz7EHZjmdam3sRcJ,6cf1def008b64d72366f2a2277275e96450c87ee5a4f0ce5aa34278e3473a4c9,5,0.25,4,1538808068705,Sports,0.125,0.51
ME5QMe5CcvSFf5joc,6cf1def008b64d72366f2a2277275e96450c87ee5a4f0ce5aa34278e3473a4c9,6,0.15,4,1538808068705,Sports,0.045,0.435
JxhkLCQCoehHh44Cs,6cf1def008b64d72366f2a2277275e96450c87ee5a4f0ce5aa34278e3473a4c9,7,0.8,4,1538808328221,Politics,1.2800000000000002,0.65
CLsTAXdkbHCQpTXgE,6cf1def008b64d72366f2a2277275e96450c87ee5a4f0ce5aa34278e3473a4c9,8,0.6,4,1538808328221,Politics,0.32000000000000006,0.62
T4eMmb9bKuam54xWc,6cf1def008b64d72366f2a2277275e96450c87ee5a4f0ce5aa34278e3473a4c9,9,0.25,4,1538808328222,Politics,0.125,0.55
mPhQDtGmv79ksEf5G,6cf1def008b64d72366f2a2277275e96450c87ee5a4f0ce5aa34278e3473a4c9,10,0.1,4,1538808328222,Politics,0.020000000000000004,0.575
FHdiNaxMzriQNYZEj,6cf1def008b64d72366f2a2277275e96450c87ee5a4f0ce5aa34278e3473a4c9,11,0.14,4,1538808328222,Politics,0.039200000000000006,0.475
sKpnodNpiXh4YmkQC,6cf1def008b64d72366f2a2277275e96450c87ee5a4f0ce5aa34278e3473a4c9,12,0.1,4,1538808328223,Politics,0.020000000000000004,0.47
9PL7KzPBQNCvMbgce,fc330850c146cf0618ea581047098934e6555ded9f02fe909f3aa713a24759ce,1,0.25,4,1538808635267,Sports,1.125,0.4
LDWk9q3mzvNE5G9Zy,fc330850c146cf0618ea581047098934e6555ded9f02fe909f3aa713a24759ce,2,0.25,4,1538808635267,Sports,0.125,0.45
qkn3k4AQ68NbvANZM,fc330850c146cf0618ea581047098934e6555ded9f02fe909f3aa713a24759ce,3,0.75,4,1538808635268,Sports,1.125,0.52
NwQj27pAmNdnkqDhj,fc330850c146cf0618ea581047098934e6555ded9f02fe909f3aa713a24759ce,4,0.75,4,1538808635269,Sports,0.125,0.575
wMPsKmo3uu3B4BcZF,fc330850c146cf0618ea581047098934e6555ded9f02fe909f3aa713a24759ce,5,0.75,4,1538808635269,Sports,1.125,0.58
wiWYusik9ev4xFNLj,fc330850c146cf0618ea581047098934e6555ded9f02fe909f3aa713a24759ce,6,0.25,4,1538808635270,Sports,0.125,0.485
JbHPkkkovoqeTjLWH,fc330850c146cf0618ea581047098934e6555ded9f02fe909f3aa713a24759ce,7,0.85,4,1538808761389,Politics,1.4449999999999998,0.625
KSdDxdv9JCfdahTs6,fc330850c146cf0618ea581047098934e6555ded9f02fe909f3aa713a24759ce,8,0.75,4,1538808761389,Politics,0.125,0.62
bZ8Bo2W4SE3Z8dKSF,fc330850c146cf0618ea581047098934e6555ded9f02fe909f3aa713a24759ce,9,0.75,4,1538808761389,Politics,1.125,0.535
pCc7hcrTGZcLzErt2,fc330850c146cf0618ea581047098934e6555ded9f02fe909f3aa713a24759ce,10,0.25,4,1538808761392,Politics,0.125,0.395
JEvCEws7jx43h5uoq,fc330850c146cf0618ea581047098934e6555ded9f02fe909f3aa713a24759ce,11,0.25,4,1538808761392,Politics,0.125,0.565
xseR7b3MaKZWGoHu4,fc330850c146cf0618ea581047098934e6555ded9f02fe909f3aa713a24759ce,12,0.75,4,1538808761392,Politics,1.125,0.4
A4ZLkXFbA5LTHPz3u,6cf1def008b64d72366f2a2277275e96450c87ee5a4f0ce5aa34278e3473a4c9,13,0.1,4,1538808832206,Entertainment,0.020000000000000004,0.44
45vo5uE79dsu2SMuS,6cf1def008b64d72366f2a2277275e96450c87ee5a4f0ce5aa34278e3473a4c9,14,0.7,4,1538808832206,Entertainment,0.18000000000000005,0.605
xjpmDkoFLPHZQpqKK,6cf1def008b64d72366f2a2277275e96450c87ee5a4f0ce5aa34278e3473a4c9,15,0.1,4,1538808832206,Entertainment,0.020000000000000004,0.42
wSnAqTagoGaezZc8H,6cf1def008b64d72366f2a2277275e96450c87ee5a4f0ce5aa34278e3473a4c9,16,0.65,4,1538808832207,Entertainment,0.24499999999999997,0.615
S866XCHrZfmkXhwid,6cf1def008b64d72366f2a2277275e96450c87ee5a4f0ce5aa34278e3473a4c9,17,0.2,4,1538808832207,Entertainment,0.08000000000000002,0.5
dHMzGLD48hEHyTkSF,6cf1def008b64d72366f2a2277275e96450c87ee5a4f0ce5aa34278e3473a4c9,18,0.15,4,1538808832207,Entertainment,0.045,0.455
YQxNfTz2xiD2F9b4s,fc330850c146cf0618ea581047098934e6555ded9f02fe909f3aa713a24759ce,13,0.75,4,1538808999995,Entertainment,1.125,0.56
gW3R9kTCbJkYK4dmv,fc330850c146cf0618ea581047098934e6555ded9f02fe909f3aa713a24759ce,14,0.8,4,1538808999995,Entertainment,0.07999999999999996,0.535
ndF7aihRHYgBZm98a,fc330850c146cf0618ea581047098934e6555ded9f02fe909f3aa713a24759ce,15,0.8,4,1538808999995,Entertainment,1.2800000000000002,0.54
o3thCnLWZbHqaDyEW,fc330850c146cf0618ea581047098934e6555ded9f02fe909f3aa713a24759ce,16,0.25,4,1538808999995,Entertainment,1.125,0.465
3ynzT4qxNPKj7TcDW,fc330850c146cf0618ea581047098934e6555ded9f02fe909f3aa713a24759ce,17,0.25,4,1538808999996,Entertainment,0.125,0.44
aG8HGWmAw6tMoBuff,fc330850c146cf0618ea581047098934e6555ded9f02fe909f3aa713a24759ce,18,0.25,4,1538808999996,Entertainment,0.125,0.5
dkmsnkaWrZvJDsMFP,d44b3010a837f8ea4671a4c05d2532e428f7b230893d9141e02539aff47bac69,1,0.5,4,1538809018943,Sports,0.5,0.615
o6b8MBEYEBGdSFGNh,d44b3010a837f8ea4671a4c05d2532e428f7b230893d9141e02539aff47bac69,2,0.71,4,1538809018944,Sports,1.0082,0.615
TRKtgoiRoEqYwmPcK,d44b3010a837f8ea4671a4c05d2532e428f7b230893d9141e02539aff47bac69,3,0.43,4,1538809018946,Sports,0.36979999999999996,0.525
bmuKytSbo5HzeS2ZP,d44b3010a837f8ea4671a4c05d2532e428f7b230893d9141e02539aff47bac69,4,0.8,4,1538809018946,Sports,0.07999999999999996,0.62
j5d63m3b48LCirJoD,d44b3010a837f8ea4671a4c05d2532e428f7b230893d9141e02539aff47bac69,5,0.5,4,1538809018947,Sports,0.5,0.59
Z4yo3tEZmLHgztgRZ,d44b3010a837f8ea4671a4c05d2532e428f7b230893d9141e02539aff47bac69,6,0.51,4,1538809018948,Sports,0.5202,0.57
GQXEpu4TSr2WXe7PN,d44b3010a837f8ea4671a4c05d2532e428f7b230893d9141e02539aff47bac69,7,0.39,4,1538809070982,Politics,0.3042,0.65
wikgjpBn7driocmt4,d44b3010a837f8ea4671a4c05d2532e428f7b230893d9141e02539aff47bac69,8,0.16,4,1538809070983,Politics,1.4111999999999998,0.295
s4h5rYGnf54GycYAG,d44b3010a837f8ea4671a4c05d2532e428f7b230893d9141e02539aff47bac69,9,0.35,4,1538809070985,Politics,0.24499999999999997,0.655
kBkrkspAYPRSnqHCh,d44b3010a837f8ea4671a4c05d2532e428f7b230893d9141e02539aff47bac69,10,0.25,4,1538809070988,Politics,0.125,0.415
YwWPJf5HAByu7YNku,d44b3010a837f8ea4671a4c05d2532e428f7b230893d9141e02539aff47bac69,11,0.27,4,1538809070989,Politics,0.1458,0.51
AjCL9NakYzBKhN3BQ,d44b3010a837f8ea4671a4c05d2532e428f7b230893d9141e02539aff47bac69,12,0.15,4,1538809070990,Politics,0.045,0.43
unfF7PvbzXprkteBx,d44b3010a837f8ea4671a4c05d2532e428f7b230893d9141e02539aff47bac69,13,0.83,4,1538809163751,Entertainment,1.3778,0.47
9uTZcbRJP6xsDMGfn,d44b3010a837f8ea4671a4c05d2532e428f7b230893d9141e02539aff47bac69,14,0.81,4,1538809163752,Entertainment,0.07219999999999996,0.595
LqDmq4mZR4dHn73b6,d44b3010a837f8ea4671a4c05d2532e428f7b230893d9141e02539aff47bac69,15,0.5,4,1538809163752,Entertainment,0.5,0.625
JpsiM49PPLZqw9nGM,d44b3010a837f8ea4671a4c05d2532e428f7b230893d9141e02539aff47bac69,16,0.07,4,1538809163752,Entertainment,1.7297999999999998,0.29
7b7BysDEX2D8SGyCt,d44b3010a837f8ea4671a4c05d2532e428f7b230893d9141e02539aff47bac69,17,0.83,4,1538809163754,Entertainment,1.3778,0.53
MyLzN2FMRHW2BaXC8,d44b3010a837f8ea4671a4c05d2532e428f7b230893d9141e02539aff47bac69,18,0.16,4,1538809163754,Entertainment,0.0512,0.425
id2fiekvQF42G3Qqn,803e100cd9aa392b2746666cb4d34246e54a07425d23fa317854e021935f6ad7,1,0.63,4,1538811076362,Sports,0.2738,0.585
BrAYcMNeDBKemQ2pQ,803e100cd9aa392b2746666cb4d34246e54a07425d23fa317854e021935f6ad7,2,0.57,4,1538811076367,Sports,0.6497999999999999,0.58
AahZstoKD4aDsQced,803e100cd9aa392b2746666cb4d34246e54a07425d23fa317854e021935f6ad7,3,0.11,4,1538811076370,Sports,0.0242,0.455
k4wFKALmNfdZivttd,803e100cd9aa392b2746666cb4d34246e54a07425d23fa317854e021935f6ad7,4,0.38,4,1538811076372,Sports,0.7688,0.655
vA9cfY6pro46SkSK9,803e100cd9aa392b2746666cb4d34246e54a07425d23fa317854e021935f6ad7,5,0.33,4,1538811076373,Sports,0.21780000000000002,0.645
hD8s5jE4JhTuAAnuS,803e100cd9aa392b2746666cb4d34246e54a07425d23fa317854e021935f6ad7,6,0.33,4,1538811076374,Sports,0.21780000000000002,0.64
EooMADARXHN3CiHyQ,803e100cd9aa392b2746666cb4d34246e54a07425d23fa317854e021935f6ad7,7,0.83,4,1538811569005,Politics,1.3778,0.645
YESTJ2uRsTBtxWaAi,803e100cd9aa392b2746666cb4d34246e54a07425d23fa317854e021935f6ad7,8,0.82,4,1538811569008,Politics,0.06480000000000004,0.585
LQavWjgNsWvqvbWhw,803e100cd9aa392b2746666cb4d34246e54a07425d23fa317854e021935f6ad7,9,0.11,4,1538811569011,Politics,0.0242,0.485
cNtbKr4ctGPPSnaZm,803e100cd9aa392b2746666cb4d34246e54a07425d23fa317854e021935f6ad7,10,0.21,4,1538811569012,Politics,0.08819999999999999,0.425
JbKAiDFYfTTXCrWkq,803e100cd9aa392b2746666cb4d34246e54a07425d23fa317854e021935f6ad7,11,0.22,4,1538811569013,Politics,0.0968,0.535
27XozHfDPBuJsjLzh,803e100cd9aa392b2746666cb4d34246e54a07425d23fa317854e021935f6ad7,12,0.1,4,1538811569014,Politics,0.020000000000000004,0.415
f44MkgbZaXZksbc9X,f9a5c1a5fc2b79b732fef713aed71e2f43ea28bcdc20fc65b300a3df3200dc91,1,0.52,4,1538811687976,Sports,0.4608,0.57
oouvm6fLtnPggCwu4,f9a5c1a5fc2b79b732fef713aed71e2f43ea28bcdc20fc65b300a3df3200dc91,2,0.65,4,1538811687978,Sports,0.8450000000000001,0.515
whtNMfrm7npkWfsNL,f9a5c1a5fc2b79b732fef713aed71e2f43ea28bcdc20fc65b300a3df3200dc91,3,0.17,4,1538811687979,Sports,0.05780000000000001,0.34
KJ3W6y93pLicuBy9W,f9a5c1a5fc2b79b732fef713aed71e2f43ea28bcdc20fc65b300a3df3200dc91,4,0.59,4,1538811687979,Sports,0.33620000000000005,0.61
kQzKotdMziJ9KivfP,f9a5c1a5fc2b79b732fef713aed71e2f43ea28bcdc20fc65b300a3df3200dc91,5,0.26,4,1538811687980,Sports,0.13520000000000001,0.385
8eRDovdnz5ceX9hnK,f9a5c1a5fc2b79b732fef713aed71e2f43ea28bcdc20fc65b300a3df3200dc91,6,0.57,4,1538811687980,Sports,0.6497999999999999,0.575
QwFHRAXr9yfmA7H7N,f9a5c1a5fc2b79b732fef713aed71e2f43ea28bcdc20fc65b300a3df3200dc91,7,0.83,4,1538811741529,Politics,1.3778,0.57
wpiA83WcEZYb9npHb,f9a5c1a5fc2b79b732fef713aed71e2f43ea28bcdc20fc65b300a3df3200dc91,8,0.54,4,1538811741529,Politics,0.4231999999999999,0.605
rtf4KCo2rZgPC6PDC,f9a5c1a5fc2b79b732fef713aed71e2f43ea28bcdc20fc65b300a3df3200dc91,9,0.61,4,1538811741530,Politics,0.7442,0.465
sNp9Mfz2fu2Qa3zzZ,f9a5c1a5fc2b79b732fef713aed71e2f43ea28bcdc20fc65b300a3df3200dc91,10,0.3,4,1538811741530,Politics,0.18,0.46
iKJEPapSzskamzNkS,f9a5c1a5fc2b79b732fef713aed71e2f43ea28bcdc20fc65b300a3df3200dc91,11,0.47,4,1538811741533,Politics,0.44179999999999997,0.505
khWC9QGzyorLLECp5,f9a5c1a5fc2b79b732fef713aed71e2f43ea28bcdc20fc65b300a3df3200dc91,12,0.38,4,1538811741534,Politics,0.2888,0.555
fq44k6j8ZspPotEGP,f9a5c1a5fc2b79b732fef713aed71e2f43ea28bcdc20fc65b300a3df3200dc91,13,0.74,4,1538811744202,Entertainment,1.0952,0.49
X8zGjyBYPX9meP3aY,f9a5c1a5fc2b79b732fef713aed71e2f43ea28bcdc20fc65b300a3df3200dc91,14,0.41,4,1538811744202,Entertainment,0.6962000000000002,0.61
w2HNWZbvM5JSqC4aJ,f9a5c1a5fc2b79b732fef713aed71e2f43ea28bcdc20fc65b300a3df3200dc91,15,0.73,4,1538811744203,Entertainment,1.0657999999999999,0.51
cqgqDp2avujpKL3pH,f9a5c1a5fc2b79b732fef713aed71e2f43ea28bcdc20fc65b300a3df3200dc91,16,0.55,4,1538811744203,Entertainment,0.4049999999999999,0.57
tp2fuxp4ghxz7BZJB,f9a5c1a5fc2b79b732fef713aed71e2f43ea28bcdc20fc65b300a3df3200dc91,17,0.69,4,1538811744204,Entertainment,0.9521999999999998,0.515
cw9GHwKEfeMc4RwMH,f9a5c1a5fc2b79b732fef713aed71e2f43ea28bcdc20fc65b300a3df3200dc91,18,0.71,4,1538811744204,Entertainment,1.0082,0.515
r3n6944Z4fFSCp69i,6b2ce5832fcb7f9cff368d7ca475b31219dbae8dede044033fd2f3234ca12627,1,0.34,4,1538811941463,Sports,0.8711999999999998,0.62
oJiNk6cSbtL7thWH9,6b2ce5832fcb7f9cff368d7ca475b31219dbae8dede044033fd2f3234ca12627,2,0.41,4,1538811941503,Sports,0.33619999999999994,0.565
me26L6c3MwDFWF8uF,6b2ce5832fcb7f9cff368d7ca475b31219dbae8dede044033fd2f3234ca12627,3,0.46,4,1538811941508,Sports,0.4232,0.52
uJZhdysYq5xWkZA6y,6b2ce5832fcb7f9cff368d7ca475b31219dbae8dede044033fd2f3234ca12627,4,0.78,4,1538811941515,Sports,0.09679999999999998,0.61
MiatZa7kpwuuh7K2R,6b2ce5832fcb7f9cff368d7ca475b31219dbae8dede044033fd2f3234ca12627,5,0.38,4,1538811941518,Sports,0.2888,0.635
wqa6ExpwrNTcyHbvx,6b2ce5832fcb7f9cff368d7ca475b31219dbae8dede044033fd2f3234ca12627,6,0.24,4,1538811941523,Sports,0.1152,0.52
tzoj7GpTtrDKSwGWF,803e100cd9aa392b2746666cb4d34246e54a07425d23fa317854e021935f6ad7,13,0.07,4,1538812379047,Entertainment,0.009800000000000001,0.27
uwKoNJF8y8tudoLvm,803e100cd9aa392b2746666cb4d34246e54a07425d23fa317854e021935f6ad7,14,0.76,4,1538812379051,Entertainment,0.1152,0.54
zGcrKJa7qkWdXEce5,803e100cd9aa392b2746666cb4d34246e54a07425d23fa317854e021935f6ad7,15,0.2,4,1538812379053,Entertainment,0.08000000000000002,0.45
2xQ93LEuW8EhuZmXZ,803e100cd9aa392b2746666cb4d34246e54a07425d23fa317854e021935f6ad7,16,0.39,4,1538812379054,Entertainment,0.7442,0.655
8Rc6vuECbJkSyZANj,803e100cd9aa392b2746666cb4d34246e54a07425d23fa317854e021935f6ad7,17,0.25,4,1538812379056,Entertainment,0.125,0.455
RqoWXQXqSbk3YfTZR,803e100cd9aa392b2746666cb4d34246e54a07425d23fa317854e021935f6ad7,18,0.34,4,1538812379056,Entertainment,0.23120000000000004,0.64
rwLajnhwfBh4Mi9in,b6d76f7077edb946e6ca8735f78ea3ce8c7f1cded875561d37d348ff45b40316,1,0.5,4,1538813447588,Sports,0.5,0.67
Gt2LHf8MPTRXxJLvD,b6d76f7077edb946e6ca8735f78ea3ce8c7f1cded875561d37d348ff45b40316,2,0.5,4,1538813447592,Sports,0.5,0.64
9HFpS44EfrrTG4A6j,b6d76f7077edb946e6ca8735f78ea3ce8c7f1cded875561d37d348ff45b40316,3,0.5,4,1538813447595,Sports,0.5,0.525
WxBZ33imQji8xk62Y,b6d76f7077edb946e6ca8735f78ea3ce8c7f1cded875561d37d348ff45b40316,4,1,4,1538813447597,Sports,0,0.63
jqukXTB5QHdfxedKc,b6d76f7077edb946e6ca8735f78ea3ce8c7f1cded875561d37d348ff45b40316,5,0.5,4,1538813447600,Sports,0.5,0.625
84KM9kT5nfsLjfq6S,b6d76f7077edb946e6ca8735f78ea3ce8c7f1cded875561d37d348ff45b40316,6,0.5,4,1538813447601,Sports,0.5,0.65
yqAEujgQqxG6WimpF,b6d76f7077edb946e6ca8735f78ea3ce8c7f1cded875561d37d348ff45b40316,7,1,4,1538813560818,Politics,2,0.605
eS6qZy6WBN48vDTxJ,b6d76f7077edb946e6ca8735f78ea3ce8c7f1cded875561d37d348ff45b40316,8,0.5,4,1538813560819,Politics,0.5,0.66
amsDAr8rhjxQ7GahG,b6d76f7077edb946e6ca8735f78ea3ce8c7f1cded875561d37d348ff45b40316,9,0.25,4,1538813560821,Politics,0.125,0.48
mAjMRsNJuKACaPwZ2,b6d76f7077edb946e6ca8735f78ea3ce8c7f1cded875561d37d348ff45b40316,10,0,4,1538813560827,Politics,0,0.345
Y4776o7m6kiAxXEc9,b6d76f7077edb946e6ca8735f78ea3ce8c7f1cded875561d37d348ff45b40316,11,0,4,1538813560830,Politics,0,0.315
pFC3EsmL7Rki9cgRo,b6d76f7077edb946e6ca8735f78ea3ce8c7f1cded875561d37d348ff45b40316,12,0.1,4,1538813560831,Politics,0.020000000000000004,0.505
dBMDtDzATyArGFpco,b6d76f7077edb946e6ca8735f78ea3ce8c7f1cded875561d37d348ff45b40316,13,1,4,1538813651420,Entertainment,2,0.52
Yphw9cSHstRMSXMx8,b6d76f7077edb946e6ca8735f78ea3ce8c7f1cded875561d37d348ff45b40316,14,0,4,1538813651428,Entertainment,2,0.27
AGPSoXL9AGeQWYfgj,b6d76f7077edb946e6ca8735f78ea3ce8c7f1cded875561d37d348ff45b40316,15,0.85,4,1538813651434,Entertainment,1.4449999999999998,0.57
zGvWyQzaEL8xJ3rjh,b6d76f7077edb946e6ca8735f78ea3ce8c7f1cded875561d37d348ff45b40316,16,0,4,1538813651439,Entertainment,2,0.255
rf96C5apqyNQoiavA,b6d76f7077edb946e6ca8735f78ea3ce8c7f1cded875561d37d348ff45b40316,17,0.48,4,1538813651445,Entertainment,0.4608,0.58
BFiS7naDCA5wdnQCy,b6d76f7077edb946e6ca8735f78ea3ce8c7f1cded875561d37d348ff45b40316,18,0.84,4,1538813651450,Entertainment,1.4111999999999998,0.535
CaGN5a9b3Dgd3o4zh,6b2ce5832fcb7f9cff368d7ca475b31219dbae8dede044033fd2f3234ca12627,7,0.66,4,1538814970065,Politics,0.8712000000000001,0.505
hh4L4NJpoux9rmAjP,6b2ce5832fcb7f9cff368d7ca475b31219dbae8dede044033fd2f3234ca12627,8,0.84,4,1538814970102,Politics,0.05120000000000002,0.505
fvFHKjGMQ6gGR3Mck,6b2ce5832fcb7f9cff368d7ca475b31219dbae8dede044033fd2f3234ca12627,9,0.32,4,1538814970108,Politics,0.2048,0.535
YpsDoKxdDaMcsveby,6b2ce5832fcb7f9cff368d7ca475b31219dbae8dede044033fd2f3234ca12627,10,0.44,4,1538814970115,Politics,0.3872,0.425
PFcSYxSsZR3qFx4as,6b2ce5832fcb7f9cff368d7ca475b31219dbae8dede044033fd2f3234ca12627,11,0.65,4,1538814970120,Politics,0.8450000000000001,0.365
qXWMzxcWutGY7wSQv,6b2ce5832fcb7f9cff368d7ca475b31219dbae8dede044033fd2f3234ca12627,12,0.34,4,1538814970123,Politics,0.23120000000000004,0.5
vy6jfFAmJwcPYLFfw,28a6cf7a22aefbe45d19acdecd73005f81cc99e67e8accec20b5c62a41c50fa7,1,0.57,4,1538815141960,Sports,0.3698000000000001,0.6
Z4Mw3cRaQ75379dGB,28a6cf7a22aefbe45d19acdecd73005f81cc99e67e8accec20b5c62a41c50fa7,2,0.39,4,1538815141961,Sports,0.3042,0.68
t9xSNdHi4jL4bPwqB,28a6cf7a22aefbe45d19acdecd73005f81cc99e67e8accec20b5c62a41c50fa7,3,0.62,4,1538815141963,Sports,0.7688,0.465
nepSyetQfNBXboEri,28a6cf7a22aefbe45d19acdecd73005f81cc99e67e8accec20b5c62a41c50fa7,4,0.65,4,1538815141964,Sports,0.24499999999999997,0.595
igpjwpSktekqseXuf,28a6cf7a22aefbe45d19acdecd73005f81cc99e67e8accec20b5c62a41c50fa7,5,0.32,4,1538815141966,Sports,0.2048,0.645
X5twvswtpgPTcPorW,28a6cf7a22aefbe45d19acdecd73005f81cc99e67e8accec20b5c62a41c50fa7,6,0.65,4,1538815141967,Sports,0.8450000000000001,0.55
NL6BtgDs36r849ZjW,0df8ebf2a6b63a7df5e3a2cee044e4009c7a6f12b51d07a66249d33677ef754f,1,0.7,4,1538815176211,Sports,0.18000000000000005,0.625
FBiCSpdhA2XcTrr27,0df8ebf2a6b63a7df5e3a2cee044e4009c7a6f12b51d07a66249d33677ef754f,2,1,4,1538815176211,Sports,2,0.56
rP7CAWyQxy8e4fjxX,0df8ebf2a6b63a7df5e3a2cee044e4009c7a6f12b51d07a66249d33677ef754f,3,0.1,4,1538815176211,Sports,0.020000000000000004,0.46
kKBu9Xo9jspMT3eda,0df8ebf2a6b63a7df5e3a2cee044e4009c7a6f12b51d07a66249d33677ef754f,4,0.85,4,1538815176211,Sports,0.04500000000000001,0.685
Zy8YRxrBucjC2eDi7,0df8ebf2a6b63a7df5e3a2cee044e4009c7a6f12b51d07a66249d33677ef754f,5,0.15,4,1538815176212,Sports,0.045,0.37
Rpff7znhTrBDjebaj,0df8ebf2a6b63a7df5e3a2cee044e4009c7a6f12b51d07a66249d33677ef754f,6,0.3,4,1538815176212,Sports,0.18,0.68
oaQBP43bNgZMSysWW,28a6cf7a22aefbe45d19acdecd73005f81cc99e67e8accec20b5c62a41c50fa7,7,0.62,4,1538815178927,Politics,0.7688,0.53
YZJmoaJg3CJYmtJef,28a6cf7a22aefbe45d19acdecd73005f81cc99e67e8accec20b5c62a41c50fa7,8,0.34,4,1538815178929,Politics,0.8711999999999998,0.655
28wFGfM6jZ6muaARM,28a6cf7a22aefbe45d19acdecd73005f81cc99e67e8accec20b5c62a41c50fa7,9,0.37,4,1538815178930,Politics,0.2738,0.57
Nf3t8vYK4yWYZckKT,28a6cf7a22aefbe45d19acdecd73005f81cc99e67e8accec20b5c62a41c50fa7,10,0.09,4,1538815178932,Politics,0.0162,0.35
x2PbGLZTuEy9ANMM9,28a6cf7a22aefbe45d19acdecd73005f81cc99e67e8accec20b5c62a41c50fa7,11,0.16,4,1538815178933,Politics,0.0512,0.475
ncfhibQQzRsqJbMxg,28a6cf7a22aefbe45d19acdecd73005f81cc99e67e8accec20b5c62a41c50fa7,12,0.37,4,1538815178935,Politics,0.2738,0.55
eRm9WQYE7tAJSxwh7,28a6cf7a22aefbe45d19acdecd73005f81cc99e67e8accec20b5c62a41c50fa7,13,0.63,4,1538815205270,Entertainment,0.7938000000000001,0.495
NgcxgKEwvektkNft8,28a6cf7a22aefbe45d19acdecd73005f81cc99e67e8accec20b5c62a41c50fa7,14,0.83,4,1538815205271,Entertainment,0.057800000000000025,0.54
Jok8j2J92YrFkFTWS,28a6cf7a22aefbe45d19acdecd73005f81cc99e67e8accec20b5c62a41c50fa7,15,0.39,4,1538815205272,Entertainment,0.3042,0.685
RTyXiQWAiNFRGvHqg,28a6cf7a22aefbe45d19acdecd73005f81cc99e67e8accec20b5c62a41c50fa7,16,0.17,4,1538815205273,Entertainment,1.3778,0.365
CuD7NfqsnEHwYdM3M,28a6cf7a22aefbe45d19acdecd73005f81cc99e67e8accec20b5c62a41c50fa7,17,0.72,4,1538815205274,Entertainment,1.0368,0.51
MTxdJzkiszNfAFZjD,28a6cf7a22aefbe45d19acdecd73005f81cc99e67e8accec20b5c62a41c50fa7,18,0.24,4,1538815205275,Entertainment,0.1152,0.43
xqhW9Tu6paqYjsFfp,0df8ebf2a6b63a7df5e3a2cee044e4009c7a6f12b51d07a66249d33677ef754f,7,1,4,1538815233961,Politics,2,0.56
MLux7vGC23Qwpxmj7,0df8ebf2a6b63a7df5e3a2cee044e4009c7a6f12b51d07a66249d33677ef754f,8,0.25,4,1538815233962,Politics,1.125,0.495
ckvPkuk7N5wd766QP,0df8ebf2a6b63a7df5e3a2cee044e4009c7a6f12b51d07a66249d33677ef754f,9,0.2,4,1538815233962,Politics,0.08000000000000002,0.475
mTYREsL6onnyj9mpK,0df8ebf2a6b63a7df5e3a2cee044e4009c7a6f12b51d07a66249d33677ef754f,10,0.1,4,1538815233962,Politics,0.020000000000000004,0.56
3CYCztKiqDkSxZGqy,0df8ebf2a6b63a7df5e3a2cee044e4009c7a6f12b51d07a66249d33677ef754f,11,0.9,4,1538815233963,Politics,1.62,0.485
DYkgkp3k69hxG3Y3S,0df8ebf2a6b63a7df5e3a2cee044e4009c7a6f12b51d07a66249d33677ef754f,12,0,4,1538815233963,Politics,0,0.37
Fi2y9xJMYNdjB5eNw,0df8ebf2a6b63a7df5e3a2cee044e4009c7a6f12b51d07a66249d33677ef754f,13,0.2,4,1538815309858,Entertainment,0.08000000000000002,0.35
NiHHhthzbodyCeMk2,0df8ebf2a6b63a7df5e3a2cee044e4009c7a6f12b51d07a66249d33677ef754f,14,1,4,1538815309858,Entertainment,0,0.57
4taFobjoXwsmG2rqi,0df8ebf2a6b63a7df5e3a2cee044e4009c7a6f12b51d07a66249d33677ef754f,15,0.65,4,1538815309858,Entertainment,0.8450000000000001,0.59
sQy8sSJje8uXNpHfz,0df8ebf2a6b63a7df5e3a2cee044e4009c7a6f12b51d07a66249d33677ef754f,16,0.85,4,1538815309859,Entertainment,0.04500000000000001,0.565
dNYcdMxPScJyrKpMk,0df8ebf2a6b63a7df5e3a2cee044e4009c7a6f12b51d07a66249d33677ef754f,17,0.3,4,1538815309859,Entertainment,0.18,0.685
ZyDgxmH9yzHBpjr8H,0df8ebf2a6b63a7df5e3a2cee044e4009c7a6f12b51d07a66249d33677ef754f,18,0.7,4,1538815309860,Entertainment,0.9799999999999999,0.61
uy7oGQgTAxSPZCMjw,6b2ce5832fcb7f9cff368d7ca475b31219dbae8dede044033fd2f3234ca12627,13,0.28,4,1538815346373,Entertainment,0.15680000000000002,0.265
jNyyqvJKk8DRwyM9z,6b2ce5832fcb7f9cff368d7ca475b31219dbae8dede044033fd2f3234ca12627,14,0.37,4,1538815346420,Entertainment,0.7938000000000001,0.605
rrn3284rSiw3s8QJo,6b2ce5832fcb7f9cff368d7ca475b31219dbae8dede044033fd2f3234ca12627,15,0.15,4,1538815346425,Entertainment,0.045,0.325
2jLG5frGqYMxXzFNB,6b2ce5832fcb7f9cff368d7ca475b31219dbae8dede044033fd2f3234ca12627,16,0.75,4,1538815346431,Entertainment,0.125,0.47
Rf9R4BqfYfhTNsPft,6b2ce5832fcb7f9cff368d7ca475b31219dbae8dede044033fd2f3234ca12627,17,0.74,4,1538815346436,Entertainment,1.0952,0.495
Lczwp7tzcdKjzoZBc,6b2ce5832fcb7f9cff368d7ca475b31219dbae8dede044033fd2f3234ca12627,18,0.41,4,1538815346439,Entertainment,0.33619999999999994,0.54
MQ35haAcLP9Xbg7rJ,0df279850957815786198cd8a178fb29b1a78dd2c49a19e0cac92965a112687a,1,0.58,4,1538815658196,Sports,0.35280000000000006,0.575
6ppqpNKSkoQJx89B9,0df279850957815786198cd8a178fb29b1a78dd2c49a19e0cac92965a112687a,2,0.29,4,1538815658205,Sports,0.1682,0.335
B8jb7CFpi6oaatop9,0df279850957815786198cd8a178fb29b1a78dd2c49a19e0cac92965a112687a,3,0.61,4,1538815658209,Sports,0.7442,0.46
pia3zDaGkFMN8hmgg,0df279850957815786198cd8a178fb29b1a78dd2c49a19e0cac92965a112687a,4,0.42,4,1538815658212,Sports,0.6728000000000002,0.6
HtosibWMGtS23P6gi,0df279850957815786198cd8a178fb29b1a78dd2c49a19e0cac92965a112687a,5,0.44,4,1538815658214,Sports,0.3872,0.515
YZZCQCAzt4poKrJ3c,0df279850957815786198cd8a178fb29b1a78dd2c49a19e0cac92965a112687a,6,0.69,4,1538815658217,Sports,0.9521999999999998,0.42
mmsgF4Xx2HnFz2CAB,0df279850957815786198cd8a178fb29b1a78dd2c49a19e0cac92965a112687a,7,0.45,4,1538815759131,Politics,0.405,0.56
LMB8K5CB4dbZT4yPT,0df279850957815786198cd8a178fb29b1a78dd2c49a19e0cac92965a112687a,8,0.52,4,1538815759135,Politics,0.4608,0.605
d7KPNbzrNP5N34XGS,0df279850957815786198cd8a178fb29b1a78dd2c49a19e0cac92965a112687a,9,0.47,4,1538815759137,Politics,0.44179999999999997,0.535
L5LYkEjTWC9c5i23C,0df279850957815786198cd8a178fb29b1a78dd2c49a19e0cac92965a112687a,10,0.44,4,1538815759138,Politics,0.3872,0.38
CRkhjKN5hHNjEFQu8,0df279850957815786198cd8a178fb29b1a78dd2c49a19e0cac92965a112687a,11,0.53,4,1538815759140,Politics,0.5618000000000001,0.435
vhRzK2hDCfv6gL2o5,0df279850957815786198cd8a178fb29b1a78dd2c49a19e0cac92965a112687a,12,0.35,4,1538815759144,Politics,0.24499999999999997,0.475
poai3PEx4nBE7iT9y,0df279850957815786198cd8a178fb29b1a78dd2c49a19e0cac92965a112687a,13,0.74,4,1538815851955,Entertainment,1.0952,0.485
CFbek4v4APMTBvMwX,0df279850957815786198cd8a178fb29b1a78dd2c49a19e0cac92965a112687a,14,0.69,4,1538815851956,Entertainment,0.19220000000000007,0.525
RkJ4NFGcnn4qMnRGy,0df279850957815786198cd8a178fb29b1a78dd2c49a19e0cac92965a112687a,15,0.59,4,1538815851959,Entertainment,0.6961999999999999,0.545
Xgy3oGX9kdfyKJtsZ,0df279850957815786198cd8a178fb29b1a78dd2c49a19e0cac92965a112687a,16,0.42,4,1538815851962,Entertainment,0.6728000000000002,0.56
JztWNjciZZW5RrKXS,0df279850957815786198cd8a178fb29b1a78dd2c49a19e0cac92965a112687a,17,0.58,4,1538815851963,Entertainment,0.6728,0.545
yZQcSuifEc3L733Mu,0df279850957815786198cd8a178fb29b1a78dd2c49a19e0cac92965a112687a,18,0.41,4,1538815851965,Entertainment,0.33619999999999994,0.5
qBkYsJQLxbjoqSzPb,40486fb44a606f07aa05ae04c769d1b51534e657c8bfd051e8f1c43bbfa83fec,1,0.7,4,1538816435952,Sports,0.18000000000000005,0.6
Gxg9CxNLn5SXemrWs,40486fb44a606f07aa05ae04c769d1b51534e657c8bfd051e8f1c43bbfa83fec,2,0.4,4,1538816435954,Sports,0.32000000000000006,0.69
3BH3B3mWcMXkeBeve,40486fb44a606f07aa05ae04c769d1b51534e657c8bfd051e8f1c43bbfa83fec,3,0.2,4,1538816435956,Sports,0.08000000000000002,0.415
TpR4Z6NeM7Y8zKb3C,40486fb44a606f07aa05ae04c769d1b51534e657c8bfd051e8f1c43bbfa83fec,4,0.8,4,1538816435957,Sports,0.07999999999999996,0.605
Fmv3ZxhiWGuKK48AK,40486fb44a606f07aa05ae04c769d1b51534e657c8bfd051e8f1c43bbfa83fec,5,0.6,4,1538816435958,Sports,0.72,0.565
7jd2x3WwTXi8KAEXZ,40486fb44a606f07aa05ae04c769d1b51534e657c8bfd051e8f1c43bbfa83fec,6,0.6,4,1538816435958,Sports,0.72,0.605
CajN2KMTFtbhQWARq,40486fb44a606f07aa05ae04c769d1b51534e657c8bfd051e8f1c43bbfa83fec,7,0.65,4,1538816533910,Politics,0.8450000000000001,0.665
vymrNfuQ7av32EyPe,40486fb44a606f07aa05ae04c769d1b51534e657c8bfd051e8f1c43bbfa83fec,8,0.4,4,1538816533911,Politics,0.72,0.635
rY8B5ymtYqiFwqqbY,40486fb44a606f07aa05ae04c769d1b51534e657c8bfd051e8f1c43bbfa83fec,9,0.4,4,1538816533911,Politics,0.32000000000000006,0.645
5scLpJQdDLwKgsWQC,40486fb44a606f07aa05ae04c769d1b51534e657c8bfd051e8f1c43bbfa83fec,10,0.1,4,1538816533912,Politics,0.020000000000000004,0.545
vdqhin2LgE5byX5rp,40486fb44a606f07aa05ae04c769d1b51534e657c8bfd051e8f1c43bbfa83fec,11,0.05,4,1538816533913,Politics,0.005000000000000001,0.325
mTfjPKkLt9QDGboxM,40486fb44a606f07aa05ae04c769d1b51534e657c8bfd051e8f1c43bbfa83fec,12,0.08,4,1538816533915,Politics,0.0128,0.415
Xo52iB7zHzCkw9nMZ,40486fb44a606f07aa05ae04c769d1b51534e657c8bfd051e8f1c43bbfa83fec,13,0.2,4,1538816697741,Entertainment,0.08000000000000002,0.42
jmr8JKecYJkTzmpck,40486fb44a606f07aa05ae04c769d1b51534e657c8bfd051e8f1c43bbfa83fec,14,0.75,4,1538816697744,Entertainment,0.125,0.65
JfQBKyKjaF6wLNYnh,40486fb44a606f07aa05ae04c769d1b51534e657c8bfd051e8f1c43bbfa83fec,15,0.2,4,1538816697745,Entertainment,0.08000000000000002,0.505
eEMwumbbuDSM3FYyR,40486fb44a606f07aa05ae04c769d1b51534e657c8bfd051e8f1c43bbfa83fec,16,0.2,4,1538816697747,Entertainment,1.2800000000000002,0.49
4yCsNcaKcigL5ZhTD,40486fb44a606f07aa05ae04c769d1b51534e657c8bfd051e8f1c43bbfa83fec,17,0.09,4,1538816697748,Entertainment,0.0162,0.3
ioo3A6ndtYM47tkTf,40486fb44a606f07aa05ae04c769d1b51534e657c8bfd051e8f1c43bbfa83fec,18,0.1,4,1538816697748,Entertainment,0.020000000000000004,0.48
JQrLNv2M8552B4LWz,40f8cd6b67fa9929558ce2d0a823ba8091473ca58ceafc38b9e0d9d3f6b85535,1,0.79,4,1538817743978,Sports,0.08819999999999997,0.565
4LQJ2RrirkJeinsPa,40f8cd6b67fa9929558ce2d0a823ba8091473ca58ceafc38b9e0d9d3f6b85535,2,0.72,4,1538817743979,Sports,1.0368,0.565
4rz9bo94eS5jYanWA,40f8cd6b67fa9929558ce2d0a823ba8091473ca58ceafc38b9e0d9d3f6b85535,3,0.39,4,1538817743981,Sports,0.3042,0.565
5MSibsaXG4w5hiiEY,40f8cd6b67fa9929558ce2d0a823ba8091473ca58ceafc38b9e0d9d3f6b85535,4,0.67,4,1538817743982,Sports,0.21779999999999994,0.595
J5GJ73Mvp2YvDDQBo,40f8cd6b67fa9929558ce2d0a823ba8091473ca58ceafc38b9e0d9d3f6b85535,5,0.61,4,1538817743983,Sports,0.7442,0.485
fhcP2spiYxXfGTXhr,40f8cd6b67fa9929558ce2d0a823ba8091473ca58ceafc38b9e0d9d3f6b85535,6,0.83,4,1538817743984,Sports,1.3778,0.515
WhXaKBXTJKzKZeBeM,40f8cd6b67fa9929558ce2d0a823ba8091473ca58ceafc38b9e0d9d3f6b85535,7,0.62,4,1538817751706,Politics,0.7688,0.58
DvjuBwPkRdMqQW5wn,40f8cd6b67fa9929558ce2d0a823ba8091473ca58ceafc38b9e0d9d3f6b85535,8,0.19,4,1538817751706,Politics,1.3122000000000003,0.29
WdcisC7pNoZ9osS8M,40f8cd6b67fa9929558ce2d0a823ba8091473ca58ceafc38b9e0d9d3f6b85535,9,0.87,4,1538817751707,Politics,1.5138,0.53
rScNHQN23BZQixCZM,40f8cd6b67fa9929558ce2d0a823ba8091473ca58ceafc38b9e0d9d3f6b85535,10,0.85,4,1538817751709,Politics,1.4449999999999998,0.365
K4JXtnBYaJZH37a3Y,40f8cd6b67fa9929558ce2d0a823ba8091473ca58ceafc38b9e0d9d3f6b85535,11,0.94,4,1538817751709,Politics,1.7671999999999999,0.415
b6NRv8CLnth5Fv2kP,40f8cd6b67fa9929558ce2d0a823ba8091473ca58ceafc38b9e0d9d3f6b85535,12,0.57,4,1538817751711,Politics,0.6497999999999999,0.445
feSTqzJbHksJABjTP,40f8cd6b67fa9929558ce2d0a823ba8091473ca58ceafc38b9e0d9d3f6b85535,13,0.76,4,1538817762172,Entertainment,1.1552,0.565
LC2vpuTC2HQydgWNc,40f8cd6b67fa9929558ce2d0a823ba8091473ca58ceafc38b9e0d9d3f6b85535,14,0.41,4,1538817762173,Entertainment,0.6962000000000002,0.65
riGwBDE4h8wutJSqf,40f8cd6b67fa9929558ce2d0a823ba8091473ca58ceafc38b9e0d9d3f6b85535,15,0.77,4,1538817762174,Entertainment,1.1858,0.49
d7psiiFtsKH4D9RDQ,40f8cd6b67fa9929558ce2d0a823ba8091473ca58ceafc38b9e0d9d3f6b85535,16,0.17,4,1538817762176,Entertainment,1.3778,0.37
oXbyRLh2QzJDZXcuB,40f8cd6b67fa9929558ce2d0a823ba8091473ca58ceafc38b9e0d9d3f6b85535,17,0.59,4,1538817762177,Entertainment,0.6961999999999999,0.555
37sDBRz7xLpF8v3G5,40f8cd6b67fa9929558ce2d0a823ba8091473ca58ceafc38b9e0d9d3f6b85535,18,0.72,4,1538817762178,Entertainment,1.0368,0.5
dozic2i6Lc7wuNDny,d78dd0e029fb6858b6671a50b91a9a5893a79f85f3f9b3d71f52270b6c5822dd,1,0.23,4,1538818384889,Sports,1.1858,0.425
zew7FfYASFahzBArM,d78dd0e029fb6858b6671a50b91a9a5893a79f85f3f9b3d71f52270b6c5822dd,2,0.17,4,1538818384894,Sports,0.05780000000000001,0.325
naCrCPtfpbAgBzSW3,d78dd0e029fb6858b6671a50b91a9a5893a79f85f3f9b3d71f52270b6c5822dd,3,0.24,4,1538818384897,Sports,0.1152,0.46
mLXgZqfq3mZfMR9YY,d78dd0e029fb6858b6671a50b91a9a5893a79f85f3f9b3d71f52270b6c5822dd,4,0.74,4,1538818384900,Sports,0.13520000000000001,0.63
jtCrpvafnCL4gS6he,d78dd0e029fb6858b6671a50b91a9a5893a79f85f3f9b3d71f52270b6c5822dd,5,0.83,4,1538818384904,Sports,1.3778,0.49
SBt8BGXWScsiMQ9JM,d78dd0e029fb6858b6671a50b91a9a5893a79f85f3f9b3d71f52270b6c5822dd,6,0.23,4,1538818384908,Sports,0.1058,0.505
5vePM3gkZw8Ejvw93,d78dd0e029fb6858b6671a50b91a9a5893a79f85f3f9b3d71f52270b6c5822dd,7,0.25,4,1538818411337,Politics,0.125,0.365
kJdsFrmCtjr7ss7qQ,d78dd0e029fb6858b6671a50b91a9a5893a79f85f3f9b3d71f52270b6c5822dd,8,0.67,4,1538818411339,Politics,0.21779999999999994,0.565
eXYhBpX858qfFSN5F,d78dd0e029fb6858b6671a50b91a9a5893a79f85f3f9b3d71f52270b6c5822dd,9,0.8,4,1538818411341,Politics,1.2800000000000002,0.545
kqtPCe7JntHmcLAsK,d78dd0e029fb6858b6671a50b91a9a5893a79f85f3f9b3d71f52270b6c5822dd,10,0.29,4,1538818411342,Politics,0.1682,0.38
oodJQBFciGnwco8WC,d78dd0e029fb6858b6671a50b91a9a5893a79f85f3f9b3d71f52270b6c5822dd,11,0.64,4,1538818411342,Politics,0.8192,0.47
T7EKrp2PeCFt5dyRQ,d78dd0e029fb6858b6671a50b91a9a5893a79f85f3f9b3d71f52270b6c5822dd,12,0.94,4,1538818411344,Politics,1.7671999999999999,0.335
7ZrdfnuDHiqwKK7rM,d78dd0e029fb6858b6671a50b91a9a5893a79f85f3f9b3d71f52270b6c5822dd,13,0.19,4,1538818441130,Entertainment,0.0722,0.4
X3geathKH3xs2o8C2,d78dd0e029fb6858b6671a50b91a9a5893a79f85f3f9b3d71f52270b6c5822dd,14,0.9,4,1538818441137,Entertainment,0.01999999999999999,0.6
A8TH42SwvktwW8HmD,d78dd0e029fb6858b6671a50b91a9a5893a79f85f3f9b3d71f52270b6c5822dd,15,0.82,4,1538818441143,Entertainment,1.3447999999999998,0.58
iWTCpGjkcrdYqyXfp,d78dd0e029fb6858b6671a50b91a9a5893a79f85f3f9b3d71f52270b6c5822dd,16,0.32,4,1538818441144,Entertainment,0.9247999999999998,0.64
zJndZbTMKwtFZkoiX,d78dd0e029fb6858b6671a50b91a9a5893a79f85f3f9b3d71f52270b6c5822dd,17,0.36,4,1538818441146,Entertainment,0.2592,0.61
7hfEsMjoCZaNLrs5s,d78dd0e029fb6858b6671a50b91a9a5893a79f85f3f9b3d71f52270b6c5822dd,18,0.42,4,1538818441148,Entertainment,0.35279999999999995,0.615
x5b3bDDzrgpbB3xWm,a5b426572125c62d9bbc0ba8e9ea3961da3ba55de97ee7f058ba56c8492a5fc7,1,0.21,4,1538819021357,Sports,1.2482000000000002,0.55
Lqcjnhw2Jts4RYByB,a5b426572125c62d9bbc0ba8e9ea3961da3ba55de97ee7f058ba56c8492a5fc7,2,1,4,1538819021357,Sports,2,0.705
JLcavyzyJHMKd3fMM,a5b426572125c62d9bbc0ba8e9ea3961da3ba55de97ee7f058ba56c8492a5fc7,3,0.14,4,1538819021358,Sports,0.039200000000000006,0.55
yE86Mm2FCoJsPyZDp,a5b426572125c62d9bbc0ba8e9ea3961da3ba55de97ee7f058ba56c8492a5fc7,4,1,4,1538819021358,Sports,0,0.71
hRG9sKPHpf52NW7S8,a5b426572125c62d9bbc0ba8e9ea3961da3ba55de97ee7f058ba56c8492a5fc7,5,0.13,4,1538819021358,Sports,0.033800000000000004,0.44
inMSCEPbkTn84LhLv,a5b426572125c62d9bbc0ba8e9ea3961da3ba55de97ee7f058ba56c8492a5fc7,6,0.71,4,1538819021359,Sports,1.0082,0.675
TkhahvnSE8E5GZfzB,a5b426572125c62d9bbc0ba8e9ea3961da3ba55de97ee7f058ba56c8492a5fc7,7,0.06,4,1538819105576,Politics,0.0072,0.275
aXYcNYWtCmu6SLRbK,a5b426572125c62d9bbc0ba8e9ea3961da3ba55de97ee7f058ba56c8492a5fc7,8,0.05,4,1538819105577,Politics,1.805,0.3
kc6GuEJX6zQnYgaKL,a5b426572125c62d9bbc0ba8e9ea3961da3ba55de97ee7f058ba56c8492a5fc7,9,0.69,4,1538819105577,Politics,0.9521999999999998,0.57
GiwRuQWZirjrLFf7C,a5b426572125c62d9bbc0ba8e9ea3961da3ba55de97ee7f058ba56c8492a5fc7,10,0.04,4,1538819105577,Politics,0.0032,0.48
cW5JNEcgCjQaSzR9n,a5b426572125c62d9bbc0ba8e9ea3961da3ba55de97ee7f058ba56c8492a5fc7,11,0.05,4,1538819105577,Politics,0.005000000000000001,0.405
DW3hLrpt4Gnnhj83j,a5b426572125c62d9bbc0ba8e9ea3961da3ba55de97ee7f058ba56c8492a5fc7,12,0.07,4,1538819105578,Politics,0.009800000000000001,0.535
3SrMcfex582yWawRM,a5b426572125c62d9bbc0ba8e9ea3961da3ba55de97ee7f058ba56c8492a5fc7,13,0.61,4,1538819164489,Entertainment,0.7442,0.675
SsGEoDFAAWqXjM53v,a5b426572125c62d9bbc0ba8e9ea3961da3ba55de97ee7f058ba56c8492a5fc7,14,0.24,4,1538819164490,Entertainment,1.1552,0.46
xWxYxQwR5SrgG6ZQ8,a5b426572125c62d9bbc0ba8e9ea3961da3ba55de97ee7f058ba56c8492a5fc7,15,0.83,4,1538819164490,Entertainment,1.3778,0.665
ts6SBnRdrNsMjENED,a5b426572125c62d9bbc0ba8e9ea3961da3ba55de97ee7f058ba56c8492a5fc7,16,0.18,4,1538819164490,Entertainment,1.3448000000000002,0.46
N9snn8mDt5aBAce34,a5b426572125c62d9bbc0ba8e9ea3961da3ba55de97ee7f058ba56c8492a5fc7,17,0.16,4,1538819164491,Entertainment,0.0512,0.46
eNEC3AjNFiYE2uwQz,a5b426572125c62d9bbc0ba8e9ea3961da3ba55de97ee7f058ba56c8492a5fc7,18,0.06,4,1538819164491,Entertainment,0.0072,0.345
bXrJH4ArQcJD3Tycs,0a6a760c5928ab025c2a6bb3d3dc1643a71ecfa3f05e40e798451d0fa5a74021,1,0.16,4,1538821302516,Sports,1.4111999999999998,0.4
d8dJsPEmg4oinhqTj,0a6a760c5928ab025c2a6bb3d3dc1643a71ecfa3f05e40e798451d0fa5a74021,2,0.41,4,1538821302521,Sports,0.33619999999999994,0.745
h96phdyBwF243EycF,0a6a760c5928ab025c2a6bb3d3dc1643a71ecfa3f05e40e798451d0fa5a74021,3,0.14,4,1538821302524,Sports,0.039200000000000006,0.455
dibYWchnx8q5Ees2f,0a6a760c5928ab025c2a6bb3d3dc1643a71ecfa3f05e40e798451d0fa5a74021,4,0.58,4,1538821302528,Sports,0.35280000000000006,0.8
3qGbqveJwusc3KRgc,0a6a760c5928ab025c2a6bb3d3dc1643a71ecfa3f05e40e798451d0fa5a74021,5,0.15,4,1538821302531,Sports,0.045,0.475
Hjf4FEt9CGp2wqnxs,0a6a760c5928ab025c2a6bb3d3dc1643a71ecfa3f05e40e798451d0fa5a74021,6,0.28,4,1538821302534,Sports,0.15680000000000002,0.505
CiJqESPjSvfwLy4cJ,0a6a760c5928ab025c2a6bb3d3dc1643a71ecfa3f05e40e798451d0fa5a74021,7,0.12,4,1538821368312,Politics,0.0288,0.415
rKShQxyQZQj5zRLbE,0a6a760c5928ab025c2a6bb3d3dc1643a71ecfa3f05e40e798451d0fa5a74021,8,0.08,4,1538821368316,Politics,1.6928,0.285
wAp3xvzXC6cCkMjrY,0a6a760c5928ab025c2a6bb3d3dc1643a71ecfa3f05e40e798451d0fa5a74021,9,0.23,4,1538821368319,Politics,0.1058,0.56
xRsuSpjPFXojYDEmc,0a6a760c5928ab025c2a6bb3d3dc1643a71ecfa3f05e40e798451d0fa5a74021,10,0.06,4,1538821368322,Politics,0.0072,0.41
ficsN6Bqxc2YCqoTM,0a6a760c5928ab025c2a6bb3d3dc1643a71ecfa3f05e40e798451d0fa5a74021,11,0.23,4,1538821368325,Politics,0.1058,0.57
eMCFZnuWhkEupTbqq,0a6a760c5928ab025c2a6bb3d3dc1643a71ecfa3f05e40e798451d0fa5a74021,12,0.16,4,1538821368327,Politics,0.0512,0.56
b3L9C7hhf9tYWLfmR,0a6a760c5928ab025c2a6bb3d3dc1643a71ecfa3f05e40e798451d0fa5a74021,13,0.65,4,1538821439339,Entertainment,0.8450000000000001,0.625
j66nSgLui25ppgkxz,0a6a760c5928ab025c2a6bb3d3dc1643a71ecfa3f05e40e798451d0fa5a74021,14,0.18,4,1538821439343,Entertainment,1.3448000000000002,0.435
6WHegQWSoMXtbCLPh,0a6a760c5928ab025c2a6bb3d3dc1643a71ecfa3f05e40e798451d0fa5a74021,15,0.2,4,1538821439346,Entertainment,0.08000000000000002,0.485
ZJ28q6yCdmLq3Zniz,0a6a760c5928ab025c2a6bb3d3dc1643a71ecfa3f05e40e798451d0fa5a74021,16,0.23,4,1538821439349,Entertainment,1.1858,0.515
ESRjejheP9goyA5d5,0a6a760c5928ab025c2a6bb3d3dc1643a71ecfa3f05e40e798451d0fa5a74021,17,0.19,4,1538821439351,Entertainment,0.0722,0.415
PnBEeFAeDBwmXNofS,0a6a760c5928ab025c2a6bb3d3dc1643a71ecfa3f05e40e798451d0fa5a74021,18,0.34,4,1538821439354,Entertainment,0.23120000000000004,0.73
X2nvveCqKTAj2SarC,b7507399026e92f7bf10815602eec948c4adee769978114134e05dadf7b46122,1,0.25,4,1538822005372,Sports,1.125,0.34
NwgevuWw56S2iDxiZ,b7507399026e92f7bf10815602eec948c4adee769978114134e05dadf7b46122,2,0.26,4,1538822005374,Sports,0.13520000000000001,0.39
A7LjXxC64qSRqB4u9,b7507399026e92f7bf10815602eec948c4adee769978114134e05dadf7b46122,3,0.15,4,1538822005377,Sports,0.045,0.395
v5JdX7DX7wdDTtkF8,b7507399026e92f7bf10815602eec948c4adee769978114134e05dadf7b46122,4,0.75,4,1538822005378,Sports,0.125,0.625
AMyZcqeKgADd6KQhR,b7507399026e92f7bf10815602eec948c4adee769978114134e05dadf7b46122,5,0.6,4,1538822005381,Sports,0.72,0.46
mysspMAbygLg4ZWWH,b7507399026e92f7bf10815602eec948c4adee769978114134e05dadf7b46122,6,0.35,4,1538822005382,Sports,0.24499999999999997,0.61
rHFtNrpXaqDgFwBkt,6f8ee77ba0e73e6e99e8310c91140b6ef650413c76e5cb66e055d23864bd7975,1,0.43,4,1538821989599,Sports,0.6498000000000002,0.6
Mg4Nf9H9S85xNRN3e,6f8ee77ba0e73e6e99e8310c91140b6ef650413c76e5cb66e055d23864bd7975,2,0.33,4,1538821989601,Sports,0.21780000000000002,0.615
Yby8vB6LmieRtjYt5,6f8ee77ba0e73e6e99e8310c91140b6ef650413c76e5cb66e055d23864bd7975,3,0.61,4,1538821989602,Sports,0.7442,0.455
HqmNTsjDCcEMhXWsj,6f8ee77ba0e73e6e99e8310c91140b6ef650413c76e5cb66e055d23864bd7975,4,0.5,4,1538821989603,Sports,0.5,0.64
YKtA8ztysrPN4XWZm,6f8ee77ba0e73e6e99e8310c91140b6ef650413c76e5cb66e055d23864bd7975,5,0.78,4,1538821989604,Sports,1.2168,0.44
ePtoo8dBjXssgp6Cg,6f8ee77ba0e73e6e99e8310c91140b6ef650413c76e5cb66e055d23864bd7975,6,0.58,4,1538821989606,Sports,0.6728,0.53
2ZvbGFG9gvin7CpeT,b7507399026e92f7bf10815602eec948c4adee769978114134e05dadf7b46122,7,0.65,4,1538822172668,Politics,0.8450000000000001,0.52
mogdf7efEB2SSLSQd,b7507399026e92f7bf10815602eec948c4adee769978114134e05dadf7b46122,8,0.75,4,1538822172669,Politics,0.125,0.475
4apo6HgvXMLGhnkZd,b7507399026e92f7bf10815602eec948c4adee769978114134e05dadf7b46122,9,0.3,4,1538822172672,Politics,0.18,0.59
4MLAJi75FrPgxejxg,b7507399026e92f7bf10815602eec948c4adee769978114134e05dadf7b46122,10,0.4,4,1538822172674,Politics,0.32000000000000006,0.415
mQ6njrWx2N9eh6cop,b7507399026e92f7bf10815602eec948c4adee769978114134e05dadf7b46122,11,0.45,4,1538822172676,Politics,0.405,0.475
cvBfuy9PLp8HFsfXb,b7507399026e92f7bf10815602eec948c4adee769978114134e05dadf7b46122,12,0.65,4,1538822172676,Politics,0.8450000000000001,0.375
ZFwQXwgu2S2dA4qL6,6f8ee77ba0e73e6e99e8310c91140b6ef650413c76e5cb66e055d23864bd7975,7,0.89,4,1538822036752,Politics,1.5842,0.615
6SdnhBiAwxtKyKmRu,6f8ee77ba0e73e6e99e8310c91140b6ef650413c76e5cb66e055d23864bd7975,8,0.24,4,1538822036752,Politics,1.1552,0.4
EcfNguCpcQBgresHK,6f8ee77ba0e73e6e99e8310c91140b6ef650413c76e5cb66e055d23864bd7975,9,0.43,4,1538822036752,Politics,0.36979999999999996,0.595
mhZ9WLpNoozE5Tdnm,6f8ee77ba0e73e6e99e8310c91140b6ef650413c76e5cb66e055d23864bd7975,10,0.56,4,1538822036754,Politics,0.6272000000000001,0.415
H45MfB7cMxWeTuQs5,6f8ee77ba0e73e6e99e8310c91140b6ef650413c76e5cb66e055d23864bd7975,11,0.4,4,1538822036754,Politics,0.32000000000000006,0.515
hgo3AM4oAjd3TkKRN,6f8ee77ba0e73e6e99e8310c91140b6ef650413c76e5cb66e055d23864bd7975,12,0.21,4,1538822036756,Politics,0.08819999999999999,0.35
xZS2EKujLMGgwwxZp,6f8ee77ba0e73e6e99e8310c91140b6ef650413c76e5cb66e055d23864bd7975,13,0.57,4,1538822065213,Entertainment,0.6497999999999999,0.53
zGqJb8KLQkhzH9Bdj,6f8ee77ba0e73e6e99e8310c91140b6ef650413c76e5cb66e055d23864bd7975,14,0.39,4,1538822065213,Entertainment,0.7442,0.66
uYoobEkaT8dCvmJyH,6f8ee77ba0e73e6e99e8310c91140b6ef650413c76e5cb66e055d23864bd7975,15,0.15,4,1538822065213,Entertainment,0.045,0.31
AH526bjG3F3RJzKPR,6f8ee77ba0e73e6e99e8310c91140b6ef650413c76e5cb66e055d23864bd7975,16,0.6,4,1538822065215,Entertainment,0.32000000000000006,0.455
BfTuHFRRGQB6bZnaW,6f8ee77ba0e73e6e99e8310c91140b6ef650413c76e5cb66e055d23864bd7975,17,0.56,4,1538822065217,Entertainment,0.6272000000000001,0.51
nqRXzwoBEAEjRiTJu,6f8ee77ba0e73e6e99e8310c91140b6ef650413c76e5cb66e055d23864bd7975,18,0.29,4,1538822065217,Entertainment,0.1682,0.49
Xh2K6h9Yq6MoCeHtC,b7507399026e92f7bf10815602eec948c4adee769978114134e05dadf7b46122,13,0.65,4,1538822351078,Entertainment,0.8450000000000001,0.495
4zujDoLPR9DTNXsez,b7507399026e92f7bf10815602eec948c4adee769978114134e05dadf7b46122,14,0.85,4,1538822351078,Entertainment,0.04500000000000001,0.595
Xh2AxKvm6S8nvojGr,b7507399026e92f7bf10815602eec948c4adee769978114134e05dadf7b46122,15,0.4,4,1538822351082,Entertainment,0.32000000000000006,0.575
BsLynqMAeeeXQoZxq,b7507399026e92f7bf10815602eec948c4adee769978114134e05dadf7b46122,16,0.6,4,1538822351084,Entertainment,0.32000000000000006,0.49
pGc7SPXeWC6YH3frL,b7507399026e92f7bf10815602eec948c4adee769978114134e05dadf7b46122,17,0.4,4,1538822351085,Entertainment,0.32000000000000006,0.58
YbH9nYHxWTy4WTxWr,b7507399026e92f7bf10815602eec948c4adee769978114134e05dadf7b46122,18,0.7,4,1538822351087,Entertainment,0.9799999999999999,0.495
i7fG7mLjTqMEFEiR4,6acc69158ee381f0e1ed234dfe31879a2c94c434f772e82b8c1d79504ec9fc84,1,0.53,4,1538822744016,Sports,0.44179999999999997,0.55
xHBPjg79K2t6AwF9J,6acc69158ee381f0e1ed234dfe31879a2c94c434f772e82b8c1d79504ec9fc84,2,0.7,4,1538822744022,Sports,0.9799999999999999,0.475
4WQzqvPJtjEEJJm7x,6acc69158ee381f0e1ed234dfe31879a2c94c434f772e82b8c1d79504ec9fc84,3,0.46,4,1538822744024,Sports,0.4232,0.42
iHNB8aWTPrPCsLTnN,6acc69158ee381f0e1ed234dfe31879a2c94c434f772e82b8c1d79504ec9fc84,4,0.65,4,1538822744026,Sports,0.24499999999999997,0.52
uFKPae5nm2mkJrKzY,6acc69158ee381f0e1ed234dfe31879a2c94c434f772e82b8c1d79504ec9fc84,5,0.44,4,1538822744027,Sports,0.3872,0.525
CnjJpt3TXfZXvXPwm,6acc69158ee381f0e1ed234dfe31879a2c94c434f772e82b8c1d79504ec9fc84,6,0.44,4,1538822744029,Sports,0.3872,0.535
GNftrkMSigMM664hq,6acc69158ee381f0e1ed234dfe31879a2c94c434f772e82b8c1d79504ec9fc84,7,0.53,4,1538822796096,Politics,0.5618000000000001,0.6
7p6mwbcLg9m6Dhaa4,6acc69158ee381f0e1ed234dfe31879a2c94c434f772e82b8c1d79504ec9fc84,8,0.38,4,1538822796097,Politics,0.7688,0.56
cnrorHCD2P2f3zXLC,6acc69158ee381f0e1ed234dfe31879a2c94c434f772e82b8c1d79504ec9fc84,9,0.44,4,1538822796098,Politics,0.3872,0.535
jfAj7nW6Psd6jYimm,6acc69158ee381f0e1ed234dfe31879a2c94c434f772e82b8c1d79504ec9fc84,10,0.47,4,1538822796099,Politics,0.44179999999999997,0.395
32Z7pbFMNnxd4rBAj,6acc69158ee381f0e1ed234dfe31879a2c94c434f772e82b8c1d79504ec9fc84,11,0.46,4,1538822796100,Politics,0.4232,0.475
yteooxfyf4NwWNkhx,6acc69158ee381f0e1ed234dfe31879a2c94c434f772e82b8c1d79504ec9fc84,12,0.48,4,1538822796101,Politics,0.4608,0.385
ocfdCq4g3d9fJJSnF,6acc69158ee381f0e1ed234dfe31879a2c94c434f772e82b8c1d79504ec9fc84,13,0.57,4,1538822849478,Entertainment,0.6497999999999999,0.495
M3rQbcLvz4NATGZkL,6acc69158ee381f0e1ed234dfe31879a2c94c434f772e82b8c1d79504ec9fc84,14,0.67,4,1538822849480,Entertainment,0.21779999999999994,0.505
fX245w7QPsXjqnbuE,6acc69158ee381f0e1ed234dfe31879a2c94c434f772e82b8c1d79504ec9fc84,15,0.49,4,1538822849481,Entertainment,0.48019999999999996,0.54
xn2GF6SYLECzuFmiP,6acc69158ee381f0e1ed234dfe31879a2c94c434f772e82b8c1d79504ec9fc84,16,0.57,4,1538822849483,Entertainment,0.3698000000000001,0.54
iMdyXwjK8AFFiYrrP,6acc69158ee381f0e1ed234dfe31879a2c94c434f772e82b8c1d79504ec9fc84,17,0.58,4,1538822849485,Entertainment,0.6728,0.505
fSdeDnzdoaEkx29ax,6acc69158ee381f0e1ed234dfe31879a2c94c434f772e82b8c1d79504ec9fc84,18,0.4,4,1538822849486,Entertainment,0.32000000000000006,0.52
E8msJTBBJsRSddHeu,e09d4e916030249da54f330562f50e3c57d7c1cc2298598eb1c4e25d73b9e302,1,1,4,1538824793209,Sports,0,0.67
agNGHQLjDwM7GkF7Y,e09d4e916030249da54f330562f50e3c57d7c1cc2298598eb1c4e25d73b9e302,2,0.12,4,1538824793210,Sports,0.0288,0.44
ZgHcorfqAwtwypZjo,e09d4e916030249da54f330562f50e3c57d7c1cc2298598eb1c4e25d73b9e302,3,0,4,1538824793212,Sports,0,0.355
2ioBTw2Wqe6dq557Y,e09d4e916030249da54f330562f50e3c57d7c1cc2298598eb1c4e25d73b9e302,4,0,4,1538824793213,Sports,2,0.275
Ypjri3Q5s2sSHmvbm,e09d4e916030249da54f330562f50e3c57d7c1cc2298598eb1c4e25d73b9e302,5,0,4,1538824793214,Sports,0,0.365
fzG5wMRboJwTvTANe,e09d4e916030249da54f330562f50e3c57d7c1cc2298598eb1c4e25d73b9e302,6,1,4,1538824793216,Sports,2,0.615
257NcboR4KFRg9JYA,e09d4e916030249da54f330562f50e3c57d7c1cc2298598eb1c4e25d73b9e302,7,1,4,1538824845354,Politics,2,0.75
c2sXEbd3YrQgNj7pe,e09d4e916030249da54f330562f50e3c57d7c1cc2298598eb1c4e25d73b9e302,8,0,4,1538824845356,Politics,2,0.325
HgxZ74LgJWoyA8ypR,e09d4e916030249da54f330562f50e3c57d7c1cc2298598eb1c4e25d73b9e302,9,0.61,4,1538824845358,Politics,0.7442,0.595
rXJsRn2L5zkw2CYsj,e09d4e916030249da54f330562f50e3c57d7c1cc2298598eb1c4e25d73b9e302,10,0.02,4,1538824845359,Politics,8e-4,0.39
SRLtvpWNgY5xhMaW8,e09d4e916030249da54f330562f50e3c57d7c1cc2298598eb1c4e25d73b9e302,11,0,4,1538824845360,Politics,0,0.46
qT4m3rQMCTBvtEnTM,e09d4e916030249da54f330562f50e3c57d7c1cc2298598eb1c4e25d73b9e302,12,0,4,1538824845362,Politics,0,0.465
9679bzMgawDCjDHxX,e09d4e916030249da54f330562f50e3c57d7c1cc2298598eb1c4e25d73b9e302,13,0.89,4,1538824883275,Entertainment,1.5842,0.625
M8W4oABMHJYfSfgz4,e09d4e916030249da54f330562f50e3c57d7c1cc2298598eb1c4e25d73b9e302,14,1,4,1538824883276,Entertainment,0,0.675
N7qkyj8jbAoQeWXzB,e09d4e916030249da54f330562f50e3c57d7c1cc2298598eb1c4e25d73b9e302,15,0.83,4,1538824883277,Entertainment,1.3778,0.69
pnkAMnkkJ9KGPaFPa,e09d4e916030249da54f330562f50e3c57d7c1cc2298598eb1c4e25d73b9e302,16,0.94,4,1538824883278,Entertainment,0.007200000000000013,0.63
XKS3iJK5qzj8HSKiM,e09d4e916030249da54f330562f50e3c57d7c1cc2298598eb1c4e25d73b9e302,17,0,4,1538824883280,Entertainment,0,0.355
y5koSoTZZ6pvg6tpB,e09d4e916030249da54f330562f50e3c57d7c1cc2298598eb1c4e25d73b9e302,18,0.92,4,1538824883283,Entertainment,1.6928,0.625
miQPsc4HNWAszJKqn,77d7743dd2a64f4f1520779cbd6c66356b48ab2324d925db5b7672538dffe4a3,1,0.6,4,1538826676219,Sports,0.32000000000000006,0.575
n4jikDSExDFdyRYZD,77d7743dd2a64f4f1520779cbd6c66356b48ab2324d925db5b7672538dffe4a3,2,0.4,4,1538826676219,Sports,0.32000000000000006,0.68
mS7vP3eSkR7P3j3Cd,77d7743dd2a64f4f1520779cbd6c66356b48ab2324d925db5b7672538dffe4a3,3,0.1,4,1538826676219,Sports,0.020000000000000004,0.405
GjLSrjiHWMvyWhP87,77d7743dd2a64f4f1520779cbd6c66356b48ab2324d925db5b7672538dffe4a3,4,0.75,4,1538826676219,Sports,0.125,0.61
KGd33ecauRXmds8hE,77d7743dd2a64f4f1520779cbd6c66356b48ab2324d925db5b7672538dffe4a3,5,0.3,4,1538826676220,Sports,0.18,0.635
QGn3x7PCsZvfnfSyk,77d7743dd2a64f4f1520779cbd6c66356b48ab2324d925db5b7672538dffe4a3,6,0.3,4,1538826676220,Sports,0.18,0.62
tAKZ8mRtHnpRfk3pa,807b13ad91e5f79eaf444b44495647af4f4f806238f0ddb0135255f6090bffb7,1,0.7,4,1538826722779,Sports,0.18000000000000005,0.53
5KJ7DnJDEDya4JYP2,807b13ad91e5f79eaf444b44495647af4f4f806238f0ddb0135255f6090bffb7,2,0.56,4,1538826722780,Sports,0.6272000000000001,0.605
bzzmc4PaxfvEyQHTz,807b13ad91e5f79eaf444b44495647af4f4f806238f0ddb0135255f6090bffb7,3,0.37,4,1538826722780,Sports,0.2738,0.6
dLZQPY6idCjngNjLP,807b13ad91e5f79eaf444b44495647af4f4f806238f0ddb0135255f6090bffb7,4,0.79,4,1538826722781,Sports,0.08819999999999997,0.545
T5PYtdKeky7T7sPfy,807b13ad91e5f79eaf444b44495647af4f4f806238f0ddb0135255f6090bffb7,5,0.38,4,1538826722782,Sports,0.2888,0.585
qg6XHJXrErXeAtHs5,807b13ad91e5f79eaf444b44495647af4f4f806238f0ddb0135255f6090bffb7,6,0.38,4,1538826722782,Sports,0.2888,0.57
kieKKhcQJGTNgYvRX,77d7743dd2a64f4f1520779cbd6c66356b48ab2324d925db5b7672538dffe4a3,7,0.2,4,1538826731260,Politics,0.08000000000000002,0.305
o3KdDzD57Fb2iiYQ9,77d7743dd2a64f4f1520779cbd6c66356b48ab2324d925db5b7672538dffe4a3,8,0.2,4,1538826731260,Politics,1.2800000000000002,0.395
dM4288xo9TgXDkfid,77d7743dd2a64f4f1520779cbd6c66356b48ab2324d925db5b7672538dffe4a3,9,0.15,4,1538826731261,Politics,0.045,0.335
3CzCJfxtLHBjaBCPb,77d7743dd2a64f4f1520779cbd6c66356b48ab2324d925db5b7672538dffe4a3,10,0.1,4,1538826731261,Politics,0.020000000000000004,0.56
evtv3ovhX6o8FuwnP,77d7743dd2a64f4f1520779cbd6c66356b48ab2324d925db5b7672538dffe4a3,11,0.4,4,1538826731261,Politics,0.32000000000000006,0.525
5CDsugR37KbqPYW7G,77d7743dd2a64f4f1520779cbd6c66356b48ab2324d925db5b7672538dffe4a3,12,0.22,4,1538826731261,Politics,0.0968,0.43
tcZ4piDmLjsqQsHZz,807b13ad91e5f79eaf444b44495647af4f4f806238f0ddb0135255f6090bffb7,7,0.76,4,1538826769638,Politics,1.1552,0.56
5x8QMsBe4gdFfYDTk,807b13ad91e5f79eaf444b44495647af4f4f806238f0ddb0135255f6090bffb7,8,0.3,4,1538826769638,Politics,0.9799999999999999,0.63
inrzTJLsgyXrifuG5,807b13ad91e5f79eaf444b44495647af4f4f806238f0ddb0135255f6090bffb7,9,0.83,4,1538826769639,Politics,1.3778,0.445
9FoP8wRiBzFKTy7Wr,807b13ad91e5f79eaf444b44495647af4f4f806238f0ddb0135255f6090bffb7,10,0.23,4,1538826769639,Politics,0.1058,0.41
qjnsWZFt4xJLEKz7x,807b13ad91e5f79eaf444b44495647af4f4f806238f0ddb0135255f6090bffb7,11,0.14,4,1538826769640,Politics,0.039200000000000006,0.44
msQkiQPnDqnvjjGrg,807b13ad91e5f79eaf444b44495647af4f4f806238f0ddb0135255f6090bffb7,12,0.39,4,1538826769640,Politics,0.3042,0.57
Xbcu22kqKBjt9M92u,807b13ad91e5f79eaf444b44495647af4f4f806238f0ddb0135255f6090bffb7,13,0.82,4,1538826807562,Entertainment,1.3447999999999998,0.465
7DmRJtjXeDA2kXYi3,807b13ad91e5f79eaf444b44495647af4f4f806238f0ddb0135255f6090bffb7,14,0.77,4,1538826807563,Entertainment,0.10579999999999998,0.56
K52kybMHa9JvnWR3b,807b13ad91e5f79eaf444b44495647af4f4f806238f0ddb0135255f6090bffb7,15,0.84,4,1538826807563,Entertainment,1.4111999999999998,0.485
CBeqAPXvmGSxFGMDq,807b13ad91e5f79eaf444b44495647af4f4f806238f0ddb0135255f6090bffb7,16,0.27,4,1538826807563,Entertainment,1.0657999999999999,0.405
GRqyCSDTXPCdudBuc,807b13ad91e5f79eaf444b44495647af4f4f806238f0ddb0135255f6090bffb7,17,0.33,4,1538826807564,Entertainment,0.21780000000000002,0.54
o9gcSiQKP9YEtfpaY,807b13ad91e5f79eaf444b44495647af4f4f806238f0ddb0135255f6090bffb7,18,0.2,4,1538826807564,Entertainment,0.08000000000000002,0.45
HW76f7iJfTQAh96CC,77d7743dd2a64f4f1520779cbd6c66356b48ab2324d925db5b7672538dffe4a3,13,0.3,4,1538826815202,Entertainment,0.18,0.645
tZemgGefxRPRAjjAh,77d7743dd2a64f4f1520779cbd6c66356b48ab2324d925db5b7672538dffe4a3,14,0.28,4,1538826815203,Entertainment,1.0368,0.385
Qnvo6M5bjah4v6nf2,77d7743dd2a64f4f1520779cbd6c66356b48ab2324d925db5b7672538dffe4a3,15,0.67,4,1538826815203,Entertainment,0.8978000000000002,0.485
BAiYogSiZRxkX2vHL,77d7743dd2a64f4f1520779cbd6c66356b48ab2324d925db5b7672538dffe4a3,16,0.44,4,1538826815204,Entertainment,0.6272000000000001,0.59
diDXA7xTNLJtrRpR5,77d7743dd2a64f4f1520779cbd6c66356b48ab2324d925db5b7672538dffe4a3,17,0.33,4,1538826815204,Entertainment,0.21780000000000002,0.65
o2CKAjY66fu2QL755,77d7743dd2a64f4f1520779cbd6c66356b48ab2324d925db5b7672538dffe4a3,18,0.64,4,1538826815204,Entertainment,0.8192,0.535
sokwiZZyYmS26N849,15718207cfb0dc7a330939b4f533f799d3696af5119a06c88df646dc089c8f7f,1,0.5,4,1538827412375,Sports,0.5,0.59
c2jqLY6brCNz7yXoq,15718207cfb0dc7a330939b4f533f799d3696af5119a06c88df646dc089c8f7f,2,0.4,4,1538827412376,Sports,0.32000000000000006,0.605
4NDddGsZXNYaWs97P,15718207cfb0dc7a330939b4f533f799d3696af5119a06c88df646dc089c8f7f,3,0.45,4,1538827412376,Sports,0.405,0.465
6cyv8wXvsH7Ci7S66,15718207cfb0dc7a330939b4f533f799d3696af5119a06c88df646dc089c8f7f,4,0.5,4,1538827412376,Sports,0.5,0.635
eNj83cYz9qR2xFRuC,15718207cfb0dc7a330939b4f533f799d3696af5119a06c88df646dc089c8f7f,5,0.6,4,1538827412377,Sports,0.72,0.465
kokrnC9oxFYtEoLxZ,15718207cfb0dc7a330939b4f533f799d3696af5119a06c88df646dc089c8f7f,6,0.45,4,1538827412377,Sports,0.405,0.515
gsHdirC7QhZFhbH2j,15718207cfb0dc7a330939b4f533f799d3696af5119a06c88df646dc089c8f7f,7,0.55,4,1538827529061,Politics,0.6050000000000001,0.63
GP6jzZ64g9iBdH7tb,15718207cfb0dc7a330939b4f533f799d3696af5119a06c88df646dc089c8f7f,8,0.85,4,1538827529061,Politics,0.04500000000000001,0.55
E8dg5ZYKniuJfGBs2,15718207cfb0dc7a330939b4f533f799d3696af5119a06c88df646dc089c8f7f,9,0.25,4,1538827529062,Politics,0.125,0.455
FqYmua3vzv7medG9A,15718207cfb0dc7a330939b4f533f799d3696af5119a06c88df646dc089c8f7f,10,0.6,4,1538827529062,Politics,0.72,0.33
hRSi95ugtK6xP9Tu5,15718207cfb0dc7a330939b4f533f799d3696af5119a06c88df646dc089c8f7f,11,0.55,4,1538827529062,Politics,0.6050000000000001,0.47
kHgzHR9gNAtYRZLDo,15718207cfb0dc7a330939b4f533f799d3696af5119a06c88df646dc089c8f7f,12,0.75,4,1538827529063,Politics,1.125,0.385
KLfuPRQSmQCwwjLJW,15718207cfb0dc7a330939b4f533f799d3696af5119a06c88df646dc089c8f7f,13,0.85,4,1538827674481,Entertainment,1.4449999999999998,0.48
tWGRoFNLTqdpg55tg,15718207cfb0dc7a330939b4f533f799d3696af5119a06c88df646dc089c8f7f,14,0.7,4,1538827674481,Entertainment,0.18000000000000005,0.565
eN4kGqEr7Lz7awP6Y,15718207cfb0dc7a330939b4f533f799d3696af5119a06c88df646dc089c8f7f,15,0.25,4,1538827674483,Entertainment,0.125,0.38
LQePXYs7xncrwpEwc,15718207cfb0dc7a330939b4f533f799d3696af5119a06c88df646dc089c8f7f,16,0.45,4,1538827674483,Entertainment,0.6050000000000001,0.5
84oXtDGH7872JNyLT,15718207cfb0dc7a330939b4f533f799d3696af5119a06c88df646dc089c8f7f,17,0.4,4,1538827674483,Entertainment,0.32000000000000006,0.53
Ca8WJDLCtkbGWw3ou,15718207cfb0dc7a330939b4f533f799d3696af5119a06c88df646dc089c8f7f,18,0.5,4,1538827674483,Entertainment,0.5,0.545
taHviGGo8rwbdDQY5,30598819e9fcc620969b62b8c4e40d4a59362a62a59a975c32e548aa5194c97d,1,0.79,4,1538828160750,Sports,0.08819999999999997,0.64
hMwZSFFayajSiuzZh,30598819e9fcc620969b62b8c4e40d4a59362a62a59a975c32e548aa5194c97d,2,0.29,4,1538828160752,Sports,0.1682,0.44
2NsxcATd4hzdrvuHo,30598819e9fcc620969b62b8c4e40d4a59362a62a59a975c32e548aa5194c97d,3,0.84,4,1538828160753,Sports,1.4111999999999998,0.52
8L5Z9o8cZ866RfPgJ,30598819e9fcc620969b62b8c4e40d4a59362a62a59a975c32e548aa5194c97d,4,0.47,4,1538828160756,Sports,0.5618000000000001,0.705
dQSjXsMuCoTZDSxis,30598819e9fcc620969b62b8c4e40d4a59362a62a59a975c32e548aa5194c97d,5,0.61,4,1538828160756,Sports,0.7442,0.48
ebvtfa6G4H2eArirS,30598819e9fcc620969b62b8c4e40d4a59362a62a59a975c32e548aa5194c97d,6,0.66,4,1538828160758,Sports,0.8712000000000001,0.615
xcQKkNJXuxjjmmPDr,30598819e9fcc620969b62b8c4e40d4a59362a62a59a975c32e548aa5194c97d,7,0.45,4,1538828206847,Politics,0.405,0.695
qSw4nSS3jrbf6xAXb,30598819e9fcc620969b62b8c4e40d4a59362a62a59a975c32e548aa5194c97d,8,0.37,4,1538828206849,Politics,0.7938000000000001,0.705
bu3jsdcsMJBeAsf3e,30598819e9fcc620969b62b8c4e40d4a59362a62a59a975c32e548aa5194c97d,9,0.62,4,1538828206851,Politics,0.7688,0.575
To5Rp88PRD3CpM6ZT,30598819e9fcc620969b62b8c4e40d4a59362a62a59a975c32e548aa5194c97d,10,0.26,4,1538828206852,Politics,0.13520000000000001,0.46
9cPrR3Bj4hJk79LD9,30598819e9fcc620969b62b8c4e40d4a59362a62a59a975c32e548aa5194c97d,11,0.63,4,1538828206854,Politics,0.7938000000000001,0.505
GdrGPyHAa4Zb2qfK9,30598819e9fcc620969b62b8c4e40d4a59362a62a59a975c32e548aa5194c97d,12,0,4,1538828206855,Politics,0,0.35
iznrwfRRQ5yWTJo6C,30598819e9fcc620969b62b8c4e40d4a59362a62a59a975c32e548aa5194c97d,13,0.47,4,1538828237613,Entertainment,0.44179999999999997,0.59
3iBMFChfLyzQA4e2g,30598819e9fcc620969b62b8c4e40d4a59362a62a59a975c32e548aa5194c97d,14,0.11,4,1538828237615,Entertainment,1.5842,0.29
NXB8f7pDcabh7nXWh,30598819e9fcc620969b62b8c4e40d4a59362a62a59a975c32e548aa5194c97d,15,0.03,4,1538828237619,Entertainment,0.0018,0.29
cMzJazRfz9uMD2tY7,30598819e9fcc620969b62b8c4e40d4a59362a62a59a975c32e548aa5194c97d,16,0.13,4,1538828237621,Entertainment,1.5138,0.36
yEPYGPExmeTPTzHjt,30598819e9fcc620969b62b8c4e40d4a59362a62a59a975c32e548aa5194c97d,17,0.11,4,1538828237622,Entertainment,0.0242,0.445
zMLWrWrhwzsHthRkt,30598819e9fcc620969b62b8c4e40d4a59362a62a59a975c32e548aa5194c97d,18,0.23,4,1538828237624,Entertainment,0.1058,0.47
nPhYs47mCcmrXeCiz,feaebadacc6e0ae7d91aabfa23482beaadfcda8703559e953131c8064f6147af,1,0.66,4,1538828367323,Sports,0.23119999999999996,0.58
SvynJ2i7uY6DKGXP7,feaebadacc6e0ae7d91aabfa23482beaadfcda8703559e953131c8064f6147af,2,0.83,4,1538828367324,Sports,1.3778,0.65
Ktko6CF7wndYDpiaF,feaebadacc6e0ae7d91aabfa23482beaadfcda8703559e953131c8064f6147af,3,0.11,4,1538828367324,Sports,0.0242,0.45
NRgRfzfhXdBhnX5a9,feaebadacc6e0ae7d91aabfa23482beaadfcda8703559e953131c8064f6147af,4,0.78,4,1538828367324,Sports,0.09679999999999998,0.67
wovnXxu2ftbnNqNqn,feaebadacc6e0ae7d91aabfa23482beaadfcda8703559e953131c8064f6147af,5,0.11,4,1538828367324,Sports,0.0242,0.38
YQpxs9x4vFcL48nAR,feaebadacc6e0ae7d91aabfa23482beaadfcda8703559e953131c8064f6147af,6,0.22,4,1538828367324,Sports,0.0968,0.44
7cmFjsFntT6aDTqfK,feaebadacc6e0ae7d91aabfa23482beaadfcda8703559e953131c8064f6147af,7,0.85,4,1538828388824,Politics,1.4449999999999998,0.62
oakMPpKsurgdWYvmJ,feaebadacc6e0ae7d91aabfa23482beaadfcda8703559e953131c8064f6147af,8,0.78,4,1538828388824,Politics,0.09679999999999998,0.565
CQhjH8AAfYHZ9Mtw7,feaebadacc6e0ae7d91aabfa23482beaadfcda8703559e953131c8064f6147af,9,0.28,4,1538828388824,Politics,0.15680000000000002,0.48
k6iponYuDmbqXwchq,feaebadacc6e0ae7d91aabfa23482beaadfcda8703559e953131c8064f6147af,10,0.22,4,1538828388824,Politics,0.0968,0.375
AaW6EDzFhaZWqYDEJ,feaebadacc6e0ae7d91aabfa23482beaadfcda8703559e953131c8064f6147af,11,1,4,1538828388824,Politics,2,0.47
kMn9CvHmfRWmfFhNx,feaebadacc6e0ae7d91aabfa23482beaadfcda8703559e953131c8064f6147af,12,1,4,1538828388825,Politics,2,0.42
zYoqux7pmcyuP2NoF,feaebadacc6e0ae7d91aabfa23482beaadfcda8703559e953131c8064f6147af,13,0.7,4,1538828404382,Entertainment,0.9799999999999999,0.55
j5WGwmb4dwiPTdP3b,feaebadacc6e0ae7d91aabfa23482beaadfcda8703559e953131c8064f6147af,14,0.93,4,1538828404383,Entertainment,0.009799999999999986,0.575
6WKR3dkALtG6E4TyF,feaebadacc6e0ae7d91aabfa23482beaadfcda8703559e953131c8064f6147af,15,0.26,4,1538828404383,Entertainment,0.13520000000000001,0.415
SAGfJaoiihtAWD4PD,feaebadacc6e0ae7d91aabfa23482beaadfcda8703559e953131c8064f6147af,16,0.74,4,1538828404383,Entertainment,0.13520000000000001,0.555
LvdcEnCekupFhfKgt,feaebadacc6e0ae7d91aabfa23482beaadfcda8703559e953131c8064f6147af,17,0.73,4,1538828404384,Entertainment,1.0657999999999999,0.515
SbtnxbfvbKnGSjmSW,feaebadacc6e0ae7d91aabfa23482beaadfcda8703559e953131c8064f6147af,18,0.77,4,1538828404384,Entertainment,1.1858,0.525
LKTEiEdnBhanfjuh6,1ffbdc92f4dc2f19fb0690223d950c851242d0b01f6d0e151bd7f2b4ae3f8c5a,1,0.6,4,1538828607075,Sports,0.32000000000000006,0.56
brMjbk5C5ZwFpz8iH,1ffbdc92f4dc2f19fb0690223d950c851242d0b01f6d0e151bd7f2b4ae3f8c5a,2,0.81,4,1538828607085,Sports,1.3122000000000003,0.62
4gre3aDK7S4u474vw,1ffbdc92f4dc2f19fb0690223d950c851242d0b01f6d0e151bd7f2b4ae3f8c5a,3,0.09,4,1538828607094,Sports,0.0162,0.325
zXJ2wdb7sB7LQg7tj,1ffbdc92f4dc2f19fb0690223d950c851242d0b01f6d0e151bd7f2b4ae3f8c5a,4,0.51,4,1538828607101,Sports,0.48019999999999996,0.665
cCMT4z8EyECMXehma,1ffbdc92f4dc2f19fb0690223d950c851242d0b01f6d0e151bd7f2b4ae3f8c5a,5,0.69,4,1538828607106,Sports,0.9521999999999998,0.57
nhLeM772Hy5tjMxiQ,1ffbdc92f4dc2f19fb0690223d950c851242d0b01f6d0e151bd7f2b4ae3f8c5a,6,0.09,4,1538828607115,Sports,0.0162,0.25
4DTd7ifkseLHeCxGy,1ffbdc92f4dc2f19fb0690223d950c851242d0b01f6d0e151bd7f2b4ae3f8c5a,7,0.64,4,1538828663249,Politics,0.8192,0.6
GNyouCbh8Ca25LLwG,1ffbdc92f4dc2f19fb0690223d950c851242d0b01f6d0e151bd7f2b4ae3f8c5a,8,0.19,4,1538828663255,Politics,1.3122000000000003,0.355
QyLWfFB6XunsnGGWd,1ffbdc92f4dc2f19fb0690223d950c851242d0b01f6d0e151bd7f2b4ae3f8c5a,9,0.6,4,1538828663259,Politics,0.72,0.59
msandcvXfxM5xmsDR,1ffbdc92f4dc2f19fb0690223d950c851242d0b01f6d0e151bd7f2b4ae3f8c5a,10,0.06,4,1538828663275,Politics,0.0072,0.4
q22sC8x4XFHpQmJe6,1ffbdc92f4dc2f19fb0690223d950c851242d0b01f6d0e151bd7f2b4ae3f8c5a,11,0.17,4,1538828663280,Politics,0.05780000000000001,0.555
5XNhWh42e32MMgNFR,1ffbdc92f4dc2f19fb0690223d950c851242d0b01f6d0e151bd7f2b4ae3f8c5a,12,0.7,4,1538828663283,Politics,0.9799999999999999,0.4
9oXGR5iXTxdWfFvhu,1ffbdc92f4dc2f19fb0690223d950c851242d0b01f6d0e151bd7f2b4ae3f8c5a,13,0.81,4,1538828704700,Entertainment,1.3122000000000003,0.635
xc2hXAEnRXfL4gnAt,1ffbdc92f4dc2f19fb0690223d950c851242d0b01f6d0e151bd7f2b4ae3f8c5a,14,0.89,4,1538828704704,Entertainment,0.024199999999999996,0.655
QaA6D56JTxCE79KFZ,1ffbdc92f4dc2f19fb0690223d950c851242d0b01f6d0e151bd7f2b4ae3f8c5a,15,0.39,4,1538828704709,Entertainment,0.3042,0.665
bkdFmMxfwhcFDSPSj,1ffbdc92f4dc2f19fb0690223d950c851242d0b01f6d0e151bd7f2b4ae3f8c5a,16,0.72,4,1538828704714,Entertainment,0.15680000000000002,0.505
BzPLWc2LJhMDZr6yn,1ffbdc92f4dc2f19fb0690223d950c851242d0b01f6d0e151bd7f2b4ae3f8c5a,17,0.4,4,1538828704718,Entertainment,0.32000000000000006,0.56
4Cnruq9Xb5i7HDnPc,1ffbdc92f4dc2f19fb0690223d950c851242d0b01f6d0e151bd7f2b4ae3f8c5a,18,0.54,4,1538828704723,Entertainment,0.5832,0.675
XZCsE85p9ukGaJoui,7e279e53e540393fd0893377972326d3ac0199fa5b8ad12c891bf5e209e1f99b,1,0.46,4,1538828850810,Sports,0.5832,0.685
Fcmd8CW4zczNMuerL,7e279e53e540393fd0893377972326d3ac0199fa5b8ad12c891bf5e209e1f99b,2,0.49,4,1538828850815,Sports,0.48019999999999996,0.66
wFzn5fXj8ACPgkcPa,7e279e53e540393fd0893377972326d3ac0199fa5b8ad12c891bf5e209e1f99b,3,0.16,4,1538828850820,Sports,0.0512,0.445
GyQ8xsevQbFThaPdt,7e279e53e540393fd0893377972326d3ac0199fa5b8ad12c891bf5e209e1f99b,4,0.49,4,1538828850824,Sports,0.5202,0.7
macZAwMMquFMPgnpZ,7e279e53e540393fd0893377972326d3ac0199fa5b8ad12c891bf5e209e1f99b,5,0.49,4,1538828850828,Sports,0.48019999999999996,0.71
8EtNX4NGs7TLgmG5G,7e279e53e540393fd0893377972326d3ac0199fa5b8ad12c891bf5e209e1f99b,6,0.53,4,1538828850834,Sports,0.5618000000000001,0.675
CZ2bPiebhXB9JJbgj,7e279e53e540393fd0893377972326d3ac0199fa5b8ad12c891bf5e209e1f99b,7,0.46,4,1538828913250,Politics,0.4232,0.675
uvzFphoKjRdhwxgoe,7e279e53e540393fd0893377972326d3ac0199fa5b8ad12c891bf5e209e1f99b,8,0.48,4,1538828913256,Politics,0.5408000000000001,0.625
gdBspXd8TmfGG3YgZ,7e279e53e540393fd0893377972326d3ac0199fa5b8ad12c891bf5e209e1f99b,9,0.01,4,1538828913261,Politics,2e-4,0.245
SwLkssdtK9TZzBu2p,7e279e53e540393fd0893377972326d3ac0199fa5b8ad12c891bf5e209e1f99b,10,0.09,4,1538828913265,Politics,0.0162,0.49
xxsAxYqwv5TgrQKTG,7e279e53e540393fd0893377972326d3ac0199fa5b8ad12c891bf5e209e1f99b,11,0.49,4,1538828913270,Politics,0.48019999999999996,0.51
ub2QC2d8DkPv8r2dD,7e279e53e540393fd0893377972326d3ac0199fa5b8ad12c891bf5e209e1f99b,12,0.03,4,1538828913272,Politics,0.0018,0.375
YachvG4CsB4jWfSyv,7e279e53e540393fd0893377972326d3ac0199fa5b8ad12c891bf5e209e1f99b,13,0.83,4,1538828966649,Entertainment,1.3778,0.635
D47xEqocwuqEZBRXY,7e279e53e540393fd0893377972326d3ac0199fa5b8ad12c891bf5e209e1f99b,14,0.17,4,1538828966652,Entertainment,1.3778,0.31
SkFygSuwJNxb2MRZy,7e279e53e540393fd0893377972326d3ac0199fa5b8ad12c891bf5e209e1f99b,15,0.88,4,1538828966655,Entertainment,1.5488,0.585
6iA2dmuvmejqc9oPd,7e279e53e540393fd0893377972326d3ac0199fa5b8ad12c891bf5e209e1f99b,16,0.14,4,1538828966657,Entertainment,1.4791999999999998,0.355
cHvc8MFHNrcptGGdv,7e279e53e540393fd0893377972326d3ac0199fa5b8ad12c891bf5e209e1f99b,17,0.02,4,1538828966659,Entertainment,8e-4,0.31
jytp5cAJy53L4haK2,7e279e53e540393fd0893377972326d3ac0199fa5b8ad12c891bf5e209e1f99b,18,0.51,4,1538828966666,Entertainment,0.5202,0.61
jrvu39nKghtPtqBHB,b33348def3821e7ab324a3078ed7307a9f6414d1f5d77ed311bb859c40060420,1,0.55,4,1538828997569,Sports,0.4049999999999999,0.56
xM7gtHy7u8iT2x93W,b33348def3821e7ab324a3078ed7307a9f6414d1f5d77ed311bb859c40060420,2,0.63,4,1538828997576,Sports,0.7938000000000001,0.525
9YS5bznXGbWk5XeKo,b33348def3821e7ab324a3078ed7307a9f6414d1f5d77ed311bb859c40060420,3,0.52,4,1538828997583,Sports,0.5408000000000001,0.44
cj99cm974Sm4MRbKN,b33348def3821e7ab324a3078ed7307a9f6414d1f5d77ed311bb859c40060420,4,0.55,4,1538828997587,Sports,0.4049999999999999,0.615
AsbD2wSg3byJFf8d4,b33348def3821e7ab324a3078ed7307a9f6414d1f5d77ed311bb859c40060420,5,0.38,4,1538828997589,Sports,0.2888,0.63
SzreMZfWQL8RHZdqb,b33348def3821e7ab324a3078ed7307a9f6414d1f5d77ed311bb859c40060420,6,0.54,4,1538828997592,Sports,0.5832,0.535
b4dKPSRiTbLvJzEGa,b33348def3821e7ab324a3078ed7307a9f6414d1f5d77ed311bb859c40060420,7,0.43,4,1538829053891,Politics,0.36979999999999996,0.57
7E2ePZfb3y7DsXoWk,b33348def3821e7ab324a3078ed7307a9f6414d1f5d77ed311bb859c40060420,8,0.38,4,1538829053898,Politics,0.7688,0.62
enD9pm6eiThY4jgxA,b33348def3821e7ab324a3078ed7307a9f6414d1f5d77ed311bb859c40060420,9,0.62,4,1538829053904,Politics,0.7688,0.465
MoxdNRx8SEdzCdyNZ,b33348def3821e7ab324a3078ed7307a9f6414d1f5d77ed311bb859c40060420,10,0.37,4,1538829053909,Politics,0.2738,0.48
TGkamyaLmBzvMsXbv,b33348def3821e7ab324a3078ed7307a9f6414d1f5d77ed311bb859c40060420,11,0.4,4,1538829053914,Politics,0.32000000000000006,0.465
4ZWsKH84JBfWn5BHN,b33348def3821e7ab324a3078ed7307a9f6414d1f5d77ed311bb859c40060420,12,0.14,4,1538829053916,Politics,0.039200000000000006,0.405
rnQj9pej4H4nKcmrQ,b33348def3821e7ab324a3078ed7307a9f6414d1f5d77ed311bb859c40060420,13,0.35,4,1538829120055,Entertainment,0.24499999999999997,0.55
56ctLyM6doWktXjuw,b33348def3821e7ab324a3078ed7307a9f6414d1f5d77ed311bb859c40060420,14,0.26,4,1538829120062,Entertainment,1.0952,0.25
rEnCYz9Rq72WH5EdC,b33348def3821e7ab324a3078ed7307a9f6414d1f5d77ed311bb859c40060420,15,0.38,4,1538829120070,Entertainment,0.2888,0.64
EHgj8C62xXu9xxzx5,b33348def3821e7ab324a3078ed7307a9f6414d1f5d77ed311bb859c40060420,16,0.61,4,1538829120074,Entertainment,0.3042,0.445
he4FEj7CkSmu7d38t,b33348def3821e7ab324a3078ed7307a9f6414d1f5d77ed311bb859c40060420,17,0.2,4,1538829120077,Entertainment,0.08000000000000002,0.33
yrDXKe97qfTPnaf7a,b33348def3821e7ab324a3078ed7307a9f6414d1f5d77ed311bb859c40060420,18,0.2,4,1538829120080,Entertainment,0.08000000000000002,0.475
2xiWSzfWTSRoFZ48w,4206fba23152ec275c2f8c0f14317a5b6ebcb763866729552b24c4d1173994b4,1,0.71,4,1538829223869,Sports,0.16820000000000004,0.63
am2xEutPeJ8RE29g3,4206fba23152ec275c2f8c0f14317a5b6ebcb763866729552b24c4d1173994b4,2,0.84,4,1538829223872,Sports,1.4111999999999998,0.61
7MdzznpYHe7Sxgu9Y,4206fba23152ec275c2f8c0f14317a5b6ebcb763866729552b24c4d1173994b4,3,0.03,4,1538829223874,Sports,0.0018,0.295
TNgf7gWzYftnr5tgH,4206fba23152ec275c2f8c0f14317a5b6ebcb763866729552b24c4d1173994b4,4,0.62,4,1538829223876,Sports,0.2888,0.6
68XaTMcC6f3WTzJpX,4206fba23152ec275c2f8c0f14317a5b6ebcb763866729552b24c4d1173994b4,5,0.31,4,1538829223880,Sports,0.1922,0.675
LioDB8u5NmTScH28e,4206fba23152ec275c2f8c0f14317a5b6ebcb763866729552b24c4d1173994b4,6,0.73,4,1538829223883,Sports,1.0657999999999999,0.525
3LQYpx3oQHHy6ECX4,4206fba23152ec275c2f8c0f14317a5b6ebcb763866729552b24c4d1173994b4,7,0.23,4,1538829270423,Politics,0.1058,0.395
EgXMCBHrisa9vb6dK,4206fba23152ec275c2f8c0f14317a5b6ebcb763866729552b24c4d1173994b4,8,0.29,4,1538829270423,Politics,1.0082,0.46
2PMTNoXa4kCyKEgaG,4206fba23152ec275c2f8c0f14317a5b6ebcb763866729552b24c4d1173994b4,9,0.78,4,1538829270426,Politics,1.2168,0.545
FLxrkQ6mZcRbA823W,4206fba23152ec275c2f8c0f14317a5b6ebcb763866729552b24c4d1173994b4,10,0.93,4,1538829270427,Politics,1.7298000000000002,0.415
vMTtkorDFMb79pswL,4206fba23152ec275c2f8c0f14317a5b6ebcb763866729552b24c4d1173994b4,11,0.33,4,1538829270429,Politics,0.21780000000000002,0.63
JgJh54EK5cn7R8X72,4206fba23152ec275c2f8c0f14317a5b6ebcb763866729552b24c4d1173994b4,12,0.87,4,1538829270430,Politics,1.5138,0.43
ycKXFa4Tqf8Rm6wCj,4206fba23152ec275c2f8c0f14317a5b6ebcb763866729552b24c4d1173994b4,13,0.82,4,1538829304537,Entertainment,1.3447999999999998,0.615
BYL24tZBmeXEw8zj3,4206fba23152ec275c2f8c0f14317a5b6ebcb763866729552b24c4d1173994b4,14,0.08,4,1538829304539,Entertainment,1.6928,0.16
Qpa4Zny8CAn7NoPnq,4206fba23152ec275c2f8c0f14317a5b6ebcb763866729552b24c4d1173994b4,15,0.27,4,1538829304540,Entertainment,0.1458,0.395
gCoLDs2WMJeB49MAT,4206fba23152ec275c2f8c0f14317a5b6ebcb763866729552b24c4d1173994b4,16,0.42,4,1538829304541,Entertainment,0.6728000000000002,0.62
HChC9k8T7eo4KHcNC,4206fba23152ec275c2f8c0f14317a5b6ebcb763866729552b24c4d1173994b4,17,0.84,4,1538829304543,Entertainment,1.4111999999999998,0.585
wNddhkJfMdM7yyC5W,4206fba23152ec275c2f8c0f14317a5b6ebcb763866729552b24c4d1173994b4,18,0.84,4,1538829304543,Entertainment,1.4111999999999998,0.55
tGSwSrG9ZqKcMt7vv,eca0e23f499aa43551ef216ce3353853e047b490b2e01090d5b93bb57097ca5b,1,0.59,4,1538829680978,Sports,0.33620000000000005,0.7
CaBELdyGJTH5KrEKA,eca0e23f499aa43551ef216ce3353853e047b490b2e01090d5b93bb57097ca5b,2,0.8,4,1538829680979,Sports,1.2800000000000002,0.615
quyz56BLoucQxLSW6,eca0e23f499aa43551ef216ce3353853e047b490b2e01090d5b93bb57097ca5b,3,0.47,4,1538829680980,Sports,0.44179999999999997,0.575
3C2YQ35pQPLbyEbja,eca0e23f499aa43551ef216ce3353853e047b490b2e01090d5b93bb57097ca5b,4,0.72,4,1538829680980,Sports,0.15680000000000002,0.585
YJe8bRbkCf3DtCjcG,eca0e23f499aa43551ef216ce3353853e047b490b2e01090d5b93bb57097ca5b,5,0.6,4,1538829680980,Sports,0.72,0.515
2AWZve5dygtZM6GpD,eca0e23f499aa43551ef216ce3353853e047b490b2e01090d5b93bb57097ca5b,6,0.51,4,1538829680980,Sports,0.5202,0.62
QK3bBk8nn5f46Z3hv,eca0e23f499aa43551ef216ce3353853e047b490b2e01090d5b93bb57097ca5b,7,0.88,4,1538829724074,Politics,1.5488,0.625
cLDqs4esSEf6P3xGu,eca0e23f499aa43551ef216ce3353853e047b490b2e01090d5b93bb57097ca5b,8,0.17,4,1538829724074,Politics,1.3778,0.355
kvfKxbyg49YQsBzt9,eca0e23f499aa43551ef216ce3353853e047b490b2e01090d5b93bb57097ca5b,9,0.26,4,1538829724075,Politics,0.13520000000000001,0.52
fY5zYyd5iB3MqT7HZ,eca0e23f499aa43551ef216ce3353853e047b490b2e01090d5b93bb57097ca5b,10,0.03,4,1538829724075,Politics,0.0018,0.38
D2fbeihvqJHx6sRRo,eca0e23f499aa43551ef216ce3353853e047b490b2e01090d5b93bb57097ca5b,11,0.55,4,1538829724075,Politics,0.6050000000000001,0.525
rkRH5HhjX3TSHQ4xe,eca0e23f499aa43551ef216ce3353853e047b490b2e01090d5b93bb57097ca5b,12,0.25,4,1538829724075,Politics,0.125,0.465
JECmeEx5azTi58uFu,eca0e23f499aa43551ef216ce3353853e047b490b2e01090d5b93bb57097ca5b,13,0.64,4,1538829766921,Entertainment,0.8192,0.605
6XdHzJFTr6gGNyGeM,eca0e23f499aa43551ef216ce3353853e047b490b2e01090d5b93bb57097ca5b,14,0,4,1538829766921,Entertainment,2,0.245
3qgq2e5vmfJopspx2,eca0e23f499aa43551ef216ce3353853e047b490b2e01090d5b93bb57097ca5b,15,1,4,1538829766921,Entertainment,2,0.605
F3igiEj7dY6ue6ABH,eca0e23f499aa43551ef216ce3353853e047b490b2e01090d5b93bb57097ca5b,16,0.27,4,1538829766922,Entertainment,1.0657999999999999,0.435
FmHgjqL8g55YNnt3Y,eca0e23f499aa43551ef216ce3353853e047b490b2e01090d5b93bb57097ca5b,17,0.64,4,1538829766922,Entertainment,0.8192,0.56
nCRkE2QxKmsWsTotE,eca0e23f499aa43551ef216ce3353853e047b490b2e01090d5b93bb57097ca5b,18,0.66,4,1538829766923,Entertainment,0.8712000000000001,0.49
aL6uXPjkA7x6oxT3W,d49a188cc887b40e5675ab3f7a6345a34b5a8f02818a0c9ee081c13dcae14296,1,0.71,4,1538830255607,Sports,0.16820000000000004,0.545
7huLjnDeeoTasYX45,d49a188cc887b40e5675ab3f7a6345a34b5a8f02818a0c9ee081c13dcae14296,2,0.42,4,1538830255607,Sports,0.35279999999999995,0.58
r2N66kdRBiQSY5BMk,d49a188cc887b40e5675ab3f7a6345a34b5a8f02818a0c9ee081c13dcae14296,3,0.66,4,1538830255607,Sports,0.8712000000000001,0.45
shghopuMmyLQ6cnRb,d49a188cc887b40e5675ab3f7a6345a34b5a8f02818a0c9ee081c13dcae14296,4,0.2,4,1538830255608,Sports,1.2800000000000002,0.39
XAArnSb2qTErmgJcp,d49a188cc887b40e5675ab3f7a6345a34b5a8f02818a0c9ee081c13dcae14296,5,0.28,4,1538830255608,Sports,0.15680000000000002,0.45
zTDvw7CJ68wkv9NEZ,d49a188cc887b40e5675ab3f7a6345a34b5a8f02818a0c9ee081c13dcae14296,6,0.35,4,1538830255609,Sports,0.24499999999999997,0.57
uhhAnNN9tCaKdb7c9,d49a188cc887b40e5675ab3f7a6345a34b5a8f02818a0c9ee081c13dcae14296,7,0.31,4,1538830291109,Politics,0.1922,0.635
dEG9TTYTLLPbWw8bc,d49a188cc887b40e5675ab3f7a6345a34b5a8f02818a0c9ee081c13dcae14296,8,0.17,4,1538830291109,Politics,1.3778,0.28
wBRPKEvPzXDuFo8Qw,d49a188cc887b40e5675ab3f7a6345a34b5a8f02818a0c9ee081c13dcae14296,9,0.27,4,1538830291109,Politics,0.1458,0.48
qpHXcCxJ9qECEeNS7,d49a188cc887b40e5675ab3f7a6345a34b5a8f02818a0c9ee081c13dcae14296,10,0.64,4,1538830291109,Politics,0.8192,0.425
Bd4B3k563tYsMf7xx,d49a188cc887b40e5675ab3f7a6345a34b5a8f02818a0c9ee081c13dcae14296,11,0.95,4,1538830291111,Politics,1.805,0.435
Mf2NF57J5qKkTyYYu,d49a188cc887b40e5675ab3f7a6345a34b5a8f02818a0c9ee081c13dcae14296,12,0.67,4,1538830291111,Politics,0.8978000000000002,0.43
cXP8Fo2ubpmZNLXjS,d49a188cc887b40e5675ab3f7a6345a34b5a8f02818a0c9ee081c13dcae14296,13,0.41,4,1538830316076,Entertainment,0.33619999999999994,0.58
mroCes8FDzv74LA69,d49a188cc887b40e5675ab3f7a6345a34b5a8f02818a0c9ee081c13dcae14296,14,0.57,4,1538830316076,Entertainment,0.3698000000000001,0.535
dPTPnWrYeZ9f5HxKZ,d49a188cc887b40e5675ab3f7a6345a34b5a8f02818a0c9ee081c13dcae14296,15,0.73,4,1538830316076,Entertainment,1.0657999999999999,0.515
t9CSYsPvhvesYLQ2K,d49a188cc887b40e5675ab3f7a6345a34b5a8f02818a0c9ee081c13dcae14296,16,0.57,4,1538830316077,Entertainment,0.3698000000000001,0.585
hkK4monkFAh7Fzox9,d49a188cc887b40e5675ab3f7a6345a34b5a8f02818a0c9ee081c13dcae14296,17,0.46,4,1538830316078,Entertainment,0.4232,0.525
z7R7CYq3bTgaSw6mF,d49a188cc887b40e5675ab3f7a6345a34b5a8f02818a0c9ee081c13dcae14296,18,0.67,4,1538830316078,Entertainment,0.8978000000000002,0.475
YiFfxgXrqJJztboXA,5648814e4b429665837927d7258116feb7c442afcf656cf84bb1079b6fd607be,1,0.4,4,1538830614e3,Sports,0.72,0.665
3xPc88Z8Z9twFdsrS,5648814e4b429665837927d7258116feb7c442afcf656cf84bb1079b6fd607be,2,0.55,4,1538830614e3,Sports,0.6050000000000001,0.635
fFfooovBARMnTGk79,5648814e4b429665837927d7258116feb7c442afcf656cf84bb1079b6fd607be,3,0.11,4,1538830614e3,Sports,0.0242,0.385
hkJpzZ3vWmBxCji8Q,5648814e4b429665837927d7258116feb7c442afcf656cf84bb1079b6fd607be,4,0.58,4,1538830614e3,Sports,0.35280000000000006,0.625
Hds6QcMkcFFWtJhrt,5648814e4b429665837927d7258116feb7c442afcf656cf84bb1079b6fd607be,5,0.62,4,1538830614e3,Sports,0.7688,0.46
soD9zrPfwAopP7oM2,5648814e4b429665837927d7258116feb7c442afcf656cf84bb1079b6fd607be,6,0.32,4,1538830614e3,Sports,0.2048,0.61
hTYkjoGXivQcoRAkv,5648814e4b429665837927d7258116feb7c442afcf656cf84bb1079b6fd607be,7,0.68,4,1538830634700,Politics,0.9248000000000002,0.59
rps2hn7zevXGJ8853,5648814e4b429665837927d7258116feb7c442afcf656cf84bb1079b6fd607be,8,0.23,4,1538830634700,Politics,1.1858,0.43
zBRpMLTLsitf8Fmjb,5648814e4b429665837927d7258116feb7c442afcf656cf84bb1079b6fd607be,9,0.82,4,1538830634700,Politics,1.3447999999999998,0.46
mQAJ825psZnexwyqp,5648814e4b429665837927d7258116feb7c442afcf656cf84bb1079b6fd607be,10,0.09,4,1538830634700,Politics,0.0162,0.335
2svNALoEXEQ3YHqKi,5648814e4b429665837927d7258116feb7c442afcf656cf84bb1079b6fd607be,11,0.36,4,1538830634700,Politics,0.2592,0.56
8Mv3gHHyWbGpFD8gY,5648814e4b429665837927d7258116feb7c442afcf656cf84bb1079b6fd607be,12,0.15,4,1538830634700,Politics,0.045,0.535
2mHFi7vwutMfWpv2t,5648814e4b429665837927d7258116feb7c442afcf656cf84bb1079b6fd607be,13,0.37,4,1538830652700,Entertainment,0.2738,0.59
g8yDz2eejckFTEx9W,5648814e4b429665837927d7258116feb7c442afcf656cf84bb1079b6fd607be,14,0.95,4,1538830652700,Entertainment,0.005000000000000009,0.575
pvZnReNn5DF8qCuC5,5648814e4b429665837927d7258116feb7c442afcf656cf84bb1079b6fd607be,15,0.77,4,1538830652700,Entertainment,1.1858,0.48
6uAcuH9QkiJrZBAQR,5648814e4b429665837927d7258116feb7c442afcf656cf84bb1079b6fd607be,16,0.3,4,1538830652700,Entertainment,0.9799999999999999,0.625
SFpkpW8WDcupWEDhf,5648814e4b429665837927d7258116feb7c442afcf656cf84bb1079b6fd607be,17,0.54,4,1538830652700,Entertainment,0.5832,0.515
cLKKqAabHt4BkQ9xM,5648814e4b429665837927d7258116feb7c442afcf656cf84bb1079b6fd607be,18,0.65,4,1538830652700,Entertainment,0.8450000000000001,0.475
aKLEvDjv6zXTik77B,54bb68180916ba44ecf824aecd18bcbdb6ef4988b469658148498d23a8ca75f6,1,0.67,4,1538830824785,Sports,0.21779999999999994,0.595
Ducij52TEQZ8xhEwk,54bb68180916ba44ecf824aecd18bcbdb6ef4988b469658148498d23a8ca75f6,2,0.77,4,1538830824788,Sports,1.1858,0.625
gfGGdCSvHKfCxoMpF,54bb68180916ba44ecf824aecd18bcbdb6ef4988b469658148498d23a8ca75f6,3,0.39,4,1538830824790,Sports,0.3042,0.69
ZfSbwxoPXrC6sFfTi,54bb68180916ba44ecf824aecd18bcbdb6ef4988b469658148498d23a8ca75f6,4,0.85,4,1538830824792,Sports,0.04500000000000001,0.66
gu54yd6E9TsvwoECQ,54bb68180916ba44ecf824aecd18bcbdb6ef4988b469658148498d23a8ca75f6,5,0.22,4,1538830824794,Sports,0.0968,0.485
x5xwrDPWZKhMWKMnA,54bb68180916ba44ecf824aecd18bcbdb6ef4988b469658148498d23a8ca75f6,6,0.2,4,1538830824796,Sports,0.08000000000000002,0.56
a92M79cM6RjBYvEm9,54bb68180916ba44ecf824aecd18bcbdb6ef4988b469658148498d23a8ca75f6,7,0.18,4,1538830866808,Politics,0.0648,0.345
4Y2FFJKQv7X2nmD64,54bb68180916ba44ecf824aecd18bcbdb6ef4988b469658148498d23a8ca75f6,8,0.33,4,1538830866809,Politics,0.8977999999999998,0.705
PuCxaZzw84StZ7WoG,54bb68180916ba44ecf824aecd18bcbdb6ef4988b469658148498d23a8ca75f6,9,0.71,4,1538830866810,Politics,1.0082,0.555
bvdxdv52yC25Ly8LF,54bb68180916ba44ecf824aecd18bcbdb6ef4988b469658148498d23a8ca75f6,10,0.16,4,1538830866812,Politics,0.0512,0.555
FJaiEEG4x25PnMTFM,54bb68180916ba44ecf824aecd18bcbdb6ef4988b469658148498d23a8ca75f6,11,0.11,4,1538830866813,Politics,0.0242,0.48
k9sxKYGTTQgFqQuTp,54bb68180916ba44ecf824aecd18bcbdb6ef4988b469658148498d23a8ca75f6,12,0.09,4,1538830866814,Politics,0.0162,0.385
iAnAmQwLv4pbo3wWt,0bffd3af6716e142518615e24110afc8e8bf711f786121675329515c06536d67,1,0.35,4,1538830945132,Sports,0.8450000000000001,0.645
PHkWTyHEwN5Gm8E5a,0bffd3af6716e142518615e24110afc8e8bf711f786121675329515c06536d67,2,0.66,4,1538830945132,Sports,0.8712000000000001,0.56
fjWQqx4Zu34KQePvd,0bffd3af6716e142518615e24110afc8e8bf711f786121675329515c06536d67,3,0.3,4,1538830945133,Sports,0.18,0.59
ZrePkiZFeujqjhqLF,0bffd3af6716e142518615e24110afc8e8bf711f786121675329515c06536d67,4,0.75,4,1538830945134,Sports,0.125,0.57
s9cvDnv9k2qyPTFec,0bffd3af6716e142518615e24110afc8e8bf711f786121675329515c06536d67,5,0.24,4,1538830945134,Sports,0.1152,0.415
8S4Af9t22DwCSuYHS,0bffd3af6716e142518615e24110afc8e8bf711f786121675329515c06536d67,6,0.24,4,1538830945134,Sports,0.1152,0.41
wHsaS6tFom5H9RzA8,54bb68180916ba44ecf824aecd18bcbdb6ef4988b469658148498d23a8ca75f6,13,0.22,4,1538830991063,Entertainment,0.0968,0.375
sjfr4sydLTyxwtM9E,54bb68180916ba44ecf824aecd18bcbdb6ef4988b469658148498d23a8ca75f6,14,0.88,4,1538830991065,Entertainment,0.0288,0.53
u7L5kGMSJEwkPSidv,54bb68180916ba44ecf824aecd18bcbdb6ef4988b469658148498d23a8ca75f6,15,0.13,4,1538830991065,Entertainment,0.033800000000000004,0.415
v2YpedDZpdqGAs6ef,54bb68180916ba44ecf824aecd18bcbdb6ef4988b469658148498d23a8ca75f6,16,0.38,4,1538830991066,Entertainment,0.7688,0.645
fN8GG7JTzHTonGmML,54bb68180916ba44ecf824aecd18bcbdb6ef4988b469658148498d23a8ca75f6,17,0.06,4,1538830991067,Entertainment,0.0072,0.33
XvxntwDx3vJLKYLWF,54bb68180916ba44ecf824aecd18bcbdb6ef4988b469658148498d23a8ca75f6,18,0.81,4,1538830991069,Entertainment,1.3122000000000003,0.585
2HSnJbDnQGobCzE3s,0bffd3af6716e142518615e24110afc8e8bf711f786121675329515c06536d67,7,0.6,4,1538831018725,Politics,0.72,0.555
X7KwAgSRnyd7F6L3i,0bffd3af6716e142518615e24110afc8e8bf711f786121675329515c06536d67,8,0.75,4,1538831018725,Politics,0.125,0.525
K7LQ3J4S4ktvtEr2b,0bffd3af6716e142518615e24110afc8e8bf711f786121675329515c06536d67,9,0.39,4,1538831018725,Politics,0.3042,0.59
FPAnwNLk5gApjYsp6,0bffd3af6716e142518615e24110afc8e8bf711f786121675329515c06536d67,10,0.36,4,1538831018726,Politics,0.2592,0.535
Jg9twJoc2AhpEgPMc,0bffd3af6716e142518615e24110afc8e8bf711f786121675329515c06536d67,11,0.2,4,1538831018726,Politics,0.08000000000000002,0.48
HPbd9iQuP4eP7oCEm,0bffd3af6716e142518615e24110afc8e8bf711f786121675329515c06536d67,12,0.2,4,1538831018727,Politics,0.08000000000000002,0.36
EgqZANNEcX7PThdmZ,0bffd3af6716e142518615e24110afc8e8bf711f786121675329515c06536d67,13,0.2,4,1538831105029,Entertainment,0.08000000000000002,0.355
QaqwARMd4XnpsCftJ,0bffd3af6716e142518615e24110afc8e8bf711f786121675329515c06536d67,14,0.9,4,1538831105029,Entertainment,0.01999999999999999,0.545
aein2Njk4xbNyPyRF,0bffd3af6716e142518615e24110afc8e8bf711f786121675329515c06536d67,15,0.7,4,1538831105029,Entertainment,0.9799999999999999,0.485
JnbFnwWBX6jdAMMfn,0bffd3af6716e142518615e24110afc8e8bf711f786121675329515c06536d67,16,0.5,4,1538831105029,Entertainment,0.5,0.545
QA9WwpmL2vJNHvDW3,0bffd3af6716e142518615e24110afc8e8bf711f786121675329515c06536d67,17,0.41,4,1538831105029,Entertainment,0.33619999999999994,0.555
m4kYxQ7SWtZBip57K,0bffd3af6716e142518615e24110afc8e8bf711f786121675329515c06536d67,18,0.55,4,1538831105029,Entertainment,0.6050000000000001,0.575
oMYA627rK82xELsWK,9dac934a8383176006bf58c944ba937cf230bbbc28742f448a5c4f926c76e7df,1,0.23,4,1538831484549,Sports,1.1858,0.34
M772Hd3KBasAsTJ6u,9dac934a8383176006bf58c944ba937cf230bbbc28742f448a5c4f926c76e7df,2,0.31,4,1538831484552,Sports,0.1922,0.64
fGat4C53FoK6ACoeh,9dac934a8383176006bf58c944ba937cf230bbbc28742f448a5c4f926c76e7df,3,0.7,4,1538831484555,Sports,0.9799999999999999,0.46
xHsCMdi5ffap6XAkz,9dac934a8383176006bf58c944ba937cf230bbbc28742f448a5c4f926c76e7df,4,0.8,4,1538831484556,Sports,0.07999999999999996,0.65
6DD6wWNG22pML55g7,9dac934a8383176006bf58c944ba937cf230bbbc28742f448a5c4f926c76e7df,5,0.4,4,1538831484558,Sports,0.32000000000000006,0.525
jAwRNsmNQ2biFLe8W,9dac934a8383176006bf58c944ba937cf230bbbc28742f448a5c4f926c76e7df,6,0.5,4,1538831484560,Sports,0.5,0.575
CjZSh6HxBE3Hpr4kT,093a323c1ac846b0403669dec50388192960ce3cde641730c606f0b5fbda55a4,1,0.49,4,1538831545280,Sports,0.5202,0.625
SHxLpYyxixLJ9FcDa,093a323c1ac846b0403669dec50388192960ce3cde641730c606f0b5fbda55a4,2,0.94,4,1538831545285,Sports,1.7671999999999999,0.56
phiY9jgSRwJDmSChi,093a323c1ac846b0403669dec50388192960ce3cde641730c606f0b5fbda55a4,3,0.13,4,1538831545286,Sports,0.033800000000000004,0.355
mXwguhnYzdHALmsmZ,093a323c1ac846b0403669dec50388192960ce3cde641730c606f0b5fbda55a4,4,0.76,4,1538831545288,Sports,0.1152,0.58
CA9MejtoN8WkPX5Nq,093a323c1ac846b0403669dec50388192960ce3cde641730c606f0b5fbda55a4,5,0.31,4,1538831545289,Sports,0.1922,0.605
p4vnqRG3SZdvkeELF,093a323c1ac846b0403669dec50388192960ce3cde641730c606f0b5fbda55a4,6,0.61,4,1538831545290,Sports,0.7442,0.44
k56a7pC3Qpoy39n8i,093a323c1ac846b0403669dec50388192960ce3cde641730c606f0b5fbda55a4,7,0.33,4,1538831667982,Politics,0.21780000000000002,0.59
ttEJcZJ7wwn2QeEZ8,093a323c1ac846b0403669dec50388192960ce3cde641730c606f0b5fbda55a4,8,0.49,4,1538831667986,Politics,0.5202,0.55
fxLEgoWAaiTWrgyRk,093a323c1ac846b0403669dec50388192960ce3cde641730c606f0b5fbda55a4,9,0.54,4,1538831667988,Politics,0.5832,0.525
nJzLnyXivhWnhCLwE,093a323c1ac846b0403669dec50388192960ce3cde641730c606f0b5fbda55a4,10,0.32,4,1538831667990,Politics,0.2048,0.45
YkjnzgEtMCz3cnhzt,093a323c1ac846b0403669dec50388192960ce3cde641730c606f0b5fbda55a4,11,0.31,4,1538831667992,Politics,0.1922,0.52
7N2u3YbNEiCkzvQR2,093a323c1ac846b0403669dec50388192960ce3cde641730c606f0b5fbda55a4,12,0.53,4,1538831667994,Politics,0.5618000000000001,0.355
dKpkozzNWi6S5Q8Re,093a323c1ac846b0403669dec50388192960ce3cde641730c606f0b5fbda55a4,13,0.47,4,1538831738633,Entertainment,0.44179999999999997,0.5
zdvRKPjkyR9uBLNa5,093a323c1ac846b0403669dec50388192960ce3cde641730c606f0b5fbda55a4,14,0.55,4,1538831738639,Entertainment,0.4049999999999999,0.545
FSba3WCN4esRsKEZt,093a323c1ac846b0403669dec50388192960ce3cde641730c606f0b5fbda55a4,15,0.3,4,1538831738641,Entertainment,0.18,0.63
S6x85EsMNNvqx9Brc,093a323c1ac846b0403669dec50388192960ce3cde641730c606f0b5fbda55a4,16,0.23,4,1538831738642,Entertainment,1.1858,0.385
Noo29Wbz8MzY2NRXJ,093a323c1ac846b0403669dec50388192960ce3cde641730c606f0b5fbda55a4,17,0.65,4,1538831738644,Entertainment,0.8450000000000001,0.485
jkCmgtDPTwup6Fxx4,093a323c1ac846b0403669dec50388192960ce3cde641730c606f0b5fbda55a4,18,0.6,4,1538831738645,Entertainment,0.72,0.46
FoQFX9R32BXgFgzXM,505c6bcaa494122c1367b772804ce46a46e0d4418db3f76f1e6f50b93dbcf6b1,1,0.45,4,1538831826545,Sports,0.6050000000000001,0.58
BTcWPo9g29BxjQafC,505c6bcaa494122c1367b772804ce46a46e0d4418db3f76f1e6f50b93dbcf6b1,2,0.75,4,1538831826547,Sports,1.125,0.51
m5tFsvWm6h6E56yL9,505c6bcaa494122c1367b772804ce46a46e0d4418db3f76f1e6f50b93dbcf6b1,3,0.1,4,1538831826549,Sports,0.020000000000000004,0.345
wfbbGdKfNJ8374uGz,505c6bcaa494122c1367b772804ce46a46e0d4418db3f76f1e6f50b93dbcf6b1,4,0.5,4,1538831826550,Sports,0.5,0.625
Kd4EZkvxLir4mr9BT,505c6bcaa494122c1367b772804ce46a46e0d4418db3f76f1e6f50b93dbcf6b1,5,0.2,4,1538831826552,Sports,0.08000000000000002,0.4
8cAk6MFJ5NPzMZ5Pp,505c6bcaa494122c1367b772804ce46a46e0d4418db3f76f1e6f50b93dbcf6b1,6,0.6,4,1538831826553,Sports,0.72,0.48
doqDJYmuysSGgHAut,505c6bcaa494122c1367b772804ce46a46e0d4418db3f76f1e6f50b93dbcf6b1,7,0.4,4,1538831895369,Politics,0.32000000000000006,0.61
RcwcBgLKRA9GgGiNR,505c6bcaa494122c1367b772804ce46a46e0d4418db3f76f1e6f50b93dbcf6b1,8,0.4,4,1538831895371,Politics,0.72,0.595
m4HRpYhRP6nafJPcH,505c6bcaa494122c1367b772804ce46a46e0d4418db3f76f1e6f50b93dbcf6b1,9,0.5,4,1538831895373,Politics,0.5,0.55
p4roSPkjF2NSuuEvs,505c6bcaa494122c1367b772804ce46a46e0d4418db3f76f1e6f50b93dbcf6b1,10,0.5,4,1538831895374,Politics,0.5,0.405
9KW7X2BSGYwD5JEjM,505c6bcaa494122c1367b772804ce46a46e0d4418db3f76f1e6f50b93dbcf6b1,11,0.4,4,1538831895378,Politics,0.32000000000000006,0.45
FhSn8sTirvQoobagx,505c6bcaa494122c1367b772804ce46a46e0d4418db3f76f1e6f50b93dbcf6b1,12,0.5,4,1538831895380,Politics,0.5,0.4
6CupLwvNwtp6HAdW5,9dac934a8383176006bf58c944ba937cf230bbbc28742f448a5c4f926c76e7df,7,0.9,4,1538831932752,Politics,1.62,0.545
XE7Bku6khDT7oTsGr,9dac934a8383176006bf58c944ba937cf230bbbc28742f448a5c4f926c76e7df,8,0.84,4,1538831932754,Politics,0.05120000000000002,0.54
WsRWDrT3xLRwMx2Go,9dac934a8383176006bf58c944ba937cf230bbbc28742f448a5c4f926c76e7df,9,0.8,4,1538831932756,Politics,1.2800000000000002,0.485
LDeATY3yi6FXW6fG7,9dac934a8383176006bf58c944ba937cf230bbbc28742f448a5c4f926c76e7df,10,0.22,4,1538831932758,Politics,0.0968,0.35
93H7muQYXy9ePCedW,9dac934a8383176006bf58c944ba937cf230bbbc28742f448a5c4f926c76e7df,11,0.32,4,1538831932760,Politics,0.2048,0.595
B5kWZdrz3Z6fS3kt6,9dac934a8383176006bf58c944ba937cf230bbbc28742f448a5c4f926c76e7df,12,0.03,4,1538831932762,Politics,0.0018,0.25
DigsnNab2KZtnsE5y,505c6bcaa494122c1367b772804ce46a46e0d4418db3f76f1e6f50b93dbcf6b1,13,0.75,4,1538831963428,Entertainment,1.125,0.535
BhNwAHGPG4gNgii8T,505c6bcaa494122c1367b772804ce46a46e0d4418db3f76f1e6f50b93dbcf6b1,14,0.6,4,1538831963429,Entertainment,0.32000000000000006,0.555
SJJtG6dbuKwk6gPpF,505c6bcaa494122c1367b772804ce46a46e0d4418db3f76f1e6f50b93dbcf6b1,15,0.55,4,1538831963431,Entertainment,0.6050000000000001,0.505
xF2zw5aqs4eqEppEJ,505c6bcaa494122c1367b772804ce46a46e0d4418db3f76f1e6f50b93dbcf6b1,16,0.7,4,1538831963433,Entertainment,0.18000000000000005,0.475
7hDEArR2nRcP33oFh,505c6bcaa494122c1367b772804ce46a46e0d4418db3f76f1e6f50b93dbcf6b1,17,0.45,4,1538831963435,Entertainment,0.405,0.505
2txQQSkoppzmcsPW4,505c6bcaa494122c1367b772804ce46a46e0d4418db3f76f1e6f50b93dbcf6b1,18,0.5,4,1538831963436,Entertainment,0.5,0.535
tkXyDTXpnRpNshYTH,9dac934a8383176006bf58c944ba937cf230bbbc28742f448a5c4f926c76e7df,13,0.71,4,1538832042680,Entertainment,1.0082,0.525
FdZfHJq8eeh7MZJNv,9dac934a8383176006bf58c944ba937cf230bbbc28742f448a5c4f926c76e7df,14,0.4,4,1538832042683,Entertainment,0.72,0.605
KsKiK9z2x7nP3JE56,9dac934a8383176006bf58c944ba937cf230bbbc28742f448a5c4f926c76e7df,15,0.35,4,1538832042685,Entertainment,0.24499999999999997,0.585
D59aHTPL4awBfzW9t,9dac934a8383176006bf58c944ba937cf230bbbc28742f448a5c4f926c76e7df,16,0.35,4,1538832042686,Entertainment,0.8450000000000001,0.6
yAwcS9QYFrv2tCWxa,9dac934a8383176006bf58c944ba937cf230bbbc28742f448a5c4f926c76e7df,17,0.53,4,1538832042688,Entertainment,0.5618000000000001,0.605
8M2za53JkvfGZ3HrD,9dac934a8383176006bf58c944ba937cf230bbbc28742f448a5c4f926c76e7df,18,0.65,4,1538832042690,Entertainment,0.8450000000000001,0.51
qCBe9bXqzpPdXd7Qc,51c389e9e5201fa4f2d01766fcf1281aa6e65f5cc61d59fb0db3f71f5ee0708d,1,0.4,4,1538832266173,Sports,0.72,0.75
4vePBcp3th3rRSuYA,51c389e9e5201fa4f2d01766fcf1281aa6e65f5cc61d59fb0db3f71f5ee0708d,2,0.85,4,1538832266174,Sports,1.4449999999999998,0.64
Di4eugE9jJi6Dx5Ke,51c389e9e5201fa4f2d01766fcf1281aa6e65f5cc61d59fb0db3f71f5ee0708d,3,0.35,4,1538832266175,Sports,0.24499999999999997,0.685
ZBuZXPpSmMCGQuw6D,51c389e9e5201fa4f2d01766fcf1281aa6e65f5cc61d59fb0db3f71f5ee0708d,4,0.8,4,1538832266176,Sports,0.07999999999999996,0.7
Bnp3uyStyW8HwRfm3,51c389e9e5201fa4f2d01766fcf1281aa6e65f5cc61d59fb0db3f71f5ee0708d,5,0.45,4,1538832266176,Sports,0.405,0.67
d6og9bgmTRKth2iS5,51c389e9e5201fa4f2d01766fcf1281aa6e65f5cc61d59fb0db3f71f5ee0708d,6,0.1,4,1538832266177,Sports,0.020000000000000004,0.405
aozpWSGCp5cLKPPMu,51c389e9e5201fa4f2d01766fcf1281aa6e65f5cc61d59fb0db3f71f5ee0708d,7,1,4,1538832380090,Politics,2,0.64
QE6eQFWj5Zqe9Gtbu,51c389e9e5201fa4f2d01766fcf1281aa6e65f5cc61d59fb0db3f71f5ee0708d,8,1,4,1538832380092,Politics,0,0.68
ZcENon64cXJRyT5qo,51c389e9e5201fa4f2d01766fcf1281aa6e65f5cc61d59fb0db3f71f5ee0708d,9,0,4,1538832380093,Politics,0,0.265
4NxdpWr3dPqQySBYF,51c389e9e5201fa4f2d01766fcf1281aa6e65f5cc61d59fb0db3f71f5ee0708d,10,0,4,1538832380093,Politics,0,0.455
kHTQcv55eaR5H3e4Y,51c389e9e5201fa4f2d01766fcf1281aa6e65f5cc61d59fb0db3f71f5ee0708d,11,0.5,4,1538832380093,Politics,0.5,0.61
ySzEtzzwG6y2do4kp,51c389e9e5201fa4f2d01766fcf1281aa6e65f5cc61d59fb0db3f71f5ee0708d,12,0.05,4,1538832380095,Politics,0.005000000000000001,0.475
iEZSpqe5cFAq8w4zB,51c389e9e5201fa4f2d01766fcf1281aa6e65f5cc61d59fb0db3f71f5ee0708d,13,0,4,1538832628728,Entertainment,0,0.27
jZ2yHtnvu4DE8zwB9,51c389e9e5201fa4f2d01766fcf1281aa6e65f5cc61d59fb0db3f71f5ee0708d,14,1,4,1538832628729,Entertainment,0,0.615
hSQJAB9tmT76QoJLL,51c389e9e5201fa4f2d01766fcf1281aa6e65f5cc61d59fb0db3f71f5ee0708d,15,0.65,4,1538832628730,Entertainment,0.8450000000000001,0.59
foQEh6nrbxZNGadcf,51c389e9e5201fa4f2d01766fcf1281aa6e65f5cc61d59fb0db3f71f5ee0708d,16,0,4,1538832628731,Entertainment,2,0.3
6oGZWmzZCb9HdRgmM,51c389e9e5201fa4f2d01766fcf1281aa6e65f5cc61d59fb0db3f71f5ee0708d,17,0,4,1538832628732,Entertainment,0,0.31
YCNZmhykTY5S2J3oD,51c389e9e5201fa4f2d01766fcf1281aa6e65f5cc61d59fb0db3f71f5ee0708d,18,0.7,4,1538832628733,Entertainment,0.9799999999999999,0.545
WigKTFnL4qNPHRJQa,394031e3b42b0eaeafb8d2396700ec206d3d3c34e56537c4b4941b492271233f,1,0.59,4,1538832917694,Sports,0.33620000000000005,0.65
5NNJgHjide4mT9PWY,394031e3b42b0eaeafb8d2396700ec206d3d3c34e56537c4b4941b492271233f,2,0.68,4,1538832917695,Sports,0.9248000000000002,0.595
KW5NEr6eyTLfhiJP6,394031e3b42b0eaeafb8d2396700ec206d3d3c34e56537c4b4941b492271233f,3,0.78,4,1538832917696,Sports,1.2168,0.54
eedYACwyHuF9NoHvS,394031e3b42b0eaeafb8d2396700ec206d3d3c34e56537c4b4941b492271233f,4,0.78,4,1538832917697,Sports,0.09679999999999998,0.64
bytrMcpDJTEDnT8tC,394031e3b42b0eaeafb8d2396700ec206d3d3c34e56537c4b4941b492271233f,5,0.22,4,1538832917697,Sports,0.0968,0.4
xHLujCEJAKc22nj4H,394031e3b42b0eaeafb8d2396700ec206d3d3c34e56537c4b4941b492271233f,6,0.67,4,1538832917697,Sports,0.8978000000000002,0.545
9pdATnLAEkJTvhAR2,394031e3b42b0eaeafb8d2396700ec206d3d3c34e56537c4b4941b492271233f,7,0.65,4,1538832987226,Politics,0.8450000000000001,0.585
eqL2H9TLyDQz7BomT,394031e3b42b0eaeafb8d2396700ec206d3d3c34e56537c4b4941b492271233f,8,0.36,4,1538832987226,Politics,0.8192,0.68
89rH6m9bbLJPH7Gu8,394031e3b42b0eaeafb8d2396700ec206d3d3c34e56537c4b4941b492271233f,9,0.41,4,1538832987227,Politics,0.33619999999999994,0.555
7BkixqALAxPBsyr3i,394031e3b42b0eaeafb8d2396700ec206d3d3c34e56537c4b4941b492271233f,10,0.25,4,1538832987228,Politics,0.125,0.385
sSkR7HTZJJh9QAqSY,394031e3b42b0eaeafb8d2396700ec206d3d3c34e56537c4b4941b492271233f,11,0.23,4,1538832987228,Politics,0.1058,0.455
XSAHJ8i8764RDvH9L,394031e3b42b0eaeafb8d2396700ec206d3d3c34e56537c4b4941b492271233f,12,0.18,4,1538832987230,Politics,0.0648,0.51
wDJZ7qNPwFrrTNAYi,394031e3b42b0eaeafb8d2396700ec206d3d3c34e56537c4b4941b492271233f,13,0.69,4,1538833040439,Entertainment,0.9521999999999998,0.515
i7585XFaJcwx9Seiu,394031e3b42b0eaeafb8d2396700ec206d3d3c34e56537c4b4941b492271233f,14,0.84,4,1538833040441,Entertainment,0.05120000000000002,0.59
phYXxp5wyaqnAmW94,394031e3b42b0eaeafb8d2396700ec206d3d3c34e56537c4b4941b492271233f,15,0.28,4,1538833040441,Entertainment,0.15680000000000002,0.41
GRjaNHACSgfiZFsKu,394031e3b42b0eaeafb8d2396700ec206d3d3c34e56537c4b4941b492271233f,16,0.76,4,1538833040442,Entertainment,0.1152,0.52
6ZSohcssKLMeJBSh4,394031e3b42b0eaeafb8d2396700ec206d3d3c34e56537c4b4941b492271233f,17,0.89,4,1538833040442,Entertainment,1.5842,0.515
n53SZAG4xkeMn2nFe,394031e3b42b0eaeafb8d2396700ec206d3d3c34e56537c4b4941b492271233f,18,0.23,4,1538833040443,Entertainment,0.1058,0.495
Nu2Ld7HGZBLjbGLaG,4e6bde2d5591d2071515a17514024d460a10c1e39e166632568e7a5ab2529ffb,1,0.29,4,1538833625953,Sports,1.0082,0.41
Zrdx4T99Lb4pBu28G,4e6bde2d5591d2071515a17514024d460a10c1e39e166632568e7a5ab2529ffb,2,0.59,4,1538833625962,Sports,0.6961999999999999,0.635
yjgCDEQQc3jhY8sgp,4e6bde2d5591d2071515a17514024d460a10c1e39e166632568e7a5ab2529ffb,3,0.25,4,1538833625964,Sports,0.125,0.43
jKttCKkBbTgKiJPo3,4e6bde2d5591d2071515a17514024d460a10c1e39e166632568e7a5ab2529ffb,4,0.73,4,1538833625966,Sports,0.1458,0.57
oALjtJcFWuQr5hd4j,4e6bde2d5591d2071515a17514024d460a10c1e39e166632568e7a5ab2529ffb,5,0.67,4,1538833625968,Sports,0.8978000000000002,0.595
knSmLxBYHY3wMyncK,4e6bde2d5591d2071515a17514024d460a10c1e39e166632568e7a5ab2529ffb,6,0.44,4,1538833625970,Sports,0.3872,0.67
wXDQnL93mp8aMmrdn,4e6bde2d5591d2071515a17514024d460a10c1e39e166632568e7a5ab2529ffb,7,0.2,4,1538833682712,Politics,0.08000000000000002,0.31
zJzQMndEWhXRyAq27,4e6bde2d5591d2071515a17514024d460a10c1e39e166632568e7a5ab2529ffb,8,0.41,4,1538833682715,Politics,0.6962000000000002,0.625
8f4bmvx5sgR2pDCET,4e6bde2d5591d2071515a17514024d460a10c1e39e166632568e7a5ab2529ffb,9,0.62,4,1538833682717,Politics,0.7688,0.59
JsiAyboFKAqAsxesB,4e6bde2d5591d2071515a17514024d460a10c1e39e166632568e7a5ab2529ffb,10,0.1,4,1538833682722,Politics,0.020000000000000004,0.53
sSk3EpKHaK4KWZjLZ,4e6bde2d5591d2071515a17514024d460a10c1e39e166632568e7a5ab2529ffb,11,0.15,4,1538833682726,Politics,0.045,0.47
msBQQPG9CW3JQFWYr,4e6bde2d5591d2071515a17514024d460a10c1e39e166632568e7a5ab2529ffb,12,0.4,4,1538833682729,Politics,0.32000000000000006,0.43
urECTygP3RCJ3iPz5,4e6bde2d5591d2071515a17514024d460a10c1e39e166632568e7a5ab2529ffb,13,0.72,4,1538833731256,Entertainment,1.0368,0.565
8kNRQZgwE5XKggcCg,4e6bde2d5591d2071515a17514024d460a10c1e39e166632568e7a5ab2529ffb,14,0.74,4,1538833731258,Entertainment,0.13520000000000001,0.59
ppMvg2tj53gq9qLZe,4e6bde2d5591d2071515a17514024d460a10c1e39e166632568e7a5ab2529ffb,15,0.29,4,1538833731266,Entertainment,0.1682,0.42
BfBx3RLr3RubXDRfW,4e6bde2d5591d2071515a17514024d460a10c1e39e166632568e7a5ab2529ffb,16,0.54,4,1538833731268,Entertainment,0.4231999999999999,0.555
6NiMuLoAjhD5NPjnS,4e6bde2d5591d2071515a17514024d460a10c1e39e166632568e7a5ab2529ffb,17,0.74,4,1538833731271,Entertainment,1.0952,0.535
Q2BEBNTEZxPQp9dkz,4e6bde2d5591d2071515a17514024d460a10c1e39e166632568e7a5ab2529ffb,18,0.27,4,1538833731274,Entertainment,0.1458,0.495
dxbDPvJqTjqPu88sk,94f02e00c1b5d0dfa34f7faf634933364164a69d489a1909a8d8d2ded442cfb6,1,0.54,4,1538834492605,Sports,0.4231999999999999,0.7
PY6iEXyTC6esgSeZ2,94f02e00c1b5d0dfa34f7faf634933364164a69d489a1909a8d8d2ded442cfb6,2,0.23,4,1538834492606,Sports,0.1058,0.51
vJpxLwahi3S9mwDjo,94f02e00c1b5d0dfa34f7faf634933364164a69d489a1909a8d8d2ded442cfb6,3,0,4,1538834492606,Sports,0,0.415
EhdxCh8W4z2LggbdH,94f02e00c1b5d0dfa34f7faf634933364164a69d489a1909a8d8d2ded442cfb6,4,0.89,4,1538834492607,Sports,0.024199999999999996,0.69
N5cEPEujjRW57QAFk,94f02e00c1b5d0dfa34f7faf634933364164a69d489a1909a8d8d2ded442cfb6,5,0.22,4,1538834492608,Sports,0.0968,0.555
xkXqxZ2LAjQX547Hf,94f02e00c1b5d0dfa34f7faf634933364164a69d489a1909a8d8d2ded442cfb6,6,0.79,4,1538834492608,Sports,1.2482000000000002,0.575
jJKs2dzPsRR92SBYa,94f02e00c1b5d0dfa34f7faf634933364164a69d489a1909a8d8d2ded442cfb6,7,0.28,4,1538834534709,Politics,0.15680000000000002,0.49
ExBA3nJHJXWTHheaY,94f02e00c1b5d0dfa34f7faf634933364164a69d489a1909a8d8d2ded442cfb6,8,0.79,4,1538834534709,Politics,0.08819999999999997,0.655
ChWAnFfzM4Z8hW6r6,94f02e00c1b5d0dfa34f7faf634933364164a69d489a1909a8d8d2ded442cfb6,9,0.25,4,1538834534711,Politics,0.125,0.605
tCNCb9Cejbmhod9m9,94f02e00c1b5d0dfa34f7faf634933364164a69d489a1909a8d8d2ded442cfb6,10,0,4,1538834534711,Politics,0,0.445
hr22Ryuwk7q66YcNp,94f02e00c1b5d0dfa34f7faf634933364164a69d489a1909a8d8d2ded442cfb6,11,0,4,1538834534711,Politics,0,0.415
vvC8d4guoQKSXifax,94f02e00c1b5d0dfa34f7faf634933364164a69d489a1909a8d8d2ded442cfb6,12,0,4,1538834534711,Politics,0,0.43
QPqpbDYjEDgkZHuFx,94f02e00c1b5d0dfa34f7faf634933364164a69d489a1909a8d8d2ded442cfb6,13,0.82,4,1538834574953,Entertainment,1.3447999999999998,0.585
Fa8TXx8zJFfZKMsEi,94f02e00c1b5d0dfa34f7faf634933364164a69d489a1909a8d8d2ded442cfb6,14,1,4,1538834574953,Entertainment,0,0.665
4cFqA2q9CT943dEKN,94f02e00c1b5d0dfa34f7faf634933364164a69d489a1909a8d8d2ded442cfb6,15,0.95,4,1538834574953,Entertainment,1.805,0.58
Gx8hv75Bd88FoaziQ,94f02e00c1b5d0dfa34f7faf634933364164a69d489a1909a8d8d2ded442cfb6,16,0.05,4,1538834574955,Entertainment,1.805,0.36
gF3GGMF9HYab3MrDs,94f02e00c1b5d0dfa34f7faf634933364164a69d489a1909a8d8d2ded442cfb6,17,0.64,4,1538834574955,Entertainment,0.8192,0.625
fcvmm5AJKwHpjheP6,94f02e00c1b5d0dfa34f7faf634933364164a69d489a1909a8d8d2ded442cfb6,18,0,4,1538834574956,Entertainment,0,0.325
Y36abSdpEo9oZSLvi,b9d972ef1087786d1f8c184a9975cf3ae0e784308f31cb2853152141a03c780d,1,0.77,4,1538834522395,Sports,0.10579999999999998,0.595
KXr8orj2fCpLj7npr,b9d972ef1087786d1f8c184a9975cf3ae0e784308f31cb2853152141a03c780d,2,0.83,4,1538834522401,Sports,1.3778,0.55
kNFrNfE8bqRukEFLk,b9d972ef1087786d1f8c184a9975cf3ae0e784308f31cb2853152141a03c780d,3,0.79,4,1538834522405,Sports,1.2482000000000002,0.425
7DDq7j2jjTsF8Cnqe,b9d972ef1087786d1f8c184a9975cf3ae0e784308f31cb2853152141a03c780d,4,0.85,4,1538834522409,Sports,0.04500000000000001,0.54
bX2PSCc454TnjFvai,b9d972ef1087786d1f8c184a9975cf3ae0e784308f31cb2853152141a03c780d,5,0.92,4,1538834522412,Sports,1.6928,0.48
cxh2oWSmH72NvLoQq,b9d972ef1087786d1f8c184a9975cf3ae0e784308f31cb2853152141a03c780d,6,0.9,4,1538834522416,Sports,1.62,0.48
P6WL55pDy93kqzZrt,b9d972ef1087786d1f8c184a9975cf3ae0e784308f31cb2853152141a03c780d,7,0.82,4,1538834552451,Politics,1.3447999999999998,0.605
bGAdjY2iYcucZrqH3,b9d972ef1087786d1f8c184a9975cf3ae0e784308f31cb2853152141a03c780d,8,0.78,4,1538834552454,Politics,0.09679999999999998,0.55
XRso2k2nfdXmMt4Sz,b9d972ef1087786d1f8c184a9975cf3ae0e784308f31cb2853152141a03c780d,9,0.81,4,1538834552457,Politics,1.3122000000000003,0.495
GGN4nHWgKKgwCH7vg,b9d972ef1087786d1f8c184a9975cf3ae0e784308f31cb2853152141a03c780d,10,0.85,4,1538834552464,Politics,1.4449999999999998,0.375
JL2aEXFqyQ66nSjX3,b9d972ef1087786d1f8c184a9975cf3ae0e784308f31cb2853152141a03c780d,11,0.84,4,1538834552469,Politics,1.4111999999999998,0.43
A5hTDdjc57RMxczZG,b9d972ef1087786d1f8c184a9975cf3ae0e784308f31cb2853152141a03c780d,12,0.94,4,1538834552472,Politics,1.7671999999999999,0.415
BXZ8QZZauisXT7tXd,b9d972ef1087786d1f8c184a9975cf3ae0e784308f31cb2853152141a03c780d,13,0.93,4,1538834581768,Entertainment,1.7298000000000002,0.53
KkBhEA5Mt5h2H7ez7,b9d972ef1087786d1f8c184a9975cf3ae0e784308f31cb2853152141a03c780d,14,0.85,4,1538834581771,Entertainment,0.04500000000000001,0.555
xMyMW9rCpehfe5Do5,b9d972ef1087786d1f8c184a9975cf3ae0e784308f31cb2853152141a03c780d,15,0.96,4,1538834581774,Entertainment,1.8432,0.465
izEmozdH8M3nZGSaR,b9d972ef1087786d1f8c184a9975cf3ae0e784308f31cb2853152141a03c780d,16,0.96,4,1538834581776,Entertainment,0.003200000000000006,0.5
t9eZEZHP8QZzHL7oS,b9d972ef1087786d1f8c184a9975cf3ae0e784308f31cb2853152141a03c780d,17,0.99,4,1538834581780,Entertainment,1.9602,0.505
uAvsugo6gGpJSskbs,b9d972ef1087786d1f8c184a9975cf3ae0e784308f31cb2853152141a03c780d,18,0.99,4,1538834581784,Entertainment,1.9602,0.47
ExRcmc4EjaSY3Jbbp,81732395541184b6f051871a368b06f64389ee6c5831d083e13f1d46ef1d3b38,1,0.92,4,1538834874518,Sports,0.012799999999999987,0.605
wAGKp9cM6vF6s7NqT,81732395541184b6f051871a368b06f64389ee6c5831d083e13f1d46ef1d3b38,2,0.88,4,1538834874523,Sports,1.5488,0.655
jTCvStkA5SGoQWqRN,81732395541184b6f051871a368b06f64389ee6c5831d083e13f1d46ef1d3b38,3,0.15,4,1538834874526,Sports,0.045,0.375
FYuQxb5LFEY6pwYGh,81732395541184b6f051871a368b06f64389ee6c5831d083e13f1d46ef1d3b38,4,0.68,4,1538834874527,Sports,0.20479999999999993,0.65
NHvRtqwem3My4SyuF,81732395541184b6f051871a368b06f64389ee6c5831d083e13f1d46ef1d3b38,5,0.14,4,1538834874530,Sports,0.039200000000000006,0.36
fjz59TS23KmDgddzo,81732395541184b6f051871a368b06f64389ee6c5831d083e13f1d46ef1d3b38,6,0.69,4,1538834874532,Sports,0.9521999999999998,0.565
tiYETNK4HF57Z9feJ,81732395541184b6f051871a368b06f64389ee6c5831d083e13f1d46ef1d3b38,7,0.16,4,1538834966303,Politics,0.0512,0.35
Wpnc8RKxxn5oWCRxJ,81732395541184b6f051871a368b06f64389ee6c5831d083e13f1d46ef1d3b38,8,0.88,4,1538834966306,Politics,0.0288,0.595
dYJcpzRFm9nfzgB8p,81732395541184b6f051871a368b06f64389ee6c5831d083e13f1d46ef1d3b38,9,0.99,4,1538834966311,Politics,1.9602,0.55
iphKXEJwcEh4xRJpk,81732395541184b6f051871a368b06f64389ee6c5831d083e13f1d46ef1d3b38,10,0.66,4,1538834966315,Politics,0.8712000000000001,0.345
2doSFkrMyFT7XPcR4,81732395541184b6f051871a368b06f64389ee6c5831d083e13f1d46ef1d3b38,11,0.59,4,1538834966317,Politics,0.6961999999999999,0.525
wmcpDrnSikq2neJds,81732395541184b6f051871a368b06f64389ee6c5831d083e13f1d46ef1d3b38,12,0.23,4,1538834966319,Politics,0.1058,0.44
Z9gDmRQ8bRNxpRhMc,81732395541184b6f051871a368b06f64389ee6c5831d083e13f1d46ef1d3b38,13,1,4,1538835042053,Entertainment,2,0.56
AMQS7C6ktqHAaR28m,81732395541184b6f051871a368b06f64389ee6c5831d083e13f1d46ef1d3b38,14,0.24,4,1538835042071,Entertainment,1.1552,0.38
N2kCWk7MNu5HTuoDF,81732395541184b6f051871a368b06f64389ee6c5831d083e13f1d46ef1d3b38,15,0.66,4,1538835042073,Entertainment,0.8712000000000001,0.56
W58zMBPiuFCzM876v,81732395541184b6f051871a368b06f64389ee6c5831d083e13f1d46ef1d3b38,16,0.33,4,1538835042076,Entertainment,0.8977999999999998,0.665
yP4EJD6utXPMmsyYh,81732395541184b6f051871a368b06f64389ee6c5831d083e13f1d46ef1d3b38,17,0.09,4,1538835042078,Entertainment,0.0162,0.22
ekTYHosSzRXBnaFvw,81732395541184b6f051871a368b06f64389ee6c5831d083e13f1d46ef1d3b38,18,0.65,4,1538835042079,Entertainment,0.8450000000000001,0.61
jdmyQEio8csoG3m7a,e22f67862800973b6573e7ad61c99272e8f967b324455f0144fc4a93d804ed35,1,0.6,4,1538835312316,Sports,0.32000000000000006,0.52
2dty39p9LYmWELpcP,e22f67862800973b6573e7ad61c99272e8f967b324455f0144fc4a93d804ed35,2,0.65,4,1538835312317,Sports,0.8450000000000001,0.515
TyxW7q2pxggTiDWPs,e22f67862800973b6573e7ad61c99272e8f967b324455f0144fc4a93d804ed35,3,0.37,4,1538835312318,Sports,0.2738,0.555
g9k7hMiNhzeLmQ7pF,e22f67862800973b6573e7ad61c99272e8f967b324455f0144fc4a93d804ed35,4,0.68,4,1538835312318,Sports,0.20479999999999993,0.54
iqcPiGNs3nTc68gTz,e22f67862800973b6573e7ad61c99272e8f967b324455f0144fc4a93d804ed35,5,0.66,4,1538835312318,Sports,0.8712000000000001,0.45
maatQvzQroqrvbW7Q,e22f67862800973b6573e7ad61c99272e8f967b324455f0144fc4a93d804ed35,6,0.62,4,1538835312318,Sports,0.7688,0.465
BDRjHSW8maA9Tzv3h,e22f67862800973b6573e7ad61c99272e8f967b324455f0144fc4a93d804ed35,7,0.64,4,1538835372353,Politics,0.8192,0.605
xmo6CnReg2ZRmLZYX,e22f67862800973b6573e7ad61c99272e8f967b324455f0144fc4a93d804ed35,8,0.41,4,1538835372353,Politics,0.6962000000000002,0.63
EkfB8yuf73pMbMS6d,e22f67862800973b6573e7ad61c99272e8f967b324455f0144fc4a93d804ed35,9,0.63,4,1538835372354,Politics,0.7938000000000001,0.49
R7zQD9io25rq7h4wP,e22f67862800973b6573e7ad61c99272e8f967b324455f0144fc4a93d804ed35,10,0.7,4,1538835372354,Politics,0.9799999999999999,0.31
5o729uKTRcaCxr9qm,e22f67862800973b6573e7ad61c99272e8f967b324455f0144fc4a93d804ed35,11,0.33,4,1538835372354,Politics,0.21780000000000002,0.56
DpeoWKgdGZNiKMeRA,e22f67862800973b6573e7ad61c99272e8f967b324455f0144fc4a93d804ed35,12,0.7,4,1538835372354,Politics,0.9799999999999999,0.315
LgmjhKKsEYywrvs3W,e22f67862800973b6573e7ad61c99272e8f967b324455f0144fc4a93d804ed35,13,0.66,4,1538835427957,Entertainment,0.8712000000000001,0.43
yK4ZQggYvGHTKHvP8,e22f67862800973b6573e7ad61c99272e8f967b324455f0144fc4a93d804ed35,14,0.35,4,1538835427958,Entertainment,0.8450000000000001,0.625
mLmgSPDwZtzeijd5N,e22f67862800973b6573e7ad61c99272e8f967b324455f0144fc4a93d804ed35,15,0.7,4,1538835427959,Entertainment,0.9799999999999999,0.41
GBFHeNzWLgHqweB5w,e22f67862800973b6573e7ad61c99272e8f967b324455f0144fc4a93d804ed35,16,0.68,4,1538835427959,Entertainment,0.20479999999999993,0.435
kvq9RhopLDMcuHske,e22f67862800973b6573e7ad61c99272e8f967b324455f0144fc4a93d804ed35,17,0.61,4,1538835427959,Entertainment,0.7442,0.5
ahcaY3Q9JuruxTxCt,e22f67862800973b6573e7ad61c99272e8f967b324455f0144fc4a93d804ed35,18,0.68,4,1538835427959,Entertainment,0.9248000000000002,0.5
LEc4C5xe3aMPT7yn9,ccd6405315db3abe43131116ed6c1321686f3b63ae386951d1c20c9e379f7dbb,1,0.75,4,1538836249866,Sports,0.125,0.62
Xb4GvfgcCjwhsjXsR,ccd6405315db3abe43131116ed6c1321686f3b63ae386951d1c20c9e379f7dbb,2,0.25,4,1538836249866,Sports,0.125,0.385
2Ss9AwfnPAmhmkv6K,ccd6405315db3abe43131116ed6c1321686f3b63ae386951d1c20c9e379f7dbb,3,0.3,4,1538836249866,Sports,0.18,0.67
rgHZZH7DgD6JT7wwK,ccd6405315db3abe43131116ed6c1321686f3b63ae386951d1c20c9e379f7dbb,4,0.75,4,1538836249867,Sports,0.125,0.615
yfPZTNRWCW23fnX8L,ccd6405315db3abe43131116ed6c1321686f3b63ae386951d1c20c9e379f7dbb,5,0.25,4,1538836249867,Sports,0.125,0.57
kB8d9ZJpR5KMwG5AR,ccd6405315db3abe43131116ed6c1321686f3b63ae386951d1c20c9e379f7dbb,6,0.75,4,1538836249868,Sports,1.125,0.55
4rXTEhSH8aw6z34Di,ccd6405315db3abe43131116ed6c1321686f3b63ae386951d1c20c9e379f7dbb,7,0.25,4,1538836300502,Politics,0.125,0.275
mdYqh7nyuqY9d2zYS,ccd6405315db3abe43131116ed6c1321686f3b63ae386951d1c20c9e379f7dbb,8,0.5,4,1538836300503,Politics,0.5,0.63
3CvjmeteuaGiCLrPP,ccd6405315db3abe43131116ed6c1321686f3b63ae386951d1c20c9e379f7dbb,9,0.25,4,1538836300504,Politics,0.125,0.46
rECxWFACv9uHJbyc7,ccd6405315db3abe43131116ed6c1321686f3b63ae386951d1c20c9e379f7dbb,10,0.25,4,1538836300504,Politics,0.125,0.435
NHhqrzcPZKMYSXdGz,ccd6405315db3abe43131116ed6c1321686f3b63ae386951d1c20c9e379f7dbb,11,0.25,4,1538836300505,Politics,0.125,0.54
CrbHyf6XRT54wobtb,ccd6405315db3abe43131116ed6c1321686f3b63ae386951d1c20c9e379f7dbb,12,0.25,4,1538836300505,Politics,0.125,0.43
gQAc3GzKq2tPydqrh,ccd6405315db3abe43131116ed6c1321686f3b63ae386951d1c20c9e379f7dbb,13,0.75,4,1538836338925,Entertainment,1.125,0.53
bGWFyvbqGnF7WDeRj,ccd6405315db3abe43131116ed6c1321686f3b63ae386951d1c20c9e379f7dbb,14,0.75,4,1538836338925,Entertainment,0.125,0.62
HertCZx3vKoRp4iF9,ccd6405315db3abe43131116ed6c1321686f3b63ae386951d1c20c9e379f7dbb,15,0.4,4,1538836338926,Entertainment,0.32000000000000006,0.62
6DTBqXS6TiQjKFhr3,ccd6405315db3abe43131116ed6c1321686f3b63ae386951d1c20c9e379f7dbb,16,0.75,4,1538836338926,Entertainment,0.125,0.56
8iw6uYTYtQLL4XKar,ccd6405315db3abe43131116ed6c1321686f3b63ae386951d1c20c9e379f7dbb,17,0.75,4,1538836338926,Entertainment,1.125,0.54
FQaX4dxnDJuTGmefW,ccd6405315db3abe43131116ed6c1321686f3b63ae386951d1c20c9e379f7dbb,18,0.25,4,1538836338926,Entertainment,0.125,0.44
tzRyv7NerPcYEfBRa,44e9d34f76d2f7a3474646a37eb1bd2591940312bda860b4d46ee9f73852182d,1,0.81,4,1538836617759,Sports,0.07219999999999996,0.535
Rjpw9WDhGh59Y9ntH,44e9d34f76d2f7a3474646a37eb1bd2591940312bda860b4d46ee9f73852182d,2,0.66,4,1538836617760,Sports,0.8712000000000001,0.565
c9SBP84un6xxDFBnq,44e9d34f76d2f7a3474646a37eb1bd2591940312bda860b4d46ee9f73852182d,3,0.33,4,1538836617761,Sports,0.21780000000000002,0.575
cwD6YTFuRhzfi88CN,44e9d34f76d2f7a3474646a37eb1bd2591940312bda860b4d46ee9f73852182d,4,0.56,4,1538836617762,Sports,0.38719999999999993,0.615
Sg5pHCnP4SFY5zQao,44e9d34f76d2f7a3474646a37eb1bd2591940312bda860b4d46ee9f73852182d,5,0.33,4,1538836617763,Sports,0.21780000000000002,0.595
hDD6qSdtEkG3ejLtA,44e9d34f76d2f7a3474646a37eb1bd2591940312bda860b4d46ee9f73852182d,6,0.48,4,1538836617763,Sports,0.4608,0.52
R92FyGuvSkoQW26MN,802a62e5cbcf1df36969815a9320b3706376801be820477e66bbfdb9f071b455,1,0.65,4,1538836650075,Sports,0.24499999999999997,0.55
iiMKjKtn5JxfP6fab,802a62e5cbcf1df36969815a9320b3706376801be820477e66bbfdb9f071b455,2,0.63,4,1538836650081,Sports,0.7938000000000001,0.6
emFaDWSPGD9GgNaiq,802a62e5cbcf1df36969815a9320b3706376801be820477e66bbfdb9f071b455,3,0.77,4,1538836650083,Sports,1.1858,0.42
nyPMEdtb4LwF5gmBS,802a62e5cbcf1df36969815a9320b3706376801be820477e66bbfdb9f071b455,4,0.69,4,1538836650085,Sports,0.19220000000000007,0.605
E9uPxYdg75pyck5vk,802a62e5cbcf1df36969815a9320b3706376801be820477e66bbfdb9f071b455,5,0.8,4,1538836650087,Sports,1.2800000000000002,0.415
A3LqqWrtsu7wjCfk5,802a62e5cbcf1df36969815a9320b3706376801be820477e66bbfdb9f071b455,6,0.75,4,1538836650091,Sports,1.125,0.53
ARJEFLdSHLAckTyCR,802a62e5cbcf1df36969815a9320b3706376801be820477e66bbfdb9f071b455,7,0.79,4,1538836666438,Politics,1.2482000000000002,0.63
58NBCSN5wnxwDmEsr,802a62e5cbcf1df36969815a9320b3706376801be820477e66bbfdb9f071b455,8,0.75,4,1538836666448,Politics,0.125,0.515
nptaAfkQWqDzhceLD,802a62e5cbcf1df36969815a9320b3706376801be820477e66bbfdb9f071b455,9,0.73,4,1538836666450,Politics,1.0657999999999999,0.485
jaaY9RwuMZYJxsw7d,802a62e5cbcf1df36969815a9320b3706376801be820477e66bbfdb9f071b455,10,0.63,4,1538836666452,Politics,0.7938000000000001,0.4
37S86FHJWvw9j58cf,802a62e5cbcf1df36969815a9320b3706376801be820477e66bbfdb9f071b455,11,0.77,4,1538836666455,Politics,1.1858,0.4
HCXpG5k4vLPmnE7GK,802a62e5cbcf1df36969815a9320b3706376801be820477e66bbfdb9f071b455,12,0.61,4,1538836666456,Politics,0.7442,0.37
vFbsTxj5X5RGExkbA,802a62e5cbcf1df36969815a9320b3706376801be820477e66bbfdb9f071b455,13,0.8,4,1538836678066,Entertainment,1.2800000000000002,0.53
mQQwvTzbtDJSoCeJF,802a62e5cbcf1df36969815a9320b3706376801be820477e66bbfdb9f071b455,14,0.84,4,1538836678067,Entertainment,0.05120000000000002,0.54
k7cH3xdm2bbZ3i9QJ,802a62e5cbcf1df36969815a9320b3706376801be820477e66bbfdb9f071b455,15,0.74,4,1538836678067,Entertainment,1.0952,0.53
b8bCspeMeQcdXAPnC,802a62e5cbcf1df36969815a9320b3706376801be820477e66bbfdb9f071b455,16,0.85,4,1538836678068,Entertainment,0.04500000000000001,0.505
rDXEWFccMQqX8yRTn,802a62e5cbcf1df36969815a9320b3706376801be820477e66bbfdb9f071b455,17,0.71,4,1538836678068,Entertainment,1.0082,0.46
QPzrXFcirHhSvGzeN,802a62e5cbcf1df36969815a9320b3706376801be820477e66bbfdb9f071b455,18,0.73,4,1538836678069,Entertainment,1.0657999999999999,0.5
Wi8RxDZ5HxxFpWNo9,3ce0c0745db512e37d3bae5d492be81229468f3ff5f8a9d3788e6e67cb2e0a65,1,0.8,4,1538836723418,Sports,0.07999999999999996,0.615
etYYSDydwnCu9iAyj,3ce0c0745db512e37d3bae5d492be81229468f3ff5f8a9d3788e6e67cb2e0a65,2,0.3,4,1538836723419,Sports,0.18,0.64
k9MvDMzgJCAxbGDH5,3ce0c0745db512e37d3bae5d492be81229468f3ff5f8a9d3788e6e67cb2e0a65,3,0.3,4,1538836723419,Sports,0.18,0.585
8hYiMYWCpwKRirvzz,3ce0c0745db512e37d3bae5d492be81229468f3ff5f8a9d3788e6e67cb2e0a65,4,0.6,4,1538836723420,Sports,0.32000000000000006,0.6
fij5odzdPxkeJk9Yq,3ce0c0745db512e37d3bae5d492be81229468f3ff5f8a9d3788e6e67cb2e0a65,5,0.2,4,1538836723420,Sports,0.08000000000000002,0.48
EeRSLfSxHTxa7QiMG,3ce0c0745db512e37d3bae5d492be81229468f3ff5f8a9d3788e6e67cb2e0a65,6,0.4,4,1538836723420,Sports,0.32000000000000006,0.605
mTWmrkowP5QeKcTo4,86cdbd4a6d759feac7dcb322d1090fbe5e2d7bd82adc32c07d5482687d292a71,13,0.03,4,1538836971602,Entertainment,0.0018,0.31
yFyiXMzPnecS7ynAn,86cdbd4a6d759feac7dcb322d1090fbe5e2d7bd82adc32c07d5482687d292a71,14,0.35,4,1538836971602,Entertainment,0.8450000000000001,0.71
Sv75iDpLKo95vZFvp,86cdbd4a6d759feac7dcb322d1090fbe5e2d7bd82adc32c07d5482687d292a71,15,0,4,1538836971602,Entertainment,0,0.28
hHWm8WFjTGtAhXfTD,86cdbd4a6d759feac7dcb322d1090fbe5e2d7bd82adc32c07d5482687d292a71,16,0.7,4,1538836971603,Entertainment,0.18000000000000005,0.545
cZFwbNjRw3Brcv5S3,86cdbd4a6d759feac7dcb322d1090fbe5e2d7bd82adc32c07d5482687d292a71,17,0.72,4,1538836971603,Entertainment,1.0368,0.59
yd24d6nnZjccFMESp,86cdbd4a6d759feac7dcb322d1090fbe5e2d7bd82adc32c07d5482687d292a71,18,0.05,4,1538836971603,Entertainment,0.005000000000000001,0.33
5swA3pXSRtaXQt9Jz,3ce0c0745db512e37d3bae5d492be81229468f3ff5f8a9d3788e6e67cb2e0a65,7,0.8,4,1538837008421,Politics,1.2800000000000002,0.575
jse3uf9xKpCemMZ9X,3ce0c0745db512e37d3bae5d492be81229468f3ff5f8a9d3788e6e67cb2e0a65,8,0.8,4,1538837008421,Politics,0.07999999999999996,0.565
ghhsjsJjfdvd7C3ek,3ce0c0745db512e37d3bae5d492be81229468f3ff5f8a9d3788e6e67cb2e0a65,9,0.3,4,1538837008422,Politics,0.18,0.66
tBnrQc6LpcsoPnWqt,3ce0c0745db512e37d3bae5d492be81229468f3ff5f8a9d3788e6e67cb2e0a65,10,0.19,4,1538837008422,Politics,0.0722,0.485
Gn3ps4LRQgnbiQkoA,3ce0c0745db512e37d3bae5d492be81229468f3ff5f8a9d3788e6e67cb2e0a65,11,0.1,4,1538837008422,Politics,0.020000000000000004,0.455
F42yvo4JMDYJSuJHA,3ce0c0745db512e37d3bae5d492be81229468f3ff5f8a9d3788e6e67cb2e0a65,12,0.4,4,1538837008422,Politics,0.32000000000000006,0.385
MXMbdh7jw3MayvPBx,0c4491d2a141ee92a18dd1034ec8aa2a0dd8a7a28abc749cf00d65e3532e0099,1,0.75,4,1538837459356,Sports,0.125,0.64
y8pmHS8K54zqWi68H,0c4491d2a141ee92a18dd1034ec8aa2a0dd8a7a28abc749cf00d65e3532e0099,2,0.22,4,1538837459359,Sports,0.0968,0.445
XwreLqzmN9ZXokz8B,0c4491d2a141ee92a18dd1034ec8aa2a0dd8a7a28abc749cf00d65e3532e0099,3,0.05,4,1538837459360,Sports,0.005000000000000001,0.36
nP3JK2ND4chqRnQ3D,0c4491d2a141ee92a18dd1034ec8aa2a0dd8a7a28abc749cf00d65e3532e0099,4,0.5,4,1538837459361,Sports,0.5,0.72
4K3X4eg3qYxqR6kEc,0c4491d2a141ee92a18dd1034ec8aa2a0dd8a7a28abc749cf00d65e3532e0099,5,0.23,4,1538837459362,Sports,0.1058,0.48
F7DZtBBYwTvcnGCkQ,0c4491d2a141ee92a18dd1034ec8aa2a0dd8a7a28abc749cf00d65e3532e0099,6,0,4,1538837459364,Sports,0,0.25
npbCHhwYmZtdgNj9Q,0c4491d2a141ee92a18dd1034ec8aa2a0dd8a7a28abc749cf00d65e3532e0099,7,0.81,4,1538837484423,Politics,1.3122000000000003,0.625
ztdbFCK32YL8kExhu,0c4491d2a141ee92a18dd1034ec8aa2a0dd8a7a28abc749cf00d65e3532e0099,8,0.36,4,1538837484425,Politics,0.8192,0.735
dw7n3HadBeqRHssgp,0c4491d2a141ee92a18dd1034ec8aa2a0dd8a7a28abc749cf00d65e3532e0099,9,0.64,4,1538837484426,Politics,0.8192,0.485
sutpZpvMutbXWjntj,0c4491d2a141ee92a18dd1034ec8aa2a0dd8a7a28abc749cf00d65e3532e0099,10,0.07,4,1538837484427,Politics,0.009800000000000001,0.375
iaxYkf3HzPL9i3bzK,0c4491d2a141ee92a18dd1034ec8aa2a0dd8a7a28abc749cf00d65e3532e0099,11,0.34,4,1538837484428,Politics,0.23120000000000004,0.65
xXkk6tncyHCGKa9rE,0c4491d2a141ee92a18dd1034ec8aa2a0dd8a7a28abc749cf00d65e3532e0099,12,0.05,4,1538837484428,Politics,0.005000000000000001,0.46
JbSJsNP2w5r7ZDfBP,0c4491d2a141ee92a18dd1034ec8aa2a0dd8a7a28abc749cf00d65e3532e0099,13,0.6,4,1538837504608,Entertainment,0.72,0.55
esjTdmNYiaxz7b9io,0c4491d2a141ee92a18dd1034ec8aa2a0dd8a7a28abc749cf00d65e3532e0099,14,0.34,4,1538837504609,Entertainment,0.8711999999999998,0.675
AeKLweyTdWuAzAqgH,0c4491d2a141ee92a18dd1034ec8aa2a0dd8a7a28abc749cf00d65e3532e0099,15,0.61,4,1538837504609,Entertainment,0.7442,0.58
ruMsWbNSqrmkiKSft,0c4491d2a141ee92a18dd1034ec8aa2a0dd8a7a28abc749cf00d65e3532e0099,16,0.2,4,1538837504610,Entertainment,1.2800000000000002,0.465
NRxE972tergvHJARZ,0c4491d2a141ee92a18dd1034ec8aa2a0dd8a7a28abc749cf00d65e3532e0099,17,0.34,4,1538837504612,Entertainment,0.23120000000000004,0.69
69kbg9CFGuS8k2v3j,0c4491d2a141ee92a18dd1034ec8aa2a0dd8a7a28abc749cf00d65e3532e0099,18,0.31,4,1538837504614,Entertainment,0.1922,0.69
HFjNucGJLhDbbXnuP,3ce0c0745db512e37d3bae5d492be81229468f3ff5f8a9d3788e6e67cb2e0a65,13,0.25,4,1538837659024,Entertainment,0.125,0.365
JKdvA695dQNGDoaFs,3ce0c0745db512e37d3bae5d492be81229468f3ff5f8a9d3788e6e67cb2e0a65,14,0.9,4,1538837659026,Entertainment,0.01999999999999999,0.545
6XNYzm2nGvcypuuDD,3ce0c0745db512e37d3bae5d492be81229468f3ff5f8a9d3788e6e67cb2e0a65,15,0.4,4,1538837659026,Entertainment,0.32000000000000006,0.54
WYnWqbKw8BaPJ7JwP,3ce0c0745db512e37d3bae5d492be81229468f3ff5f8a9d3788e6e67cb2e0a65,16,0.9,4,1538837659026,Entertainment,0.01999999999999999,0.495
YqvFCBRcJsEFL4Q4v,3ce0c0745db512e37d3bae5d492be81229468f3ff5f8a9d3788e6e67cb2e0a65,17,0.6,4,1538837659027,Entertainment,0.72,0.5
QskqCfPMYZm3iRtub,3ce0c0745db512e37d3bae5d492be81229468f3ff5f8a9d3788e6e67cb2e0a65,18,0.5,4,1538837659027,Entertainment,0.5,0.565
r4G3btNJA8BBZHi2s,1f88c12206f84d2c38c1b912c34fb43d0a8e990a8d0afec04bb56abeead3cfa3,1,0.6,4,1538839038702,Sports,0.32000000000000006,0.505
uE8wAghfYZSLoEsQ8,1f88c12206f84d2c38c1b912c34fb43d0a8e990a8d0afec04bb56abeead3cfa3,2,0.75,4,1538839038702,Sports,1.125,0.565
xTBnu5zSiAvdQfhGx,1f88c12206f84d2c38c1b912c34fb43d0a8e990a8d0afec04bb56abeead3cfa3,3,0,4,1538839038704,Sports,0,0.32
7Psk8CkdCHuLJKyF9,1f88c12206f84d2c38c1b912c34fb43d0a8e990a8d0afec04bb56abeead3cfa3,4,0.4,4,1538839038705,Sports,0.72,0.645
NXHZHo5BEtPkCJc5t,1f88c12206f84d2c38c1b912c34fb43d0a8e990a8d0afec04bb56abeead3cfa3,5,0.35,4,1538839038706,Sports,0.24499999999999997,0.635
5Bzao4ekLYWbzuMAx,1f88c12206f84d2c38c1b912c34fb43d0a8e990a8d0afec04bb56abeead3cfa3,6,0.55,4,1538839038707,Sports,0.6050000000000001,0.555
YsfcJrYNqKf8av6HH,1f88c12206f84d2c38c1b912c34fb43d0a8e990a8d0afec04bb56abeead3cfa3,7,0.35,4,1538839107474,Politics,0.24499999999999997,0.595
5vDLSKrAcRdnLdNGP,1f88c12206f84d2c38c1b912c34fb43d0a8e990a8d0afec04bb56abeead3cfa3,8,0.46,4,1538839107476,Politics,0.5832,0.58
TNQy4SCZPLuhJbHnT,1f88c12206f84d2c38c1b912c34fb43d0a8e990a8d0afec04bb56abeead3cfa3,9,0.3,4,1538839107477,Politics,0.18,0.6
imghrzqG4ac5EHQMR,1f88c12206f84d2c38c1b912c34fb43d0a8e990a8d0afec04bb56abeead3cfa3,10,0.1,4,1538839107478,Politics,0.020000000000000004,0.455
xgfR63j6skMD8uwX8,1f88c12206f84d2c38c1b912c34fb43d0a8e990a8d0afec04bb56abeead3cfa3,11,0.3,4,1538839107479,Politics,0.18,0.555
D4jCPhbhbj2CYsz9m,1f88c12206f84d2c38c1b912c34fb43d0a8e990a8d0afec04bb56abeead3cfa3,12,0.1,4,1538839107480,Politics,0.020000000000000004,0.42
Cnij6PmaQgCgRaAh5,1f88c12206f84d2c38c1b912c34fb43d0a8e990a8d0afec04bb56abeead3cfa3,13,0.95,4,1538839192862,Entertainment,1.805,0.49
baMPcATpXpkdd72Z2,1f88c12206f84d2c38c1b912c34fb43d0a8e990a8d0afec04bb56abeead3cfa3,14,0.38,4,1538839192863,Entertainment,0.7688,0.635
LJsQCiLbCQaNJBaLL,1f88c12206f84d2c38c1b912c34fb43d0a8e990a8d0afec04bb56abeead3cfa3,15,0.83,4,1538839192864,Entertainment,1.3778,0.535
xqHLJqLfoJ4nweHr3,1f88c12206f84d2c38c1b912c34fb43d0a8e990a8d0afec04bb56abeead3cfa3,16,0.27,4,1538839192866,Entertainment,1.0657999999999999,0.415
qHJXsw9WDQS5skrfT,1f88c12206f84d2c38c1b912c34fb43d0a8e990a8d0afec04bb56abeead3cfa3,17,0.61,4,1538839192868,Entertainment,0.7442,0.49
waHjFjLCdxNSp25wF,1f88c12206f84d2c38c1b912c34fb43d0a8e990a8d0afec04bb56abeead3cfa3,18,0.4,4,1538839192869,Entertainment,0.32000000000000006,0.54
AxoSmnGyhB4qQQmDK,473df8e82458d57420e313b7854879eee8e4d5e05fef622db363584dad665223,1,0.22,4,1538839732419,Sports,1.2168,0.39
nLsnMSgo29hjDKAbd,473df8e82458d57420e313b7854879eee8e4d5e05fef622db363584dad665223,2,0.76,4,1538839732419,Sports,1.1552,0.665
tpaRNqreP56yoXxRA,473df8e82458d57420e313b7854879eee8e4d5e05fef622db363584dad665223,3,0.21,4,1538839732419,Sports,0.08819999999999999,0.45
RQhNn2ia3TEoisGE2,473df8e82458d57420e313b7854879eee8e4d5e05fef622db363584dad665223,4,0.78,4,1538839732420,Sports,0.09679999999999998,0.655
t9f22ARh89XPeEDgm,473df8e82458d57420e313b7854879eee8e4d5e05fef622db363584dad665223,5,0.06,4,1538839732420,Sports,0.0072,0.28
GBzfkEEYf3MKf6a2G,473df8e82458d57420e313b7854879eee8e4d5e05fef622db363584dad665223,6,0.55,4,1538839732420,Sports,0.6050000000000001,0.62
FTuv7Pg6zftYeGooo,473df8e82458d57420e313b7854879eee8e4d5e05fef622db363584dad665223,7,0.74,4,1538839769921,Politics,1.0952,0.645
Ax6ConqnDWt4DP53E,473df8e82458d57420e313b7854879eee8e4d5e05fef622db363584dad665223,8,0.73,4,1538839769922,Politics,0.1458,0.61
4JdpnHphdpXku2GmL,473df8e82458d57420e313b7854879eee8e4d5e05fef622db363584dad665223,9,0.73,4,1538839769923,Politics,1.0657999999999999,0.595
KcChGSoRii7MZS5hS,473df8e82458d57420e313b7854879eee8e4d5e05fef622db363584dad665223,10,0.08,4,1538839769923,Politics,0.0128,0.435
r7jwjKDT4kBgmpPxh,473df8e82458d57420e313b7854879eee8e4d5e05fef622db363584dad665223,11,0.19,4,1538839769923,Politics,0.0722,0.535
Tp2yYGNt4iBJAcJTY,473df8e82458d57420e313b7854879eee8e4d5e05fef622db363584dad665223,12,0.07,4,1538839769924,Politics,0.009800000000000001,0.43
2GMNFqocyPDt3NiKT,473df8e82458d57420e313b7854879eee8e4d5e05fef622db363584dad665223,13,0.65,4,1538839801145,Entertainment,0.8450000000000001,0.585
cRJa9dJNhQFqiLcnR,473df8e82458d57420e313b7854879eee8e4d5e05fef622db363584dad665223,14,0.68,4,1538839801146,Entertainment,0.20479999999999993,0.7
8umimQpYaHuCZYDtu,473df8e82458d57420e313b7854879eee8e4d5e05fef622db363584dad665223,15,0.19,4,1538839801146,Entertainment,0.0722,0.35
fdRwQg7AfTbZZSQzP,473df8e82458d57420e313b7854879eee8e4d5e05fef622db363584dad665223,16,0.69,4,1538839801146,Entertainment,0.19220000000000007,0.57
2KtHMKwa4PBtNpKd8,473df8e82458d57420e313b7854879eee8e4d5e05fef622db363584dad665223,17,0.74,4,1538839801146,Entertainment,1.0952,0.57
WqWZXmx4QyF7sepeq,473df8e82458d57420e313b7854879eee8e4d5e05fef622db363584dad665223,18,0.36,4,1538839801146,Entertainment,0.2592,0.71
Bv7SXNvFpLKjwKruJ,44e9d34f76d2f7a3474646a37eb1bd2591940312bda860b4d46ee9f73852182d,7,0.76,4,1538840040503,Politics,1.1552,0.555
NKP8jMs4e7uR2ksrx,44e9d34f76d2f7a3474646a37eb1bd2591940312bda860b4d46ee9f73852182d,8,0.61,4,1538840040505,Politics,0.3042,0.505
rPqLvko2KF8mHBFyQ,44e9d34f76d2f7a3474646a37eb1bd2591940312bda860b4d46ee9f73852182d,9,0.4,4,1538840040505,Politics,0.32000000000000006,0.54
yYk3XNmJBoGEnPajJ,44e9d34f76d2f7a3474646a37eb1bd2591940312bda860b4d46ee9f73852182d,10,0.37,4,1538840040507,Politics,0.2738,0.52
ANahxkTA82k8ihw3m,44e9d34f76d2f7a3474646a37eb1bd2591940312bda860b4d46ee9f73852182d,11,0.44,4,1538840040508,Politics,0.3872,0.435
mrGv23PdYAfmFwBmw,44e9d34f76d2f7a3474646a37eb1bd2591940312bda860b4d46ee9f73852182d,12,0.34,4,1538840040509,Politics,0.23120000000000004,0.45
pBdqdFArQy8FgcSEZ,54e5f3bae6a47945ae39c2bd83c292f728ce1e145cdf5d9fbdd257b85b6ebae3,1,0.5,4,1538840255633,Sports,0.5,0.625
sxc8vxMhxnNce5AHx,54e5f3bae6a47945ae39c2bd83c292f728ce1e145cdf5d9fbdd257b85b6ebae3,2,0.5,4,1538840255633,Sports,0.5,0.59
cdLFmNgB5FKAkog8Y,54e5f3bae6a47945ae39c2bd83c292f728ce1e145cdf5d9fbdd257b85b6ebae3,3,0.06,4,1538840255635,Sports,0.0072,0.31
Y7b8rRw7ujwD2uMnQ,54e5f3bae6a47945ae39c2bd83c292f728ce1e145cdf5d9fbdd257b85b6ebae3,4,0.5,4,1538840255635,Sports,0.5,0.645
umsGW9W26xX85Bwfh,54e5f3bae6a47945ae39c2bd83c292f728ce1e145cdf5d9fbdd257b85b6ebae3,5,0.5,4,1538840255635,Sports,0.5,0.535
7AK2x4X356pjE6CXM,54e5f3bae6a47945ae39c2bd83c292f728ce1e145cdf5d9fbdd257b85b6ebae3,6,0.5,4,1538840255635,Sports,0.5,0.605
z8BSWwFYgDMRcbBfz,54e5f3bae6a47945ae39c2bd83c292f728ce1e145cdf5d9fbdd257b85b6ebae3,7,0.3,4,1538840261921,Politics,0.18,0.615
yLdWkEnokSHuw45F9,54e5f3bae6a47945ae39c2bd83c292f728ce1e145cdf5d9fbdd257b85b6ebae3,8,0.41,4,1538840261922,Politics,0.6962000000000002,0.58
xR6MYQ3www3ybXrKR,54e5f3bae6a47945ae39c2bd83c292f728ce1e145cdf5d9fbdd257b85b6ebae3,9,0.22,4,1538840261923,Politics,0.0968,0.375
xz7fM55jFMFCjH2eQ,54e5f3bae6a47945ae39c2bd83c292f728ce1e145cdf5d9fbdd257b85b6ebae3,10,0.33,4,1538840261923,Politics,0.21780000000000002,0.49
vKGmLAou7J4EF6Qds,54e5f3bae6a47945ae39c2bd83c292f728ce1e145cdf5d9fbdd257b85b6ebae3,11,0.36,4,1538840261924,Politics,0.2592,0.53
XoyAndpuKhZaXkTib,54e5f3bae6a47945ae39c2bd83c292f728ce1e145cdf5d9fbdd257b85b6ebae3,12,0.6,4,1538840261924,Politics,0.72,0.295
JKZ8fKwm7t5GHuvv8,54e5f3bae6a47945ae39c2bd83c292f728ce1e145cdf5d9fbdd257b85b6ebae3,13,0.13,4,1538840265209,Entertainment,0.033800000000000004,0.24
2PxGoWc23meickWLD,54e5f3bae6a47945ae39c2bd83c292f728ce1e145cdf5d9fbdd257b85b6ebae3,14,0.92,4,1538840265210,Entertainment,0.012799999999999987,0.575
qg96vYu37sNTGcQxh,54e5f3bae6a47945ae39c2bd83c292f728ce1e145cdf5d9fbdd257b85b6ebae3,15,0.6,4,1538840265211,Entertainment,0.72,0.525
upwX69FJmWCveP452,54e5f3bae6a47945ae39c2bd83c292f728ce1e145cdf5d9fbdd257b85b6ebae3,16,0.2,4,1538840265211,Entertainment,1.2800000000000002,0.415
ZrfQtN8Nd9geXKkhz,54e5f3bae6a47945ae39c2bd83c292f728ce1e145cdf5d9fbdd257b85b6ebae3,17,0.5,4,1538840265212,Entertainment,0.5,0.55
WqYn3Kp3KQis6QtRH,54e5f3bae6a47945ae39c2bd83c292f728ce1e145cdf5d9fbdd257b85b6ebae3,18,0.32,4,1538840265213,Entertainment,0.2048,0.635
dh23vBSBBiQjmjtku,44e9d34f76d2f7a3474646a37eb1bd2591940312bda860b4d46ee9f73852182d,13,0.65,4,1538840283483,Entertainment,0.8450000000000001,0.485
WsENN8WbvpovLZsxi,44e9d34f76d2f7a3474646a37eb1bd2591940312bda860b4d46ee9f73852182d,14,1,4,1538840283483,Entertainment,0,0.525
EwC89W8biS398L33c,44e9d34f76d2f7a3474646a37eb1bd2591940312bda860b4d46ee9f73852182d,15,0.47,4,1538840283485,Entertainment,0.44179999999999997,0.525
tJcqvMZa3LLFfhM5X,44e9d34f76d2f7a3474646a37eb1bd2591940312bda860b4d46ee9f73852182d,16,0.2,4,1538840283485,Entertainment,1.2800000000000002,0.375
PNzyRRJ22c9TbJXit,44e9d34f76d2f7a3474646a37eb1bd2591940312bda860b4d46ee9f73852182d,17,1,4,1538840283485,Entertainment,2,0.465
d6ffLjYW7Mfy87PKR,44e9d34f76d2f7a3474646a37eb1bd2591940312bda860b4d46ee9f73852182d,18,0.64,4,1538840283487,Entertainment,0.8192,0.48
zMvnWxZK9mgYMMmnS,2692a8c7a416c54daf879b1a030c0cca2c9060e97dcf021fd78287796227bcad,1,0.6,4,1538841639459,Sports,0.32000000000000006,0.53
WQ5b7TM6BBqGJJo9A,2692a8c7a416c54daf879b1a030c0cca2c9060e97dcf021fd78287796227bcad,2,0.75,4,1538841639459,Sports,1.125,0.525
NLJLctvxL4MiWmxpe,2692a8c7a416c54daf879b1a030c0cca2c9060e97dcf021fd78287796227bcad,3,0.4,4,1538841639459,Sports,0.32000000000000006,0.435
W9qdqoBWHejg2NnZM,2692a8c7a416c54daf879b1a030c0cca2c9060e97dcf021fd78287796227bcad,4,0.6,4,1538841639459,Sports,0.32000000000000006,0.545
WGjCyjezJbzpGS9iP,2692a8c7a416c54daf879b1a030c0cca2c9060e97dcf021fd78287796227bcad,5,0.7,4,1538841639460,Sports,0.9799999999999999,0.415
Hh9tqKXPtWRY9HMnv,2692a8c7a416c54daf879b1a030c0cca2c9060e97dcf021fd78287796227bcad,6,0.6,4,1538841639460,Sports,0.72,0.49
ykBdzEzHoHPkMSmpb,2692a8c7a416c54daf879b1a030c0cca2c9060e97dcf021fd78287796227bcad,7,0.45,4,1538841646177,Politics,0.405,0.6
NT62NTva2DfefRMh5,2692a8c7a416c54daf879b1a030c0cca2c9060e97dcf021fd78287796227bcad,8,0.4,4,1538841646178,Politics,0.72,0.54
qSKCfpdvjbmT9uYhz,2692a8c7a416c54daf879b1a030c0cca2c9060e97dcf021fd78287796227bcad,9,0.55,4,1538841646179,Politics,0.6050000000000001,0.515
HdpekXwyyW89zhyry,2692a8c7a416c54daf879b1a030c0cca2c9060e97dcf021fd78287796227bcad,10,0.45,4,1538841646180,Politics,0.405,0.39
c6nRJWeSxusbQYcW3,2692a8c7a416c54daf879b1a030c0cca2c9060e97dcf021fd78287796227bcad,11,0.35,4,1538841646180,Politics,0.24499999999999997,0.59
NfYEYsrrQtK5WSjbT,2692a8c7a416c54daf879b1a030c0cca2c9060e97dcf021fd78287796227bcad,12,0.25,4,1538841646180,Politics,0.125,0.34
muzkcNMER6MDqEhKo,2692a8c7a416c54daf879b1a030c0cca2c9060e97dcf021fd78287796227bcad,13,0.4,4,1538841657338,Entertainment,0.32000000000000006,0.52
uwm8JkAtnCPCtdx8L,2692a8c7a416c54daf879b1a030c0cca2c9060e97dcf021fd78287796227bcad,14,0.5,4,1538841657338,Entertainment,0.5,0.57
dQ3icXsS37hpH92TZ,2692a8c7a416c54daf879b1a030c0cca2c9060e97dcf021fd78287796227bcad,15,0.6,4,1538841657339,Entertainment,0.72,0.47
Eg5x3JPnsNaNe2YTf,2692a8c7a416c54daf879b1a030c0cca2c9060e97dcf021fd78287796227bcad,16,0.55,4,1538841657339,Entertainment,0.4049999999999999,0.545
H5azXL5bhHivDEJwE,2692a8c7a416c54daf879b1a030c0cca2c9060e97dcf021fd78287796227bcad,17,0.55,4,1538841657340,Entertainment,0.6050000000000001,0.51
GP8ZHPMRCe4mtmDXw,2692a8c7a416c54daf879b1a030c0cca2c9060e97dcf021fd78287796227bcad,18,0.35,4,1538841657340,Entertainment,0.24499999999999997,0.605
CjWbkCF6Zi44QhxSY,4e76e867aba856a7b872161799284f0ef6f760cd8c6be06ff5bed65927a428a1,1,0.67,4,1538841782608,Sports,0.21779999999999994,0.59
ttyT6WSu6MRjg8FbK,4e76e867aba856a7b872161799284f0ef6f760cd8c6be06ff5bed65927a428a1,2,0.27,4,1538841782621,Sports,0.1458,0.395
JXJkf46HLQxAyWEkd,4e76e867aba856a7b872161799284f0ef6f760cd8c6be06ff5bed65927a428a1,3,0.44,4,1538841782633,Sports,0.3872,0.505
qnwsZJjaqWJucivnG,4e76e867aba856a7b872161799284f0ef6f760cd8c6be06ff5bed65927a428a1,4,0.79,4,1538841782640,Sports,0.08819999999999997,0.545
WkrEuxBifMXyAcCgD,4e76e867aba856a7b872161799284f0ef6f760cd8c6be06ff5bed65927a428a1,5,0.36,4,1538841782648,Sports,0.2592,0.585
fdw8qtC9rrcnDseqv,4e76e867aba856a7b872161799284f0ef6f760cd8c6be06ff5bed65927a428a1,6,0.63,4,1538841782654,Sports,0.7938000000000001,0.47
Ybpvvc6uenSJAoGic,4e76e867aba856a7b872161799284f0ef6f760cd8c6be06ff5bed65927a428a1,7,0.59,4,1538841869542,Politics,0.6961999999999999,0.59
TmYgfv2Zg7FAt95Li,4e76e867aba856a7b872161799284f0ef6f760cd8c6be06ff5bed65927a428a1,8,0.6,4,1538841869564,Politics,0.32000000000000006,0.525
dBtZZ64RFSgofXQ78,4e76e867aba856a7b872161799284f0ef6f760cd8c6be06ff5bed65927a428a1,9,0.6,4,1538841869577,Politics,0.72,0.455
wmiA25kbKB9NzwZyk,4e76e867aba856a7b872161799284f0ef6f760cd8c6be06ff5bed65927a428a1,10,0.36,4,1538841869586,Politics,0.2592,0.485
HXZFTeLGvWXvpW3H5,4e76e867aba856a7b872161799284f0ef6f760cd8c6be06ff5bed65927a428a1,11,0.3,4,1538841869595,Politics,0.18,0.56
qQd62y99RBviLJHwN,4e76e867aba856a7b872161799284f0ef6f760cd8c6be06ff5bed65927a428a1,12,0.4,4,1538841869602,Politics,0.32000000000000006,0.42
JQqQEPTDGXLGeASWx,4e76e867aba856a7b872161799284f0ef6f760cd8c6be06ff5bed65927a428a1,13,0.27,4,1538841943377,Entertainment,0.1458,0.305
vAAMq8xysSWomuMQH,4e76e867aba856a7b872161799284f0ef6f760cd8c6be06ff5bed65927a428a1,14,0.4,4,1538841943386,Entertainment,0.72,0.58
cereaF5GmzvXjPMEu,4e76e867aba856a7b872161799284f0ef6f760cd8c6be06ff5bed65927a428a1,15,0.41,4,1538841943401,Entertainment,0.33619999999999994,0.565
LYDmJxj43h3JjG39h,4e76e867aba856a7b872161799284f0ef6f760cd8c6be06ff5bed65927a428a1,16,0.6,4,1538841943406,Entertainment,0.32000000000000006,0.475
AbqrLBaYWkK6ZdMWc,4e76e867aba856a7b872161799284f0ef6f760cd8c6be06ff5bed65927a428a1,17,0.43,4,1538841943411,Entertainment,0.36979999999999996,0.52
Yo7CfvBFHzAcJe7EJ,4e76e867aba856a7b872161799284f0ef6f760cd8c6be06ff5bed65927a428a1,18,0.44,4,1538841943436,Entertainment,0.3872,0.505
ndNx9xvGiwrrTccm5,d016f8c301e80ff3eb9f895787a06de930c5dec155949d5f6098aeb69786119b,1,0.17,4,1538842149215,Sports,1.3778,0.41
ENZQKaP55Y9ucvTek,d016f8c301e80ff3eb9f895787a06de930c5dec155949d5f6098aeb69786119b,2,0.7,4,1538842149215,Sports,0.9799999999999999,0.68
ZNay22zqbzdpvS73h,d016f8c301e80ff3eb9f895787a06de930c5dec155949d5f6098aeb69786119b,3,0.21,4,1538842149215,Sports,0.08819999999999999,0.545
wGNEuz3yTtqAqpLnX,d016f8c301e80ff3eb9f895787a06de930c5dec155949d5f6098aeb69786119b,4,0.72,4,1538842149216,Sports,0.15680000000000002,0.665
2syWhwa7ZGNWMvEXR,d016f8c301e80ff3eb9f895787a06de930c5dec155949d5f6098aeb69786119b,5,0.02,4,1538842149216,Sports,8e-4,0.32
md8ACJzrzKwm7Zcpa,d016f8c301e80ff3eb9f895787a06de930c5dec155949d5f6098aeb69786119b,6,0.02,4,1538842149216,Sports,8e-4,0.25
KK7B7HuRaikDQaeLJ,d016f8c301e80ff3eb9f895787a06de930c5dec155949d5f6098aeb69786119b,7,0.92,4,1538842247538,Politics,1.6928,0.66
xXrhftZotsyizqsDP,d016f8c301e80ff3eb9f895787a06de930c5dec155949d5f6098aeb69786119b,8,0.47,4,1538842247538,Politics,0.5618000000000001,0.665
PhezTNjeqEeEXo83C,d016f8c301e80ff3eb9f895787a06de930c5dec155949d5f6098aeb69786119b,9,0.22,4,1538842247539,Politics,0.0968,0.565
ZHcayMDnjEaeMYEJR,d016f8c301e80ff3eb9f895787a06de930c5dec155949d5f6098aeb69786119b,10,0.05,4,1538842247539,Politics,0.005000000000000001,0.475
tF9p4TQfjMxJYtm6N,d016f8c301e80ff3eb9f895787a06de930c5dec155949d5f6098aeb69786119b,11,0.33,4,1538842247540,Politics,0.21780000000000002,0.66
bCvvsHjZLSfMsTryv,d016f8c301e80ff3eb9f895787a06de930c5dec155949d5f6098aeb69786119b,12,0,4,1538842247540,Politics,0,0.4
gDiG88Kqjruf3P3JJ,130a99d46eeca332b25de55201311ce83ed94fb2738ce6709728ef3f467d7ed5,1,0,4,1538842504279,Sports,2,0.22
69i2pnEujMK9QjtxZ,130a99d46eeca332b25de55201311ce83ed94fb2738ce6709728ef3f467d7ed5,2,1,4,1538842504281,Sports,2,0.65
qpT5zuQmAmQGhwWNr,130a99d46eeca332b25de55201311ce83ed94fb2738ce6709728ef3f467d7ed5,3,1,4,1538842504283,Sports,2,0.505
6StxKJ3Kss6CJGWRk,130a99d46eeca332b25de55201311ce83ed94fb2738ce6709728ef3f467d7ed5,4,1,4,1538842504285,Sports,0,0.635
DSQd7pxHunyHCWgN7,130a99d46eeca332b25de55201311ce83ed94fb2738ce6709728ef3f467d7ed5,5,1,4,1538842504287,Sports,2,0.5
qQoRjafCwLb8ucSpc,130a99d46eeca332b25de55201311ce83ed94fb2738ce6709728ef3f467d7ed5,6,0,4,1538842504291,Sports,0,0.245
HX6hq3DLWBf48y8La,130a99d46eeca332b25de55201311ce83ed94fb2738ce6709728ef3f467d7ed5,7,1,4,1538842549746,Politics,2,0.685
TXkCQSL5hWoESvXLm,130a99d46eeca332b25de55201311ce83ed94fb2738ce6709728ef3f467d7ed5,8,1,4,1538842549748,Politics,0,0.64
GMpHWj2tye8xFbk7j,130a99d46eeca332b25de55201311ce83ed94fb2738ce6709728ef3f467d7ed5,9,1,4,1538842549750,Politics,2,0.525
dawnCH5WFn9wPfFMv,130a99d46eeca332b25de55201311ce83ed94fb2738ce6709728ef3f467d7ed5,10,1,4,1538842549752,Politics,2,0.465
yiGnAMGv5LpzNoC4n,130a99d46eeca332b25de55201311ce83ed94fb2738ce6709728ef3f467d7ed5,11,1,4,1538842549754,Politics,2,0.445
qigyYbFkefaK4PpXd,130a99d46eeca332b25de55201311ce83ed94fb2738ce6709728ef3f467d7ed5,12,0,4,1538842549756,Politics,0,0.405
mHoEFR4RMZ6wQ45vS,130a99d46eeca332b25de55201311ce83ed94fb2738ce6709728ef3f467d7ed5,13,1,4,1538842613790,Entertainment,2,0.575
upWQ5Swes5ZCTgyxb,130a99d46eeca332b25de55201311ce83ed94fb2738ce6709728ef3f467d7ed5,14,1,4,1538842613792,Entertainment,0,0.665
QhGCkmohkDSw9Ro8m,130a99d46eeca332b25de55201311ce83ed94fb2738ce6709728ef3f467d7ed5,15,1,4,1538842613794,Entertainment,2,0.635
qAwe5bryKzy8xYakE,130a99d46eeca332b25de55201311ce83ed94fb2738ce6709728ef3f467d7ed5,16,0,4,1538842613794,Entertainment,2,0.265
GkNFeqBL9bQwHwgvT,130a99d46eeca332b25de55201311ce83ed94fb2738ce6709728ef3f467d7ed5,17,1,4,1538842613795,Entertainment,2,0.58
BGJPZc2tNZE9KAQx8,130a99d46eeca332b25de55201311ce83ed94fb2738ce6709728ef3f467d7ed5,18,1,4,1538842613797,Entertainment,2,0.55
9PYProrDZDNb8qLKu,6fecaa3136f4d3485fba5cfd4e1e71167576ed8b90b7747f8fec10c059762abc,1,0.25,4,1538842891789,Sports,1.125,0.49
B2GdZBJDDfdXz6kXg,6fecaa3136f4d3485fba5cfd4e1e71167576ed8b90b7747f8fec10c059762abc,2,1,4,1538842891792,Sports,2,0.65
qvw2uchi3FaxhGvy9,6fecaa3136f4d3485fba5cfd4e1e71167576ed8b90b7747f8fec10c059762abc,3,0.22,4,1538842891792,Sports,0.0968,0.45
dcxRnvGpQXhS8hNQ7,6fecaa3136f4d3485fba5cfd4e1e71167576ed8b90b7747f8fec10c059762abc,4,0.21,4,1538842891795,Sports,1.2482000000000002,0.465
HGCsJwjZgzSWwsmfB,6fecaa3136f4d3485fba5cfd4e1e71167576ed8b90b7747f8fec10c059762abc,5,0.19,4,1538842891796,Sports,0.0722,0.39
Moyeb3rwy6Y86goTP,6fecaa3136f4d3485fba5cfd4e1e71167576ed8b90b7747f8fec10c059762abc,6,0.08,4,1538842891797,Sports,0.0128,0.27
7S5W8v2s57TSPNQBB,6fecaa3136f4d3485fba5cfd4e1e71167576ed8b90b7747f8fec10c059762abc,7,0.17,4,1538842932497,Politics,0.05780000000000001,0.375
KtrAxJpzXtaNjsqHk,6fecaa3136f4d3485fba5cfd4e1e71167576ed8b90b7747f8fec10c059762abc,8,1,4,1538842932500,Politics,0,0.63
nAqiXQ7bfP6CZBQMw,6fecaa3136f4d3485fba5cfd4e1e71167576ed8b90b7747f8fec10c059762abc,9,0.19,4,1538842932501,Politics,0.0722,0.45
cRWgCxATzxrdnnHrA,6fecaa3136f4d3485fba5cfd4e1e71167576ed8b90b7747f8fec10c059762abc,10,0.11,4,1538842932502,Politics,0.0242,0.585
8y5vQZCAmeHYrsWiZ,6fecaa3136f4d3485fba5cfd4e1e71167576ed8b90b7747f8fec10c059762abc,11,0.23,4,1538842932503,Politics,0.1058,0.6
7wkjgYY8q7EXtLS6N,6fecaa3136f4d3485fba5cfd4e1e71167576ed8b90b7747f8fec10c059762abc,12,0.24,4,1538842932504,Politics,0.1152,0.475
FkDCnDgw6A77uPa9D,6fecaa3136f4d3485fba5cfd4e1e71167576ed8b90b7747f8fec10c059762abc,13,0.81,4,1538842950362,Entertainment,1.3122000000000003,0.64
zDd8CS88esRr68drn,6fecaa3136f4d3485fba5cfd4e1e71167576ed8b90b7747f8fec10c059762abc,14,0.88,4,1538842950363,Entertainment,0.0288,0.59
HsSCu5p8n9czRX67Z,6fecaa3136f4d3485fba5cfd4e1e71167576ed8b90b7747f8fec10c059762abc,15,0.76,4,1538842950364,Entertainment,1.1552,0.6
yFpp9ATWo9KKckwmo,6fecaa3136f4d3485fba5cfd4e1e71167576ed8b90b7747f8fec10c059762abc,16,0.83,4,1538842950366,Entertainment,0.057800000000000025,0.575
g4oSeRbj8z39zvmPd,6fecaa3136f4d3485fba5cfd4e1e71167576ed8b90b7747f8fec10c059762abc,17,0.87,4,1538842950366,Entertainment,1.5138,0.58
zPTRySe9i7EsXs4d2,6fecaa3136f4d3485fba5cfd4e1e71167576ed8b90b7747f8fec10c059762abc,18,0.14,4,1538842950368,Entertainment,0.039200000000000006,0.47
8RXG69rdRs7jmz4dE,ccf2dd25371aa560e58eae740a632e53a519002f4932408bc0b247a3b9e429be,1,0.5,4,1538843938466,Sports,0.5,0.605
x4ZhWKi73ZK4vzizP,ccf2dd25371aa560e58eae740a632e53a519002f4932408bc0b247a3b9e429be,2,0.49,4,1538843938472,Sports,0.48019999999999996,0.605
wpMtRT3hQfq9gYt3H,ccf2dd25371aa560e58eae740a632e53a519002f4932408bc0b247a3b9e429be,3,0.34,4,1538843938476,Sports,0.23120000000000004,0.495
SExBQz77Fn9FaR9Pa,ccf2dd25371aa560e58eae740a632e53a519002f4932408bc0b247a3b9e429be,4,0.5,4,1538843938480,Sports,0.5,0.625
w3Lapa8AR2KQBDbvc,ccf2dd25371aa560e58eae740a632e53a519002f4932408bc0b247a3b9e429be,5,0.51,4,1538843938483,Sports,0.5202,0.55
KwsX4PgjYQcjgp8cq,ccf2dd25371aa560e58eae740a632e53a519002f4932408bc0b247a3b9e429be,6,0.49,4,1538843938486,Sports,0.48019999999999996,0.545
pLKhebeECC3SrNfKr,ccf2dd25371aa560e58eae740a632e53a519002f4932408bc0b247a3b9e429be,7,0.53,4,1538844002114,Politics,0.5618000000000001,0.61
N7jY3GFDBxXCdYxCC,ccf2dd25371aa560e58eae740a632e53a519002f4932408bc0b247a3b9e429be,8,0.49,4,1538844002116,Politics,0.5202,0.59
ZNMYh9LLhN8Lc3n3o,ccf2dd25371aa560e58eae740a632e53a519002f4932408bc0b247a3b9e429be,9,0.23,4,1538844002119,Politics,0.1058,0.39
tS6AYvyfo7kRbcZir,ccf2dd25371aa560e58eae740a632e53a519002f4932408bc0b247a3b9e429be,10,0.15,4,1538844002127,Politics,0.045,0.455
ZX5tDgPdBHSeqj6Fw,ccf2dd25371aa560e58eae740a632e53a519002f4932408bc0b247a3b9e429be,11,0.61,4,1538844002129,Politics,0.7442,0.375
n7r3Hc3njFMZu76BP,ccf2dd25371aa560e58eae740a632e53a519002f4932408bc0b247a3b9e429be,12,0.16,4,1538844002130,Politics,0.0512,0.385
E8Jrm2DYRkXZszPdh,ccf2dd25371aa560e58eae740a632e53a519002f4932408bc0b247a3b9e429be,13,0.3,4,1538844065126,Entertainment,0.18,0.57
JFDCeoBt4Fq3q2ARL,ccf2dd25371aa560e58eae740a632e53a519002f4932408bc0b247a3b9e429be,14,0.58,4,1538844065129,Entertainment,0.35280000000000006,0.55
bPb3evfLvPecdeQt5,ccf2dd25371aa560e58eae740a632e53a519002f4932408bc0b247a3b9e429be,15,0.34,4,1538844065130,Entertainment,0.23120000000000004,0.61
EJKZfcn8vCbZkwYcu,ccf2dd25371aa560e58eae740a632e53a519002f4932408bc0b247a3b9e429be,16,0.41,4,1538844065132,Entertainment,0.6962000000000002,0.52
aFpja7ciHMzoPq9qr,ccf2dd25371aa560e58eae740a632e53a519002f4932408bc0b247a3b9e429be,17,0.51,4,1538844065133,Entertainment,0.5202,0.495
chBfyAoG5XeMr3FtD,ccf2dd25371aa560e58eae740a632e53a519002f4932408bc0b247a3b9e429be,18,0.57,4,1538844065134,Entertainment,0.6497999999999999,0.51
NBBfGZNTYthAn7TjY,fe7595cc3da52e3bf54e546c0088b85eeeeb6b48a57aa9e2ebac66b58e4fffb2,1,0.5,4,1538845134285,Sports,0.5,0.545
JMFFpsCsLFXixbN5C,fe7595cc3da52e3bf54e546c0088b85eeeeb6b48a57aa9e2ebac66b58e4fffb2,2,0.5,4,1538845134288,Sports,0.5,0.53
TX6XdZ6eoh6S54Kyv,fe7595cc3da52e3bf54e546c0088b85eeeeb6b48a57aa9e2ebac66b58e4fffb2,3,0.5,4,1538845134290,Sports,0.5,0.425
ssXGK9x8LS8gdwA2h,fe7595cc3da52e3bf54e546c0088b85eeeeb6b48a57aa9e2ebac66b58e4fffb2,4,0.5,4,1538845134291,Sports,0.5,0.615
LTHaswjpXtnkutZog,fe7595cc3da52e3bf54e546c0088b85eeeeb6b48a57aa9e2ebac66b58e4fffb2,5,0.5,4,1538845134292,Sports,0.5,0.49
3xkN9WYucaYZ2gHLt,fe7595cc3da52e3bf54e546c0088b85eeeeb6b48a57aa9e2ebac66b58e4fffb2,6,0.5,4,1538845134294,Sports,0.5,0.515
4q9cicv7rsBhe2frw,fe7595cc3da52e3bf54e546c0088b85eeeeb6b48a57aa9e2ebac66b58e4fffb2,7,0.5,4,1538845197393,Politics,0.5,0.56
bJjpcCgcxAFj8x2EX,fe7595cc3da52e3bf54e546c0088b85eeeeb6b48a57aa9e2ebac66b58e4fffb2,8,0.5,4,1538845197408,Politics,0.5,0.575
3nvg3FD54A8bArpHB,fe7595cc3da52e3bf54e546c0088b85eeeeb6b48a57aa9e2ebac66b58e4fffb2,9,0.5,4,1538845197408,Politics,0.5,0.52
4gkJd7niunbTw9GCo,fe7595cc3da52e3bf54e546c0088b85eeeeb6b48a57aa9e2ebac66b58e4fffb2,10,0.5,4,1538845197408,Politics,0.5,0.38
SnWsEgu57TGx4fLnH,fe7595cc3da52e3bf54e546c0088b85eeeeb6b48a57aa9e2ebac66b58e4fffb2,11,0.5,4,1538845197408,Politics,0.5,0.365
zQwmeDThJCj4muvJT,fe7595cc3da52e3bf54e546c0088b85eeeeb6b48a57aa9e2ebac66b58e4fffb2,12,0.5,4,1538845197408,Politics,0.5,0.38
uWjoQAdxZ3cQzMTtB,fe7595cc3da52e3bf54e546c0088b85eeeeb6b48a57aa9e2ebac66b58e4fffb2,13,0.5,4,1538845251974,Entertainment,0.5,0.515
zaAizpsDxLE38w27r,fe7595cc3da52e3bf54e546c0088b85eeeeb6b48a57aa9e2ebac66b58e4fffb2,14,0.5,4,1538845251974,Entertainment,0.5,0.59
jxriyxdf7ZcCiurYE,fe7595cc3da52e3bf54e546c0088b85eeeeb6b48a57aa9e2ebac66b58e4fffb2,15,0.5,4,1538845251991,Entertainment,0.5,0.525
p4sqS25qyuyugXLzy,fe7595cc3da52e3bf54e546c0088b85eeeeb6b48a57aa9e2ebac66b58e4fffb2,16,0.5,4,1538845251991,Entertainment,0.5,0.495
GLTPgDTQFDfoqpdS6,fe7595cc3da52e3bf54e546c0088b85eeeeb6b48a57aa9e2ebac66b58e4fffb2,17,0.5,4,1538845251991,Entertainment,0.5,0.505
SLzYo6FrvNNwas4bE,fe7595cc3da52e3bf54e546c0088b85eeeeb6b48a57aa9e2ebac66b58e4fffb2,18,0.5,4,1538845251991,Entertainment,0.5,0.525
PLEEAmy5y8HaYKFXu,a46ed005653e219450b1cbae6c2fa327b14f5a6e6555fc7454e93f7e5ac5acd9,1,0.82,4,1538846466257,Sports,0.06480000000000004,0.545
x9ZegQX5RqCD4B5rb,a46ed005653e219450b1cbae6c2fa327b14f5a6e6555fc7454e93f7e5ac5acd9,2,0.33,4,1538846466259,Sports,0.21780000000000002,0.675
5jbYXgrbzhrCiy9dw,a46ed005653e219450b1cbae6c2fa327b14f5a6e6555fc7454e93f7e5ac5acd9,3,0,4,1538846466259,Sports,0,0.31
TJK8LpHdeS8uak2PZ,a46ed005653e219450b1cbae6c2fa327b14f5a6e6555fc7454e93f7e5ac5acd9,4,0.75,4,1538846466261,Sports,0.125,0.58
vBwXDLycXieFA2r7W,a46ed005653e219450b1cbae6c2fa327b14f5a6e6555fc7454e93f7e5ac5acd9,5,0.34,4,1538846466261,Sports,0.23120000000000004,0.63
PhkokDkdCSTFzmfJa,a46ed005653e219450b1cbae6c2fa327b14f5a6e6555fc7454e93f7e5ac5acd9,6,0.4,4,1538846466262,Sports,0.32000000000000006,0.535
7daBRwH8dSvEbtyK7,a46ed005653e219450b1cbae6c2fa327b14f5a6e6555fc7454e93f7e5ac5acd9,7,0.67,4,1538846651215,Politics,0.8978000000000002,0.58
86GFaPRjNHdiZkcvP,a46ed005653e219450b1cbae6c2fa327b14f5a6e6555fc7454e93f7e5ac5acd9,8,0.82,4,1538846651216,Politics,0.06480000000000004,0.55
Fc8GhMAiaHbkQSiWh,a46ed005653e219450b1cbae6c2fa327b14f5a6e6555fc7454e93f7e5ac5acd9,9,0,4,1538846651218,Politics,0,0.215
wWLxS8NJ2pw9AdTYH,a46ed005653e219450b1cbae6c2fa327b14f5a6e6555fc7454e93f7e5ac5acd9,10,0.56,4,1538846651219,Politics,0.6272000000000001,0.46
ru8QfN36ALbgv58XL,a46ed005653e219450b1cbae6c2fa327b14f5a6e6555fc7454e93f7e5ac5acd9,11,0.35,4,1538846651221,Politics,0.24499999999999997,0.58
ukrN9NvsgetfJeuut,a46ed005653e219450b1cbae6c2fa327b14f5a6e6555fc7454e93f7e5ac5acd9,12,0.29,4,1538846651222,Politics,0.1682,0.4
8LYGv6p97FFMSNuXH,a46ed005653e219450b1cbae6c2fa327b14f5a6e6555fc7454e93f7e5ac5acd9,13,0,4,1538846754866,Entertainment,0,0.215
h8AFmNK7aMktDfe6Q,a46ed005653e219450b1cbae6c2fa327b14f5a6e6555fc7454e93f7e5ac5acd9,14,0.34,4,1538846754868,Entertainment,0.8711999999999998,0.61
oHrGN99qQA37iZ3wT,a46ed005653e219450b1cbae6c2fa327b14f5a6e6555fc7454e93f7e5ac5acd9,15,0.7,4,1538846754869,Entertainment,0.9799999999999999,0.535
rckeMQBPnwyXcWX4t,a46ed005653e219450b1cbae6c2fa327b14f5a6e6555fc7454e93f7e5ac5acd9,16,0.61,4,1538846754870,Entertainment,0.3042,0.505
9u9BECHjNwexYpoah,a46ed005653e219450b1cbae6c2fa327b14f5a6e6555fc7454e93f7e5ac5acd9,17,0.44,4,1538846754872,Entertainment,0.3872,0.655
tXtdh9pZBQubu2a6d,a46ed005653e219450b1cbae6c2fa327b14f5a6e6555fc7454e93f7e5ac5acd9,18,0.33,4,1538846754873,Entertainment,0.21780000000000002,0.675
2LbPrY6fkJFzZXSiy,1d2706b5eb2fff27adad51b6ff0130510d0ccb8311d03a14ea7eb194876b8b38,1,0.66,4,1538846996645,Sports,0.23119999999999996,0.67
ht9CPmcpubT2XBQfq,1d2706b5eb2fff27adad51b6ff0130510d0ccb8311d03a14ea7eb194876b8b38,2,0.3,4,1538846996645,Sports,0.18,0.765
EvcvDjgCjrHqi9eNk,1d2706b5eb2fff27adad51b6ff0130510d0ccb8311d03a14ea7eb194876b8b38,3,0.07,4,1538846996646,Sports,0.009800000000000001,0.36
pwhJ8EspSzS2JSv7K,1d2706b5eb2fff27adad51b6ff0130510d0ccb8311d03a14ea7eb194876b8b38,4,0.9,4,1538846996646,Sports,0.01999999999999999,0.71
opqRZy2dxnq6cAxCY,1d2706b5eb2fff27adad51b6ff0130510d0ccb8311d03a14ea7eb194876b8b38,5,0.39,4,1538846996646,Sports,0.3042,0.745
rbkEagZbCK26CR2te,1d2706b5eb2fff27adad51b6ff0130510d0ccb8311d03a14ea7eb194876b8b38,6,0.49,4,1538846996648,Sports,0.48019999999999996,0.64
xebc8JtpkyZbeviZE,1d2706b5eb2fff27adad51b6ff0130510d0ccb8311d03a14ea7eb194876b8b38,7,0.86,4,1538847069880,Politics,1.4791999999999998,0.71
p3LgSuFyMEE4tP9Gu,1d2706b5eb2fff27adad51b6ff0130510d0ccb8311d03a14ea7eb194876b8b38,8,0.7,4,1538847069881,Politics,0.18000000000000005,0.64
HDYMemgiR2D2G9kyJ,1d2706b5eb2fff27adad51b6ff0130510d0ccb8311d03a14ea7eb194876b8b38,9,0.24,4,1538847069881,Politics,0.1152,0.54
Hnst4xDAwbp2Z5Wh6,1d2706b5eb2fff27adad51b6ff0130510d0ccb8311d03a14ea7eb194876b8b38,10,0.04,4,1538847069881,Politics,0.0032,0.47
9ha8miwgvtWhfrn6x,1d2706b5eb2fff27adad51b6ff0130510d0ccb8311d03a14ea7eb194876b8b38,11,0.08,4,1538847069882,Politics,0.0128,0.355
QP7TYgnSoXb98rhvK,1d2706b5eb2fff27adad51b6ff0130510d0ccb8311d03a14ea7eb194876b8b38,12,0.01,4,1538847069883,Politics,2e-4,0.365
YdxxXk873EMqApGi2,1d2706b5eb2fff27adad51b6ff0130510d0ccb8311d03a14ea7eb194876b8b38,13,0.15,4,1538847250867,Entertainment,0.045,0.33
h5492amzGY8mwMw7t,1d2706b5eb2fff27adad51b6ff0130510d0ccb8311d03a14ea7eb194876b8b38,14,0.75,4,1538847250869,Entertainment,0.125,0.65
tsy9KiD2M7se4w3r5,1d2706b5eb2fff27adad51b6ff0130510d0ccb8311d03a14ea7eb194876b8b38,15,0.25,4,1538847250870,Entertainment,0.125,0.53
PosxWT3PQ3CgKxbrH,1d2706b5eb2fff27adad51b6ff0130510d0ccb8311d03a14ea7eb194876b8b38,16,0.71,4,1538847250870,Entertainment,0.16820000000000004,0.58
gzWG99dsiHPTmLjTg,1d2706b5eb2fff27adad51b6ff0130510d0ccb8311d03a14ea7eb194876b8b38,17,0.02,4,1538847250872,Entertainment,8e-4,0.315
Y53ocNCwv2MjXbk3t,1d2706b5eb2fff27adad51b6ff0130510d0ccb8311d03a14ea7eb194876b8b38,18,0.72,4,1538847250872,Entertainment,1.0368,0.62
bWAxDeF4qtfsEmrLG,3545e73b90347613fe17bec69e19c2a48e854763c071516cba77f121d20481a5,1,0.4,4,1538847704092,Sports,0.72,0.655
YN2khH4ttyokftiYj,3545e73b90347613fe17bec69e19c2a48e854763c071516cba77f121d20481a5,2,0.63,4,1538847704108,Sports,0.7938000000000001,0.625
yoJmfZK6ZAYww3Bbo,3545e73b90347613fe17bec69e19c2a48e854763c071516cba77f121d20481a5,3,0.28,4,1538847704124,Sports,0.15680000000000002,0.51
CxYhzFqZQxfp5Hwy8,3545e73b90347613fe17bec69e19c2a48e854763c071516cba77f121d20481a5,4,0.51,4,1538847704132,Sports,0.48019999999999996,0.715
9SH95upYLLweCSYTF,3545e73b90347613fe17bec69e19c2a48e854763c071516cba77f121d20481a5,5,0.61,4,1538847704144,Sports,0.7442,0.475
7XCFkzge6tpYAfb9S,3545e73b90347613fe17bec69e19c2a48e854763c071516cba77f121d20481a5,6,0.22,4,1538847704158,Sports,0.0968,0.47
NAY6uqsoRkJH2EDvs,3545e73b90347613fe17bec69e19c2a48e854763c071516cba77f121d20481a5,7,0.19,4,1538847804188,Politics,0.0722,0.33
9KaHYGwexqjFqkT6t,3545e73b90347613fe17bec69e19c2a48e854763c071516cba77f121d20481a5,8,0.34,4,1538847804214,Politics,0.8711999999999998,0.68
7rere4h6QLLCRPSBG,3545e73b90347613fe17bec69e19c2a48e854763c071516cba77f121d20481a5,9,0.09,4,1538847804228,Politics,0.0162,0.245
rLeD6hXCD7iEaG4HH,3545e73b90347613fe17bec69e19c2a48e854763c071516cba77f121d20481a5,10,0.61,4,1538847804242,Politics,0.7442,0.415
CN5sxpd992eXLyduC,3545e73b90347613fe17bec69e19c2a48e854763c071516cba77f121d20481a5,11,0.32,4,1538847804266,Politics,0.2048,0.65
jqcugahknuk5v4PXi,3545e73b90347613fe17bec69e19c2a48e854763c071516cba77f121d20481a5,12,0.1,4,1538847804270,Politics,0.020000000000000004,0.485
wq9hgQrPraMMsBRwX,3545e73b90347613fe17bec69e19c2a48e854763c071516cba77f121d20481a5,13,0.11,4,1538848007530,Entertainment,0.0242,0.38
d4teePZCm9NKXAuWP,3545e73b90347613fe17bec69e19c2a48e854763c071516cba77f121d20481a5,14,0.95,4,1538848007540,Entertainment,0.005000000000000009,0.59
m9j334q35kceYCnDu,3545e73b90347613fe17bec69e19c2a48e854763c071516cba77f121d20481a5,15,0.11,4,1538848007550,Entertainment,0.0242,0.39
yhkFtZ3e32YEo8pc2,3545e73b90347613fe17bec69e19c2a48e854763c071516cba77f121d20481a5,16,0.64,4,1538848007562,Entertainment,0.2592,0.555
KoQNWf8nacyLTTwPs,3545e73b90347613fe17bec69e19c2a48e854763c071516cba77f121d20481a5,17,0.25,4,1538848007568,Entertainment,0.125,0.445
QmcjRkAZAnmsjryZa,3545e73b90347613fe17bec69e19c2a48e854763c071516cba77f121d20481a5,18,0.63,4,1538848007572,Entertainment,0.7938000000000001,0.55
LZsThky4ksdPfyFhg,d294fc36b4fdd5928977478c64f6eab0155e8818e4e249fab7cf9b03126aa386,1,0.72,4,1538848510306,Sports,0.15680000000000002,0.62
jFMDHLz97MZNKAuEK,d294fc36b4fdd5928977478c64f6eab0155e8818e4e249fab7cf9b03126aa386,2,0.19,4,1538848510307,Sports,0.0722,0.365
byTiT7EcqzFXsFyC5,d294fc36b4fdd5928977478c64f6eab0155e8818e4e249fab7cf9b03126aa386,3,0.01,4,1538848510308,Sports,2e-4,0.37
EvMcax6qdpKLXjXr5,d294fc36b4fdd5928977478c64f6eab0155e8818e4e249fab7cf9b03126aa386,4,0.94,4,1538848510308,Sports,0.007200000000000013,0.665
d4GYiq6ZktxaNzoZH,d294fc36b4fdd5928977478c64f6eab0155e8818e4e249fab7cf9b03126aa386,5,0.1,4,1538848510308,Sports,0.020000000000000004,0.415
WXon2BHKgja8D5SQn,d294fc36b4fdd5928977478c64f6eab0155e8818e4e249fab7cf9b03126aa386,6,0.39,4,1538848510309,Sports,0.3042,0.695
6ydWA34JzHfzdqwm9,d294fc36b4fdd5928977478c64f6eab0155e8818e4e249fab7cf9b03126aa386,7,0.94,4,1538848637679,Politics,1.7671999999999999,0.63
jGBqudxM3smXPBXom,d294fc36b4fdd5928977478c64f6eab0155e8818e4e249fab7cf9b03126aa386,8,0.3,4,1538848637680,Politics,0.9799999999999999,0.695
tHzkAb4PjvubLYqCC,d294fc36b4fdd5928977478c64f6eab0155e8818e4e249fab7cf9b03126aa386,9,0.47,4,1538848637682,Politics,0.44179999999999997,0.64
Pcqb6yLqSBdQWLndP,d294fc36b4fdd5928977478c64f6eab0155e8818e4e249fab7cf9b03126aa386,10,0.17,4,1538848637682,Politics,0.05780000000000001,0.525
zD3bSTzYesy8qCBjd,d294fc36b4fdd5928977478c64f6eab0155e8818e4e249fab7cf9b03126aa386,11,0.26,4,1538848637683,Politics,0.13520000000000001,0.55
PmH9iZGRkJm6TkWsq,d294fc36b4fdd5928977478c64f6eab0155e8818e4e249fab7cf9b03126aa386,12,0.15,4,1538848637683,Politics,0.045,0.55
h2bJsSM6RZBp3qfXz,d294fc36b4fdd5928977478c64f6eab0155e8818e4e249fab7cf9b03126aa386,13,0.01,4,1538848719599,Entertainment,2e-4,0.31
Yyv87hXLzrip8XG6g,d294fc36b4fdd5928977478c64f6eab0155e8818e4e249fab7cf9b03126aa386,14,0.78,4,1538848719600,Entertainment,0.09679999999999998,0.605
BCM5Fy9ta7BJCtd4s,d294fc36b4fdd5928977478c64f6eab0155e8818e4e249fab7cf9b03126aa386,15,0.52,4,1538848719600,Entertainment,0.5408000000000001,0.64
urNwF2zkJY8HqwsLe,d294fc36b4fdd5928977478c64f6eab0155e8818e4e249fab7cf9b03126aa386,16,0.47,4,1538848719600,Entertainment,0.5618000000000001,0.645
Xw8qQigcBJ49kYGud,d294fc36b4fdd5928977478c64f6eab0155e8818e4e249fab7cf9b03126aa386,17,0.02,4,1538848719600,Entertainment,8e-4,0.27
85yDmtozcMKYzyW6Y,d294fc36b4fdd5928977478c64f6eab0155e8818e4e249fab7cf9b03126aa386,18,0.27,4,1538848719602,Entertainment,0.1458,0.565
ANGFXpDh3LW45ugT2,342bdcd1c15786cd71cedb9bdc1c7f5f15444ebcad2a53267f62d0b5e972b0d7,1,0.37,4,1538848920621,Sports,0.7938000000000001,0.58
ALA7xCTJH7B96sn2Z,342bdcd1c15786cd71cedb9bdc1c7f5f15444ebcad2a53267f62d0b5e972b0d7,2,0.61,4,1538848920623,Sports,0.7442,0.53
fJY4AKfRKxa6NrGaF,342bdcd1c15786cd71cedb9bdc1c7f5f15444ebcad2a53267f62d0b5e972b0d7,3,0.61,4,1538848920625,Sports,0.7442,0.41
JAXxMJ4kFovj5FCtx,342bdcd1c15786cd71cedb9bdc1c7f5f15444ebcad2a53267f62d0b5e972b0d7,4,0.66,4,1538848920627,Sports,0.23119999999999996,0.53
hhDeEMKpGTkesF5wA,342bdcd1c15786cd71cedb9bdc1c7f5f15444ebcad2a53267f62d0b5e972b0d7,5,0.36,4,1538848920631,Sports,0.2592,0.53
fchNemKYGk5waHfsF,342bdcd1c15786cd71cedb9bdc1c7f5f15444ebcad2a53267f62d0b5e972b0d7,6,0.62,4,1538848920634,Sports,0.7688,0.52
bCek3YARgD8gWEagj,342bdcd1c15786cd71cedb9bdc1c7f5f15444ebcad2a53267f62d0b5e972b0d7,7,0.39,4,1538848936522,Politics,0.3042,0.57
9PLgE5ppYx6yenscZ,342bdcd1c15786cd71cedb9bdc1c7f5f15444ebcad2a53267f62d0b5e972b0d7,8,0.38,4,1538848936524,Politics,0.7688,0.595
hcCSzCim9RdSpfgrP,342bdcd1c15786cd71cedb9bdc1c7f5f15444ebcad2a53267f62d0b5e972b0d7,9,0.43,4,1538848936526,Politics,0.36979999999999996,0.485
GLYE2XntDojjsWFgf,342bdcd1c15786cd71cedb9bdc1c7f5f15444ebcad2a53267f62d0b5e972b0d7,10,0.76,4,1538848936529,Politics,1.1552,0.345
kSHBsiFD9tHbp92Kg,342bdcd1c15786cd71cedb9bdc1c7f5f15444ebcad2a53267f62d0b5e972b0d7,11,0.59,4,1538848936532,Politics,0.6961999999999999,0.46
uxXmpDEFQMqRE4NJY,342bdcd1c15786cd71cedb9bdc1c7f5f15444ebcad2a53267f62d0b5e972b0d7,12,0.53,4,1538848936534,Politics,0.5618000000000001,0.335
tANsJBfZiN3XZzwP5,342bdcd1c15786cd71cedb9bdc1c7f5f15444ebcad2a53267f62d0b5e972b0d7,13,0.59,4,1538848953896,Entertainment,0.6961999999999999,0.52
Eaxmmt5Mzg4Bbt8cY,342bdcd1c15786cd71cedb9bdc1c7f5f15444ebcad2a53267f62d0b5e972b0d7,14,0.53,4,1538848953898,Entertainment,0.44179999999999997,0.56
XTrRG5ZRcj9mfj2Bg,342bdcd1c15786cd71cedb9bdc1c7f5f15444ebcad2a53267f62d0b5e972b0d7,15,0.45,4,1538848953899,Entertainment,0.405,0.525
mWtsiqCKH8EEsk4DY,342bdcd1c15786cd71cedb9bdc1c7f5f15444ebcad2a53267f62d0b5e972b0d7,16,0.58,4,1538848953901,Entertainment,0.35280000000000006,0.46
Db6S4pHo528wx6DxT,342bdcd1c15786cd71cedb9bdc1c7f5f15444ebcad2a53267f62d0b5e972b0d7,17,0.54,4,1538848953903,Entertainment,0.5832,0.525
NyEYoG7E9gQyqzs5R,342bdcd1c15786cd71cedb9bdc1c7f5f15444ebcad2a53267f62d0b5e972b0d7,18,0.68,4,1538848953905,Entertainment,0.9248000000000002,0.49
8B6hABmeEPfdeRgPM,5ac02fd9a1d7a8e00c00c45129cac538a0689698487d18c798c88d4fe25d5303,1,0.8,4,1538850241278,Sports,0.07999999999999996,0.52
dN2tbHxMfxbDkB6Tc,5ac02fd9a1d7a8e00c00c45129cac538a0689698487d18c798c88d4fe25d5303,2,0.4,4,1538850241280,Sports,0.32000000000000006,0.62
5AaneopwwMSC82ecb,5ac02fd9a1d7a8e00c00c45129cac538a0689698487d18c798c88d4fe25d5303,3,0.6,4,1538850241280,Sports,0.72,0.405
d6PGxTvtDHZqJ9YH5,5ac02fd9a1d7a8e00c00c45129cac538a0689698487d18c798c88d4fe25d5303,4,0.7,4,1538850241283,Sports,0.18000000000000005,0.55
QhufFDrj3b9qFmyDP,5ac02fd9a1d7a8e00c00c45129cac538a0689698487d18c798c88d4fe25d5303,5,0.5,4,1538850241284,Sports,0.5,0.53
D2o8dAkDQJ7cDL7uH,5ac02fd9a1d7a8e00c00c45129cac538a0689698487d18c798c88d4fe25d5303,6,0.45,4,1538850241286,Sports,0.405,0.535
Nti3gAsGf6TPmN5iZ,27ce8c0e571e715cc2ae9a69fb05c9b8a5fe0df788f9bfb2687d821c8b21939c,1,0.26,4,1538850318934,Sports,1.0952,0.475
WRhiKpvtm5X2ERDtE,27ce8c0e571e715cc2ae9a69fb05c9b8a5fe0df788f9bfb2687d821c8b21939c,2,0.39,4,1538850318935,Sports,0.3042,0.775
wE3Wug3LQsyhH2vKz,27ce8c0e571e715cc2ae9a69fb05c9b8a5fe0df788f9bfb2687d821c8b21939c,3,0.15,4,1538850318935,Sports,0.045,0.445
sjHCobDMsXEaRToZs,27ce8c0e571e715cc2ae9a69fb05c9b8a5fe0df788f9bfb2687d821c8b21939c,4,0.81,4,1538850318936,Sports,0.07219999999999996,0.66
ttXdHPPPmeCGa3vQH,27ce8c0e571e715cc2ae9a69fb05c9b8a5fe0df788f9bfb2687d821c8b21939c,5,0.63,4,1538850318936,Sports,0.7938000000000001,0.59
AHzR5LsXMHB2T9Byo,27ce8c0e571e715cc2ae9a69fb05c9b8a5fe0df788f9bfb2687d821c8b21939c,6,0.25,4,1538850318937,Sports,0.125,0.47
Kr2ggdSKH7QibtiZX,5ac02fd9a1d7a8e00c00c45129cac538a0689698487d18c798c88d4fe25d5303,7,0.8,4,1538850327188,Politics,1.2800000000000002,0.54
FKBY9gJrS2n5Z6Snq,5ac02fd9a1d7a8e00c00c45129cac538a0689698487d18c798c88d4fe25d5303,8,1,4,1538850327189,Politics,0,0.485
dTn5cpWieZhgCtSwK,5ac02fd9a1d7a8e00c00c45129cac538a0689698487d18c798c88d4fe25d5303,9,0.4,4,1538850327191,Politics,0.32000000000000006,0.55
NAoKbJCGvAziKxL4h,5ac02fd9a1d7a8e00c00c45129cac538a0689698487d18c798c88d4fe25d5303,10,0.5,4,1538850327191,Politics,0.5,0.42
hyMjg5XByGxhuzxeN,5ac02fd9a1d7a8e00c00c45129cac538a0689698487d18c798c88d4fe25d5303,11,0.3,4,1538850327193,Politics,0.18,0.54
svcFxrPoRKYDHYvJz,5ac02fd9a1d7a8e00c00c45129cac538a0689698487d18c798c88d4fe25d5303,12,0.5,4,1538850327193,Politics,0.5,0.41
Z85bhGfKYEshXafAw,5ac02fd9a1d7a8e00c00c45129cac538a0689698487d18c798c88d4fe25d5303,13,0.6,4,1538850404377,Entertainment,0.72,0.495
EuiPJwqyPQe3ezS3k,5ac02fd9a1d7a8e00c00c45129cac538a0689698487d18c798c88d4fe25d5303,14,0.2,4,1538850404378,Entertainment,1.2800000000000002,0.265
aqTwMWoKKj9DGooPB,5ac02fd9a1d7a8e00c00c45129cac538a0689698487d18c798c88d4fe25d5303,15,0.6,4,1538850404379,Entertainment,0.72,0.5
MNEHibK2vR9eFoocy,5ac02fd9a1d7a8e00c00c45129cac538a0689698487d18c798c88d4fe25d5303,16,0.4,4,1538850404379,Entertainment,0.72,0.535
kfnz3jgBjwBZknhmn,5ac02fd9a1d7a8e00c00c45129cac538a0689698487d18c798c88d4fe25d5303,17,0.5,4,1538850404380,Entertainment,0.5,0.52
Gd9FwENM6CJegnyvm,5ac02fd9a1d7a8e00c00c45129cac538a0689698487d18c798c88d4fe25d5303,18,0.2,4,1538850404381,Entertainment,0.08000000000000002,0.44
5yGEgRdCRvFHtj5sY,27ce8c0e571e715cc2ae9a69fb05c9b8a5fe0df788f9bfb2687d821c8b21939c,7,0.76,4,1538850450964,Politics,1.1552,0.64
PznKLg8HEfqLJgR5a,27ce8c0e571e715cc2ae9a69fb05c9b8a5fe0df788f9bfb2687d821c8b21939c,8,0.69,4,1538850450964,Politics,0.19220000000000007,0.65
t44iNkvoHRwbFEkfL,27ce8c0e571e715cc2ae9a69fb05c9b8a5fe0df788f9bfb2687d821c8b21939c,9,0.39,4,1538850450965,Politics,0.3042,0.7
iRcXBxnBsZdHP6vtK,27ce8c0e571e715cc2ae9a69fb05c9b8a5fe0df788f9bfb2687d821c8b21939c,10,0.09,4,1538850450965,Politics,0.0162,0.45
KgmZS3TeXFsZhzofk,27ce8c0e571e715cc2ae9a69fb05c9b8a5fe0df788f9bfb2687d821c8b21939c,11,0.04,4,1538850450965,Politics,0.0032,0.39
f6tNXppeWBWB5kTtz,27ce8c0e571e715cc2ae9a69fb05c9b8a5fe0df788f9bfb2687d821c8b21939c,12,0.14,4,1538850450965,Politics,0.039200000000000006,0.565
s4Yr5vhMuoQW3MorJ,a19b3f7ad4082ab3157c6feecb9e44c3a7f742622bf7c9a047ff07ca1e16673d,1,0.85,4,1538850796362,Sports,0.04500000000000001,0.61
Khj54aRJpeT8LhHnB,a19b3f7ad4082ab3157c6feecb9e44c3a7f742622bf7c9a047ff07ca1e16673d,2,0.34,4,1538850796362,Sports,0.23120000000000004,0.66
qYCFMAcHGF4tpagwq,a19b3f7ad4082ab3157c6feecb9e44c3a7f742622bf7c9a047ff07ca1e16673d,3,0.66,4,1538850796363,Sports,0.8712000000000001,0.525
vofozKBzbe96gJg52,a19b3f7ad4082ab3157c6feecb9e44c3a7f742622bf7c9a047ff07ca1e16673d,4,0.84,4,1538850796363,Sports,0.05120000000000002,0.615
y9Z2uTtb2i46WeJuS,a19b3f7ad4082ab3157c6feecb9e44c3a7f742622bf7c9a047ff07ca1e16673d,5,0.8,4,1538850796364,Sports,1.2800000000000002,0.485
6LDn2mhithKHQpynq,a19b3f7ad4082ab3157c6feecb9e44c3a7f742622bf7c9a047ff07ca1e16673d,6,0.21,4,1538850796365,Sports,0.08819999999999999,0.46
gwFzBE2fCKMEiTEK4,a19b3f7ad4082ab3157c6feecb9e44c3a7f742622bf7c9a047ff07ca1e16673d,7,0.52,4,1538850809998,Politics,0.5408000000000001,0.635
cTgFDCkX8xRrivuGf,a19b3f7ad4082ab3157c6feecb9e44c3a7f742622bf7c9a047ff07ca1e16673d,8,0.3,4,1538850809998,Politics,0.9799999999999999,0.63
EPyWN3AjKHoiNGcDo,a19b3f7ad4082ab3157c6feecb9e44c3a7f742622bf7c9a047ff07ca1e16673d,9,0.9,4,1538850809999,Politics,1.62,0.49
2RvDv9HjBd2CY6eaM,a19b3f7ad4082ab3157c6feecb9e44c3a7f742622bf7c9a047ff07ca1e16673d,10,0.12,4,1538850809999,Politics,0.0288,0.49
sbWuQyS5pBfr6c6py,a19b3f7ad4082ab3157c6feecb9e44c3a7f742622bf7c9a047ff07ca1e16673d,11,0.79,4,1538850809999,Politics,1.2482000000000002,0.36
7PA6oDGdNbfPuynFe,a19b3f7ad4082ab3157c6feecb9e44c3a7f742622bf7c9a047ff07ca1e16673d,12,0.77,4,1538850809999,Politics,1.1858,0.37
Rvco72T75sEWaqALy,a19b3f7ad4082ab3157c6feecb9e44c3a7f742622bf7c9a047ff07ca1e16673d,13,0.75,4,1538850821939,Entertainment,1.125,0.515
hc9s2im84WL37Tvx3,a19b3f7ad4082ab3157c6feecb9e44c3a7f742622bf7c9a047ff07ca1e16673d,14,0.27,4,1538850821940,Entertainment,1.0657999999999999,0.305
oPypSQLZH3Hx8ji8J,a19b3f7ad4082ab3157c6feecb9e44c3a7f742622bf7c9a047ff07ca1e16673d,15,0.89,4,1538850821940,Entertainment,1.5842,0.51
GwLhXDEa8XbNNu8CL,a19b3f7ad4082ab3157c6feecb9e44c3a7f742622bf7c9a047ff07ca1e16673d,16,0.77,4,1538850821941,Entertainment,0.10579999999999998,0.455
XgfGSbmpTgkt5KM2e,a19b3f7ad4082ab3157c6feecb9e44c3a7f742622bf7c9a047ff07ca1e16673d,17,0.27,4,1538850821941,Entertainment,0.1458,0.385
mXep48eRBPB4gEsdz,a19b3f7ad4082ab3157c6feecb9e44c3a7f742622bf7c9a047ff07ca1e16673d,18,0.69,4,1538850821941,Entertainment,0.9521999999999998,0.52
QKpJZiQtdkxoFzveq,27ce8c0e571e715cc2ae9a69fb05c9b8a5fe0df788f9bfb2687d821c8b21939c,13,0.26,4,1538850823826,Entertainment,0.13520000000000001,0.45
sc267cs6qZTSmrCBJ,27ce8c0e571e715cc2ae9a69fb05c9b8a5fe0df788f9bfb2687d821c8b21939c,14,0.93,4,1538850823826,Entertainment,0.009799999999999986,0.63
6YsyLJP8MFh9BQsiQ,27ce8c0e571e715cc2ae9a69fb05c9b8a5fe0df788f9bfb2687d821c8b21939c,15,0.75,4,1538850823826,Entertainment,1.125,0.625
LLmsaXdZ4sKgeJmAY,27ce8c0e571e715cc2ae9a69fb05c9b8a5fe0df788f9bfb2687d821c8b21939c,16,0.14,4,1538850823827,Entertainment,1.4791999999999998,0.43
AXZMFto2qH6iXctdN,27ce8c0e571e715cc2ae9a69fb05c9b8a5fe0df788f9bfb2687d821c8b21939c,17,0.03,4,1538850823827,Entertainment,0.0018,0.345
f2E2otZGSWiztmn7F,27ce8c0e571e715cc2ae9a69fb05c9b8a5fe0df788f9bfb2687d821c8b21939c,18,0.06,4,1538850823827,Entertainment,0.0072,0.29
AXHoovgM5jzbAyTin,d016f8c301e80ff3eb9f895787a06de930c5dec155949d5f6098aeb69786119b,13,0.36,4,1538852328785,Entertainment,0.2592,0.715
2YCcQg2xbemiji67s,d016f8c301e80ff3eb9f895787a06de930c5dec155949d5f6098aeb69786119b,14,0.73,4,1538852328786,Entertainment,0.1458,0.675
xzsfuNW2xsY4g28SR,d016f8c301e80ff3eb9f895787a06de930c5dec155949d5f6098aeb69786119b,15,0.1,4,1538852328786,Entertainment,0.020000000000000004,0.41
XY4WtC7yKCtN2uooo,d016f8c301e80ff3eb9f895787a06de930c5dec155949d5f6098aeb69786119b,16,0.13,4,1538852328786,Entertainment,1.5138,0.435
aWWEFgeB5MStXntc6,d016f8c301e80ff3eb9f895787a06de930c5dec155949d5f6098aeb69786119b,17,0.01,4,1538852328786,Entertainment,2e-4,0.255
Cp7fYF6zzyxdvnwQ8,d016f8c301e80ff3eb9f895787a06de930c5dec155949d5f6098aeb69786119b,18,0.53,4,1538852328787,Entertainment,0.5618000000000001,0.65
naEbm9g2P3o3PyYD8,a35aec566dd91afa1f083907973a4d7b1cba4453b4340a7cdecec220426fcfe6,1,0.5,4,1538852728575,Sports,0.5,0.59
LoC8kyusFXMhWqBRK,a35aec566dd91afa1f083907973a4d7b1cba4453b4340a7cdecec220426fcfe6,2,0.5,4,1538852728577,Sports,0.5,0.545
HJhxRZBRMu46CsqKc,a35aec566dd91afa1f083907973a4d7b1cba4453b4340a7cdecec220426fcfe6,3,0.5,4,1538852728578,Sports,0.5,0.485
dzwDPwe2zPvj4GNKZ,a35aec566dd91afa1f083907973a4d7b1cba4453b4340a7cdecec220426fcfe6,4,0.51,4,1538852728579,Sports,0.48019999999999996,0.595
WCvYqEDqxjjMsnckm,a35aec566dd91afa1f083907973a4d7b1cba4453b4340a7cdecec220426fcfe6,5,0.49,4,1538852728581,Sports,0.48019999999999996,0.475
wfJqr6Tz8zNYt4XNr,a35aec566dd91afa1f083907973a4d7b1cba4453b4340a7cdecec220426fcfe6,6,0.5,4,1538852728582,Sports,0.5,0.525
FYgigLRfbZFN5LyHi,a35aec566dd91afa1f083907973a4d7b1cba4453b4340a7cdecec220426fcfe6,7,0.5,4,1538852744582,Politics,0.5,0.58
rKu4xiPqaWGqoRtxH,a35aec566dd91afa1f083907973a4d7b1cba4453b4340a7cdecec220426fcfe6,8,0.5,4,1538852744583,Politics,0.5,0.515
WmbWu8NQGqnMoj2Jj,a35aec566dd91afa1f083907973a4d7b1cba4453b4340a7cdecec220426fcfe6,9,0.51,4,1538852744586,Politics,0.5202,0.555
SWWoaF8c82WnMqJAR,a35aec566dd91afa1f083907973a4d7b1cba4453b4340a7cdecec220426fcfe6,10,0.5,4,1538852744586,Politics,0.5,0.345
4Mx9fGiGWD4ev4B7C,a35aec566dd91afa1f083907973a4d7b1cba4453b4340a7cdecec220426fcfe6,11,0.5,4,1538852744588,Politics,0.5,0.415
AFke2fXbEviYzXf7c,a35aec566dd91afa1f083907973a4d7b1cba4453b4340a7cdecec220426fcfe6,12,0.49,4,1538852744589,Politics,0.48019999999999996,0.37
WW9EW9JhoZyeMQJvT,a35aec566dd91afa1f083907973a4d7b1cba4453b4340a7cdecec220426fcfe6,13,0.51,4,1538852767798,Entertainment,0.5202,0.525
mvDEbuwYTZD77aHp8,a35aec566dd91afa1f083907973a4d7b1cba4453b4340a7cdecec220426fcfe6,14,0.5,4,1538852767801,Entertainment,0.5,0.525
Rcmu5yrnwfWufczJr,a35aec566dd91afa1f083907973a4d7b1cba4453b4340a7cdecec220426fcfe6,15,0.5,4,1538852767802,Entertainment,0.5,0.545
pm8jPbmKsS7rZ76vQ,a35aec566dd91afa1f083907973a4d7b1cba4453b4340a7cdecec220426fcfe6,16,0.5,4,1538852767802,Entertainment,0.5,0.48
HpiRwuaeH654jkrY7,a35aec566dd91afa1f083907973a4d7b1cba4453b4340a7cdecec220426fcfe6,17,0.49,4,1538852767804,Entertainment,0.48019999999999996,0.48
cq282Qtb8pp8SNDhT,a35aec566dd91afa1f083907973a4d7b1cba4453b4340a7cdecec220426fcfe6,18,0.51,4,1538852767806,Entertainment,0.5202,0.47
z4ASiwXKdBNXwzzei,66a2a38d7e2539f659e1d220cd2540e25075ca096c6817f9c7bc604fa358cf4b,1,0.81,4,1538854206488,Sports,0.07219999999999996,0.565
xp47rGz9LaAoN8MGS,66a2a38d7e2539f659e1d220cd2540e25075ca096c6817f9c7bc604fa358cf4b,2,0.33,4,1538854206488,Sports,0.21780000000000002,0.62
HNTmscaEh57gKXSFA,66a2a38d7e2539f659e1d220cd2540e25075ca096c6817f9c7bc604fa358cf4b,3,0.83,4,1538854206488,Sports,1.3778,0.465
mowtD53auZW5rFHcY,66a2a38d7e2539f659e1d220cd2540e25075ca096c6817f9c7bc604fa358cf4b,4,0.76,4,1538854206488,Sports,0.1152,0.555
uW2uDNfRFtXQecqKo,66a2a38d7e2539f659e1d220cd2540e25075ca096c6817f9c7bc604fa358cf4b,5,0.17,4,1538854206489,Sports,0.05780000000000001,0.365
ndeb7PaxMyYnyjkEL,66a2a38d7e2539f659e1d220cd2540e25075ca096c6817f9c7bc604fa358cf4b,6,0.83,4,1538854206489,Sports,1.3778,0.48
D5xpSgdzvK3mgwns6,66a2a38d7e2539f659e1d220cd2540e25075ca096c6817f9c7bc604fa358cf4b,7,0.87,4,1538854211678,Politics,1.5138,0.545
G7odT2AggKdsbra8S,66a2a38d7e2539f659e1d220cd2540e25075ca096c6817f9c7bc604fa358cf4b,8,0.78,4,1538854211678,Politics,0.09679999999999998,0.525
WewCSvCCGKmA3fabK,66a2a38d7e2539f659e1d220cd2540e25075ca096c6817f9c7bc604fa358cf4b,9,0.37,4,1538854211678,Politics,0.2738,0.625
RyD5RgY2yHyo6ZiPK,66a2a38d7e2539f659e1d220cd2540e25075ca096c6817f9c7bc604fa358cf4b,10,1,4,1538854211680,Politics,2,0.355
wC7ZpgPASuWWYf7rs,66a2a38d7e2539f659e1d220cd2540e25075ca096c6817f9c7bc604fa358cf4b,11,0.67,4,1538854211680,Politics,0.8978000000000002,0.42
yktfAKbhgy3Px8vYA,66a2a38d7e2539f659e1d220cd2540e25075ca096c6817f9c7bc604fa358cf4b,12,0.72,4,1538854211680,Politics,1.0368,0.32
z368zzycn4dxJ3cij,66a2a38d7e2539f659e1d220cd2540e25075ca096c6817f9c7bc604fa358cf4b,13,0.81,4,1538854217329,Entertainment,1.3122000000000003,0.51
KEiyJvskDbCqugBkj,66a2a38d7e2539f659e1d220cd2540e25075ca096c6817f9c7bc604fa358cf4b,14,0.27,4,1538854217330,Entertainment,1.0657999999999999,0.285
PpvczWgcMz5MxNYHJ,66a2a38d7e2539f659e1d220cd2540e25075ca096c6817f9c7bc604fa358cf4b,15,0.35,4,1538854217330,Entertainment,0.24499999999999997,0.64
3TKbXB3gcRQiuL9bx,66a2a38d7e2539f659e1d220cd2540e25075ca096c6817f9c7bc604fa358cf4b,16,0.82,4,1538854217330,Entertainment,0.06480000000000004,0.455
a38yKL5wizTB2nGYE,66a2a38d7e2539f659e1d220cd2540e25075ca096c6817f9c7bc604fa358cf4b,17,0.33,4,1538854217330,Entertainment,0.21780000000000002,0.55
pHrjBjnQAxFWi3oRy,66a2a38d7e2539f659e1d220cd2540e25075ca096c6817f9c7bc604fa358cf4b,18,0.89,4,1538854217330,Entertainment,1.5842,0.485
7XB94XGafEH3PdKP7,129e1a1a83515e3e836a506d0b7aa296feb0d323e8ad00449b695be923abf974,1,0.33,4,1538855780698,Sports,0.8977999999999998,0.685
8q7BrCQftscMjJAHH,129e1a1a83515e3e836a506d0b7aa296feb0d323e8ad00449b695be923abf974,2,0.69,4,1538855780699,Sports,0.9521999999999998,0.65
khxcPvjAAHpG8T3eo,129e1a1a83515e3e836a506d0b7aa296feb0d323e8ad00449b695be923abf974,3,0.09,4,1538855780699,Sports,0.0162,0.285
eGNffyrpFNotDkdey,129e1a1a83515e3e836a506d0b7aa296feb0d323e8ad00449b695be923abf974,4,0.34,4,1538855780700,Sports,0.8711999999999998,0.72
xmQF4CPnwnm4TcAfN,129e1a1a83515e3e836a506d0b7aa296feb0d323e8ad00449b695be923abf974,5,0.62,4,1538855780700,Sports,0.7688,0.55
LoKraQ8jb66np6Qm7,129e1a1a83515e3e836a506d0b7aa296feb0d323e8ad00449b695be923abf974,6,0.48,4,1538855780701,Sports,0.4608,0.675
KHc7pQkyCuZoe5sv8,129e1a1a83515e3e836a506d0b7aa296feb0d323e8ad00449b695be923abf974,7,1,4,1538855782240,Politics,2,0.59
hecXXZfLgsSY9YMAp,129e1a1a83515e3e836a506d0b7aa296feb0d323e8ad00449b695be923abf974,8,0,4,1538855782240,Politics,2,0.24
e8FC8veoeYDPiP4SA,129e1a1a83515e3e836a506d0b7aa296feb0d323e8ad00449b695be923abf974,9,0.04,4,1538855782241,Politics,0.0032,0.21
yuA9HycKPY2Zquu3v,129e1a1a83515e3e836a506d0b7aa296feb0d323e8ad00449b695be923abf974,10,0.39,4,1538855782241,Politics,0.3042,0.555
KFxShs8GCBzqy4sQR,129e1a1a83515e3e836a506d0b7aa296feb0d323e8ad00449b695be923abf974,11,0,4,1538855782241,Politics,0,0.295
zbGFYueWq3orTAd4y,129e1a1a83515e3e836a506d0b7aa296feb0d323e8ad00449b695be923abf974,12,1,4,1538855782241,Politics,2,0.48
RJsaM28WSrL6GuPse,129e1a1a83515e3e836a506d0b7aa296feb0d323e8ad00449b695be923abf974,13,0.33,4,1538855784313,Entertainment,0.21780000000000002,0.605
Aqki55ccWtJNxFZ4g,129e1a1a83515e3e836a506d0b7aa296feb0d323e8ad00449b695be923abf974,14,1,4,1538855784314,Entertainment,0,0.63
bTiDy8soJuNSehwac,129e1a1a83515e3e836a506d0b7aa296feb0d323e8ad00449b695be923abf974,15,0.33,4,1538855784315,Entertainment,0.21780000000000002,0.695
BrLWJjRcy9Nfsacgd,129e1a1a83515e3e836a506d0b7aa296feb0d323e8ad00449b695be923abf974,16,0,4,1538855784315,Entertainment,2,0.28
nQKTepnxBoyjyGnbc,129e1a1a83515e3e836a506d0b7aa296feb0d323e8ad00449b695be923abf974,17,0.56,4,1538855784315,Entertainment,0.6272000000000001,0.61
fGPiGHXkcaTtRqQQQ,129e1a1a83515e3e836a506d0b7aa296feb0d323e8ad00449b695be923abf974,18,0.22,4,1538855784315,Entertainment,0.0968,0.515
GMz3Ai4T5uKPXxkQb,63f60dd7bad864c30deed01e6622f1d9d1cdd8b409528f3bae8a0c0ba0e4ccec,1,0.78,4,1538858009027,Sports,0.09679999999999998,0.565
dGnhGbfKGhncjbtS5,63f60dd7bad864c30deed01e6622f1d9d1cdd8b409528f3bae8a0c0ba0e4ccec,2,0,4,1538858009030,Sports,0,0.2
exrbq78M2tGpKL2wS,63f60dd7bad864c30deed01e6622f1d9d1cdd8b409528f3bae8a0c0ba0e4ccec,3,0.22,4,1538858009032,Sports,0.0968,0.4
yskWETw6i2YjFu367,63f60dd7bad864c30deed01e6622f1d9d1cdd8b409528f3bae8a0c0ba0e4ccec,4,0.84,4,1538858009033,Sports,0.05120000000000002,0.605
QhdwPyyfFPmvDsnTS,63f60dd7bad864c30deed01e6622f1d9d1cdd8b409528f3bae8a0c0ba0e4ccec,5,0.32,4,1538858009034,Sports,0.2048,0.615
cY5LrPFMhQdqsKop3,63f60dd7bad864c30deed01e6622f1d9d1cdd8b409528f3bae8a0c0ba0e4ccec,6,0.65,4,1538858009035,Sports,0.8450000000000001,0.55
rS4FEegSyG8WRRGkj,63f60dd7bad864c30deed01e6622f1d9d1cdd8b409528f3bae8a0c0ba0e4ccec,7,0.32,4,1538858022559,Politics,0.2048,0.695
za5Mk4dbAkrEcv2t3,63f60dd7bad864c30deed01e6622f1d9d1cdd8b409528f3bae8a0c0ba0e4ccec,8,0.16,4,1538858022561,Politics,1.4111999999999998,0.405
zrh4CF6AfDc6FogSx,63f60dd7bad864c30deed01e6622f1d9d1cdd8b409528f3bae8a0c0ba0e4ccec,9,0.55,4,1538858022562,Politics,0.6050000000000001,0.565
GuihqpjLGWjq7BxMy,63f60dd7bad864c30deed01e6622f1d9d1cdd8b409528f3bae8a0c0ba0e4ccec,10,0.05,4,1538858022563,Politics,0.005000000000000001,0.325
zuK8s6X3MvXbR9wsg,63f60dd7bad864c30deed01e6622f1d9d1cdd8b409528f3bae8a0c0ba0e4ccec,11,0.3,4,1538858022564,Politics,0.18,0.57
p5ii5CYjWoZcJ6Qki,63f60dd7bad864c30deed01e6622f1d9d1cdd8b409528f3bae8a0c0ba0e4ccec,12,0.75,4,1538858022565,Politics,1.125,0.345
63P4nexZZcBfsCR6Z,63f60dd7bad864c30deed01e6622f1d9d1cdd8b409528f3bae8a0c0ba0e4ccec,13,0.77,4,1538858030672,Entertainment,1.1858,0.585
egnNTqWZC2x7cyPBB,63f60dd7bad864c30deed01e6622f1d9d1cdd8b409528f3bae8a0c0ba0e4ccec,14,1,4,1538858030673,Entertainment,0,0.595
Hht6gQxmSNzNekyzq,63f60dd7bad864c30deed01e6622f1d9d1cdd8b409528f3bae8a0c0ba0e4ccec,15,0.33,4,1538858030675,Entertainment,0.21780000000000002,0.645
T8C3bs9NwYrovafiP,63f60dd7bad864c30deed01e6622f1d9d1cdd8b409528f3bae8a0c0ba0e4ccec,16,0.72,4,1538858030675,Entertainment,0.15680000000000002,0.495
cPxG4AWwnFdev93P3,63f60dd7bad864c30deed01e6622f1d9d1cdd8b409528f3bae8a0c0ba0e4ccec,17,0.98,4,1538858030676,Entertainment,1.9207999999999998,0.495
fPyQcr793DaSBS3GT,63f60dd7bad864c30deed01e6622f1d9d1cdd8b409528f3bae8a0c0ba0e4ccec,18,0.28,4,1538858030677,Entertainment,0.15680000000000002,0.525
HnNWXsB7Z9EAbzfm6,f2151ec79a559d273f247ab152c656e5ad475dc78a6fc1f3aba7b53d6a6f649c,1,1,4,1538858537175,Sports,0,0.665
hCrjuq2mt4nhRXPe2,f2151ec79a559d273f247ab152c656e5ad475dc78a6fc1f3aba7b53d6a6f649c,2,0,4,1538858537177,Sports,0,0.3
j3orv3ZKvFMuN5Ku8,f2151ec79a559d273f247ab152c656e5ad475dc78a6fc1f3aba7b53d6a6f649c,3,0,4,1538858537179,Sports,0,0.355
7ZTgMZX7ct5HvNDaX,f2151ec79a559d273f247ab152c656e5ad475dc78a6fc1f3aba7b53d6a6f649c,4,0.5,4,1538858537181,Sports,0.5,0.745
eqHmraH8T9Wy7FvkJ,f2151ec79a559d273f247ab152c656e5ad475dc78a6fc1f3aba7b53d6a6f649c,5,0,4,1538858537182,Sports,0,0.34
5byHRvCDNzZaMKHmt,f2151ec79a559d273f247ab152c656e5ad475dc78a6fc1f3aba7b53d6a6f649c,6,0,4,1538858537183,Sports,0,0.295
PMbiM6pvMaPAneDck,f2151ec79a559d273f247ab152c656e5ad475dc78a6fc1f3aba7b53d6a6f649c,7,1,4,1538858598706,Politics,2,0.77
PiFACsePmFv9Gmqiz,f2151ec79a559d273f247ab152c656e5ad475dc78a6fc1f3aba7b53d6a6f649c,8,0.73,4,1538858598708,Politics,0.1458,0.72
QrSDRBit8gsijpBxw,f2151ec79a559d273f247ab152c656e5ad475dc78a6fc1f3aba7b53d6a6f649c,9,0.13,4,1538858598709,Politics,0.033800000000000004,0.53
c3DFcA3r5nawcw4wA,f2151ec79a559d273f247ab152c656e5ad475dc78a6fc1f3aba7b53d6a6f649c,10,0,4,1538858598710,Politics,0,0.41
9FvHz3Ezk8rDe936s,f2151ec79a559d273f247ab152c656e5ad475dc78a6fc1f3aba7b53d6a6f649c,11,0,4,1538858598712,Politics,0,0.405
dgf63ZYr3CvDajjgX,f2151ec79a559d273f247ab152c656e5ad475dc78a6fc1f3aba7b53d6a6f649c,12,0,4,1538858598715,Politics,0,0.45
E4ZHu7WR2rrjb2aW4,f2151ec79a559d273f247ab152c656e5ad475dc78a6fc1f3aba7b53d6a6f649c,13,1,4,1538858671622,Entertainment,2,0.725
Sfg3xTe2dN3gmnoyS,f2151ec79a559d273f247ab152c656e5ad475dc78a6fc1f3aba7b53d6a6f649c,14,0.33,4,1538858671623,Entertainment,0.8977999999999998,0.76
97L42jEsMP3Rav96g,f2151ec79a559d273f247ab152c656e5ad475dc78a6fc1f3aba7b53d6a6f649c,15,0,4,1538858671624,Entertainment,0,0.35
twJ2PtbFQdsxnEnn5,f2151ec79a559d273f247ab152c656e5ad475dc78a6fc1f3aba7b53d6a6f649c,16,0.84,4,1538858671626,Entertainment,0.05120000000000002,0.62
aQrHaDqo5ivCz6Cd7,f2151ec79a559d273f247ab152c656e5ad475dc78a6fc1f3aba7b53d6a6f649c,17,0.08,4,1538858671628,Entertainment,0.0128,0.43
Yous7Bmkjo2B2XpGs,f2151ec79a559d273f247ab152c656e5ad475dc78a6fc1f3aba7b53d6a6f649c,18,0.77,4,1538858671629,Entertainment,1.1858,0.61
ZnSrf2f8huiRn3r3o,6f5304db7f01c7ffec9c90ad5b0a4c428e61a56b585e1ebc1bc15a0ba4761aaa,1,0.12,4,1538858726249,Sports,1.5488,0.415
8Cm6GEqbonrRpnkn8,6f5304db7f01c7ffec9c90ad5b0a4c428e61a56b585e1ebc1bc15a0ba4761aaa,2,0.75,4,1538858726250,Sports,1.125,0.71
mQqFRz33jFXLmSJB5,6f5304db7f01c7ffec9c90ad5b0a4c428e61a56b585e1ebc1bc15a0ba4761aaa,3,0.65,4,1538858726250,Sports,0.8450000000000001,0.615
zdRv6LAWWtdM2n22J,6f5304db7f01c7ffec9c90ad5b0a4c428e61a56b585e1ebc1bc15a0ba4761aaa,4,0.81,4,1538858726251,Sports,0.07219999999999996,0.785
yQw3QX6EZqSp8e5sG,6f5304db7f01c7ffec9c90ad5b0a4c428e61a56b585e1ebc1bc15a0ba4761aaa,5,0.6,4,1538858726251,Sports,0.72,0.59
ar3ZEcESun2DvcocM,6f5304db7f01c7ffec9c90ad5b0a4c428e61a56b585e1ebc1bc15a0ba4761aaa,6,0.24,4,1538858726252,Sports,0.1152,0.595
ELzvFMqD5ANQtoff7,6f5304db7f01c7ffec9c90ad5b0a4c428e61a56b585e1ebc1bc15a0ba4761aaa,7,0.95,4,1538858729443,Politics,1.805,0.685
dYfqmvZfKeCmmSaWv,6f5304db7f01c7ffec9c90ad5b0a4c428e61a56b585e1ebc1bc15a0ba4761aaa,8,0.15,4,1538858729443,Politics,1.4449999999999998,0.465
x9h4PsFFXJbQMnNX2,6f5304db7f01c7ffec9c90ad5b0a4c428e61a56b585e1ebc1bc15a0ba4761aaa,9,0.1,4,1538858729444,Politics,0.020000000000000004,0.49
DQKDMGw8KsqjeMymi,6f5304db7f01c7ffec9c90ad5b0a4c428e61a56b585e1ebc1bc15a0ba4761aaa,10,0.02,4,1538858729444,Politics,8e-4,0.505
qFL2Xs9KTGHrWnKYb,6f5304db7f01c7ffec9c90ad5b0a4c428e61a56b585e1ebc1bc15a0ba4761aaa,11,0,4,1538858729444,Politics,0,0.425
aqbCfMuCFcM3wKuh6,6f5304db7f01c7ffec9c90ad5b0a4c428e61a56b585e1ebc1bc15a0ba4761aaa,12,0.11,4,1538858729444,Politics,0.0242,0.545
f5chyc87zYd29QPNL,6f5304db7f01c7ffec9c90ad5b0a4c428e61a56b585e1ebc1bc15a0ba4761aaa,13,0.01,4,1538858732841,Entertainment,2e-4,0.41
RYRMPaG7pEsp7rwTn,6f5304db7f01c7ffec9c90ad5b0a4c428e61a56b585e1ebc1bc15a0ba4761aaa,14,0.88,4,1538858732842,Entertainment,0.0288,0.74
nwYcuufZGKzpf6vhd,6f5304db7f01c7ffec9c90ad5b0a4c428e61a56b585e1ebc1bc15a0ba4761aaa,15,0.14,4,1538858732842,Entertainment,0.039200000000000006,0.445
5BBx6FcG4jXZMBtQm,6f5304db7f01c7ffec9c90ad5b0a4c428e61a56b585e1ebc1bc15a0ba4761aaa,16,0.05,4,1538858732842,Entertainment,1.805,0.34
bTDDT3FvN2yzDXk7v,6f5304db7f01c7ffec9c90ad5b0a4c428e61a56b585e1ebc1bc15a0ba4761aaa,17,0.29,4,1538858732842,Entertainment,0.1682,0.57
sYenfxcg4RdjhLfHE,6f5304db7f01c7ffec9c90ad5b0a4c428e61a56b585e1ebc1bc15a0ba4761aaa,18,0.2,4,1538858732843,Entertainment,0.08000000000000002,0.56
74SnoFJMynCgw6Kau,ab1ad07325b17232df28839b67ee049d55f92ecd04912c6263911093d851b660,1,0.66,4,1538860276068,Sports,0.23119999999999996,0.56
4Bw4SWgjidRc8zxNw,ab1ad07325b17232df28839b67ee049d55f92ecd04912c6263911093d851b660,2,0.77,4,1538860276068,Sports,1.1858,0.56
eM2yFjCe4BwFRmEWM,ab1ad07325b17232df28839b67ee049d55f92ecd04912c6263911093d851b660,3,0.15,4,1538860276070,Sports,0.045,0.37
s6uy4CSjq5JGSc5FE,ab1ad07325b17232df28839b67ee049d55f92ecd04912c6263911093d851b660,4,0.52,4,1538860276070,Sports,0.4608,0.605
LW99WnMud7zphs9yj,ab1ad07325b17232df28839b67ee049d55f92ecd04912c6263911093d851b660,5,0.79,4,1538860276070,Sports,1.2482000000000002,0.53
K5KT7Z7DQokGLyCJ7,ab1ad07325b17232df28839b67ee049d55f92ecd04912c6263911093d851b660,6,0.36,4,1538860276071,Sports,0.2592,0.605
B2spiHWFCZXHCJWzq,ab1ad07325b17232df28839b67ee049d55f92ecd04912c6263911093d851b660,7,0.73,4,1538860604983,Politics,1.0657999999999999,0.61
NHsgseqdkmkq2MPMu,ab1ad07325b17232df28839b67ee049d55f92ecd04912c6263911093d851b660,8,0.3,4,1538860604986,Politics,0.9799999999999999,0.595
sAMw3qiKCD7fHmWLn,ab1ad07325b17232df28839b67ee049d55f92ecd04912c6263911093d851b660,9,0.16,4,1538860604987,Politics,0.0512,0.39
mAnkRzc6dr2NJ5CZB,ab1ad07325b17232df28839b67ee049d55f92ecd04912c6263911093d851b660,10,0.6,4,1538860604987,Politics,0.72,0.36
TgeEpJeePJxmJR7KD,ab1ad07325b17232df28839b67ee049d55f92ecd04912c6263911093d851b660,11,0.33,4,1538860604987,Politics,0.21780000000000002,0.55
TW7ADYsAspkbCvLfh,ab1ad07325b17232df28839b67ee049d55f92ecd04912c6263911093d851b660,12,0.81,4,1538860604988,Politics,1.3122000000000003,0.385
fQRuQsKWmvSb6pKpf,ab1ad07325b17232df28839b67ee049d55f92ecd04912c6263911093d851b660,13,0.61,4,1538860690585,Entertainment,0.7442,0.54
o97yhMQ5WnNPWFTKP,ab1ad07325b17232df28839b67ee049d55f92ecd04912c6263911093d851b660,14,0.88,4,1538860690588,Entertainment,0.0288,0.575
MeWNaiCTpckLvKGA9,ab1ad07325b17232df28839b67ee049d55f92ecd04912c6263911093d851b660,15,0.39,4,1538860690588,Entertainment,0.3042,0.585
yT5AQAEBRHwqrypLk,ab1ad07325b17232df28839b67ee049d55f92ecd04912c6263911093d851b660,16,0.59,4,1538860690589,Entertainment,0.33620000000000005,0.56
pqR2kXkKF2b4ixjnH,ab1ad07325b17232df28839b67ee049d55f92ecd04912c6263911093d851b660,17,0.18,4,1538860690589,Entertainment,0.0648,0.295
bqqCa7GP4wXwxKCL2,ab1ad07325b17232df28839b67ee049d55f92ecd04912c6263911093d851b660,18,0.37,4,1538860690590,Entertainment,0.2738,0.595
AtTT3bYRuq6wkztfb,337621f29b4f3c12603c2a904692e0e91cec9d1dc683f88603d656fca208d38d,1,0.71,4,1538863621163,Sports,0.16820000000000004,0.485
Thse8AQBRkwZ4GJZg,337621f29b4f3c12603c2a904692e0e91cec9d1dc683f88603d656fca208d38d,2,0.35,4,1538863621165,Sports,0.24499999999999997,0.555
3HgKDHe48a3ccYHdm,337621f29b4f3c12603c2a904692e0e91cec9d1dc683f88603d656fca208d38d,3,0.38,4,1538863621167,Sports,0.2888,0.55
QMtcTdNZyobjQLR95,337621f29b4f3c12603c2a904692e0e91cec9d1dc683f88603d656fca208d38d,4,0.5,4,1538863621169,Sports,0.5,0.58
kCoxSyKNAEhTHMW6b,337621f29b4f3c12603c2a904692e0e91cec9d1dc683f88603d656fca208d38d,5,0.65,4,1538863621170,Sports,0.8450000000000001,0.385
3QYsCrNuCdnSarLME,337621f29b4f3c12603c2a904692e0e91cec9d1dc683f88603d656fca208d38d,6,0.37,4,1538863621172,Sports,0.2738,0.54
YHxoGNJbruwEo4edu,337621f29b4f3c12603c2a904692e0e91cec9d1dc683f88603d656fca208d38d,7,1,4,1538863659849,Politics,2,0.525
FJNgE3tNX2u4XP26C,337621f29b4f3c12603c2a904692e0e91cec9d1dc683f88603d656fca208d38d,8,0.74,4,1538863659850,Politics,0.13520000000000001,0.57
qzontp6vqNp5R9uMb,337621f29b4f3c12603c2a904692e0e91cec9d1dc683f88603d656fca208d38d,9,0.35,4,1538863659852,Politics,0.24499999999999997,0.575
D23kdJbj5AETvZwLr,337621f29b4f3c12603c2a904692e0e91cec9d1dc683f88603d656fca208d38d,10,0.38,4,1538863659855,Politics,0.2888,0.425
AC6NJSRN4t77pqzni,337621f29b4f3c12603c2a904692e0e91cec9d1dc683f88603d656fca208d38d,11,0.41,4,1538863659856,Politics,0.33619999999999994,0.425
8KQcWDtJM7ytSnnaD,337621f29b4f3c12603c2a904692e0e91cec9d1dc683f88603d656fca208d38d,12,0.62,4,1538863659857,Politics,0.7688,0.25
kRJ99YRk6QLmsj2tp,337621f29b4f3c12603c2a904692e0e91cec9d1dc683f88603d656fca208d38d,13,0.53,4,1538863690224,Entertainment,0.5618000000000001,0.48
oEAduHEC8iModDpNr,337621f29b4f3c12603c2a904692e0e91cec9d1dc683f88603d656fca208d38d,14,0.63,4,1538863690227,Entertainment,0.2738,0.495
GmEKqykz9CJQNui7j,337621f29b4f3c12603c2a904692e0e91cec9d1dc683f88603d656fca208d38d,15,0.3,4,1538863690229,Entertainment,0.18,0.6
y6EfwZpLbPmZstZCn,337621f29b4f3c12603c2a904692e0e91cec9d1dc683f88603d656fca208d38d,16,0.52,4,1538863690230,Entertainment,0.4608,0.51
qTdvzCbkoYRSrcHjq,337621f29b4f3c12603c2a904692e0e91cec9d1dc683f88603d656fca208d38d,17,0.42,4,1538863690231,Entertainment,0.35279999999999995,0.48
ztaMQMFp5okN6tuHp,337621f29b4f3c12603c2a904692e0e91cec9d1dc683f88603d656fca208d38d,18,0.63,4,1538863690232,Entertainment,0.7938000000000001,0.49
QFFewX5Q6EYQRu6EL,b60cbf66eb38080ad822b60ef8b6aff2462d4c09d74a6654fb1be6e27138ce05,1,0.79,4,1538863775343,Sports,0.08819999999999997,0.625
rLBacmHr9JDCWrWgP,b60cbf66eb38080ad822b60ef8b6aff2462d4c09d74a6654fb1be6e27138ce05,2,0.95,4,1538863775347,Sports,1.805,0.575
y7dHAREXvWfLZFsHx,b60cbf66eb38080ad822b60ef8b6aff2462d4c09d74a6654fb1be6e27138ce05,3,0.73,4,1538863775352,Sports,1.0657999999999999,0.465
vSRuxBZ2edKgPHqLY,b60cbf66eb38080ad822b60ef8b6aff2462d4c09d74a6654fb1be6e27138ce05,4,0.25,4,1538863775357,Sports,1.125,0.355
h2fbz3MW2kbWHQaRB,b60cbf66eb38080ad822b60ef8b6aff2462d4c09d74a6654fb1be6e27138ce05,5,0.91,4,1538863775360,Sports,1.6562000000000001,0.49
WGfRS45anfTv9hniy,b60cbf66eb38080ad822b60ef8b6aff2462d4c09d74a6654fb1be6e27138ce05,6,0.28,4,1538863775364,Sports,0.15680000000000002,0.445
Pj69tB2HY9xdniobg,b60cbf66eb38080ad822b60ef8b6aff2462d4c09d74a6654fb1be6e27138ce05,7,0.66,4,1538863833174,Politics,0.8712000000000001,0.655
8dgFFxHAjq3gSvitd,b60cbf66eb38080ad822b60ef8b6aff2462d4c09d74a6654fb1be6e27138ce05,8,0.89,4,1538863833176,Politics,0.024199999999999996,0.565
ZsW7XkXvrPtoSSP7J,b60cbf66eb38080ad822b60ef8b6aff2462d4c09d74a6654fb1be6e27138ce05,9,0.15,4,1538863833178,Politics,0.045,0.42
72MMvwsT8NxKY3jA7,b60cbf66eb38080ad822b60ef8b6aff2462d4c09d74a6654fb1be6e27138ce05,10,0.08,4,1538863833181,Politics,0.0128,0.415
2gsa7JYkfnKQ24e3e,b60cbf66eb38080ad822b60ef8b6aff2462d4c09d74a6654fb1be6e27138ce05,11,0.18,4,1538863833184,Politics,0.0648,0.43
cGS55tHQ7NtWjeJTf,b60cbf66eb38080ad822b60ef8b6aff2462d4c09d74a6654fb1be6e27138ce05,12,0.64,4,1538863833186,Politics,0.8192,0.445
rdM6RGtfE2ASNrAeE,b60cbf66eb38080ad822b60ef8b6aff2462d4c09d74a6654fb1be6e27138ce05,13,0.88,4,1538863894339,Entertainment,1.5488,0.53
PjvcxmReAasdHjuP4,b60cbf66eb38080ad822b60ef8b6aff2462d4c09d74a6654fb1be6e27138ce05,14,0.93,4,1538863894342,Entertainment,0.009799999999999986,0.64
2sGQDhqoDK6pChBu6,b60cbf66eb38080ad822b60ef8b6aff2462d4c09d74a6654fb1be6e27138ce05,15,0.39,4,1538863894345,Entertainment,0.3042,0.57
bq7SaQQCYt3P82TYB,b60cbf66eb38080ad822b60ef8b6aff2462d4c09d74a6654fb1be6e27138ce05,16,0.67,4,1538863894347,Entertainment,0.21779999999999994,0.51
Gy2hepNoTzh2pghDG,b60cbf66eb38080ad822b60ef8b6aff2462d4c09d74a6654fb1be6e27138ce05,17,0.74,4,1538863894349,Entertainment,1.0952,0.51
unkRz7tdZjZzZPuyK,b60cbf66eb38080ad822b60ef8b6aff2462d4c09d74a6654fb1be6e27138ce05,18,0.34,4,1538863894352,Entertainment,0.23120000000000004,0.67
Gupy2sGxEsHRABLbC,37984c0a5f9b47c050cb4757ea429eecdeeb628854b59cb6f98867f7276c2e8d,1,0.73,4,1538865734046,Sports,0.1458,0.57
8ryzi5adS5CaexgQp,37984c0a5f9b47c050cb4757ea429eecdeeb628854b59cb6f98867f7276c2e8d,2,0.77,4,1538865734047,Sports,1.1858,0.57
ncyGdq2itGY5oWd3K,37984c0a5f9b47c050cb4757ea429eecdeeb628854b59cb6f98867f7276c2e8d,3,0.27,4,1538865734049,Sports,0.1458,0.44
Dwn46vWt283GbJBRB,37984c0a5f9b47c050cb4757ea429eecdeeb628854b59cb6f98867f7276c2e8d,4,0.89,4,1538865734049,Sports,0.024199999999999996,0.6
ZMRHWpG4tyDeiddvT,37984c0a5f9b47c050cb4757ea429eecdeeb628854b59cb6f98867f7276c2e8d,5,0.2,4,1538865734052,Sports,0.08000000000000002,0.42
soLkW8Nr9Pv8WW2dZ,37984c0a5f9b47c050cb4757ea429eecdeeb628854b59cb6f98867f7276c2e8d,6,0.55,4,1538865734053,Sports,0.6050000000000001,0.61
5q3yeLvpfgRF2t3rK,37984c0a5f9b47c050cb4757ea429eecdeeb628854b59cb6f98867f7276c2e8d,7,0.23,4,1538865857527,Politics,0.1058,0.375
StSNy2RADhzYCmSXv,37984c0a5f9b47c050cb4757ea429eecdeeb628854b59cb6f98867f7276c2e8d,8,1,4,1538865857528,Politics,0,0.55
67i3j9fR9qBg6kejt,37984c0a5f9b47c050cb4757ea429eecdeeb628854b59cb6f98867f7276c2e8d,9,0.39,4,1538865857528,Politics,0.3042,0.61
je3AhxooH3BjHMALn,37984c0a5f9b47c050cb4757ea429eecdeeb628854b59cb6f98867f7276c2e8d,10,0.28,4,1538865857529,Politics,0.15680000000000002,0.43
ZfPoXuoExaiDdmj8H,37984c0a5f9b47c050cb4757ea429eecdeeb628854b59cb6f98867f7276c2e8d,11,0,4,1538865857529,Politics,0,0.29
hFoya2TkzSEBy4n7n,37984c0a5f9b47c050cb4757ea429eecdeeb628854b59cb6f98867f7276c2e8d,12,0.41,4,1538865857530,Politics,0.33619999999999994,0.395
8kDGsJpiZZCWEjbQB,37984c0a5f9b47c050cb4757ea429eecdeeb628854b59cb6f98867f7276c2e8d,13,0.82,4,1538865957579,Entertainment,1.3447999999999998,0.555
PLaLhnmzofq67zwuc,37984c0a5f9b47c050cb4757ea429eecdeeb628854b59cb6f98867f7276c2e8d,14,0.5,4,1538865957580,Entertainment,0.5,0.59
BqQamPk8yTsP8EYBu,37984c0a5f9b47c050cb4757ea429eecdeeb628854b59cb6f98867f7276c2e8d,15,0.77,4,1538865957580,Entertainment,1.1858,0.58
EiANA4EbRAKxXteCv,37984c0a5f9b47c050cb4757ea429eecdeeb628854b59cb6f98867f7276c2e8d,16,0.28,4,1538865957581,Entertainment,1.0368,0.41
ZYX77zGe2raFn7yst,37984c0a5f9b47c050cb4757ea429eecdeeb628854b59cb6f98867f7276c2e8d,17,0.55,4,1538865957582,Entertainment,0.6050000000000001,0.555
xg6n5bogqvmLhRKCm,37984c0a5f9b47c050cb4757ea429eecdeeb628854b59cb6f98867f7276c2e8d,18,0.36,4,1538865957583,Entertainment,0.2592,0.645
G5ho8SpZq5WyRhC82,f6cca59a3d1d14a7f3882916944c18fdef32549140921116a5f95a52f5b21007,1,0.8,4,1538866529479,Sports,0.07999999999999996,0.525
SLsQHGrXvKXaghBYf,f6cca59a3d1d14a7f3882916944c18fdef32549140921116a5f95a52f5b21007,2,0.48,4,1538866529497,Sports,0.4608,0.635
ngJvajgFkFzLdAqFt,f6cca59a3d1d14a7f3882916944c18fdef32549140921116a5f95a52f5b21007,3,0.06,4,1538866529512,Sports,0.0072,0.33
wroKHfLHD2GtRJCg7,f6cca59a3d1d14a7f3882916944c18fdef32549140921116a5f95a52f5b21007,4,0.68,4,1538866529520,Sports,0.20479999999999993,0.655
vzNuS26E8R7kYW9Gx,f6cca59a3d1d14a7f3882916944c18fdef32549140921116a5f95a52f5b21007,5,0.38,4,1538866529530,Sports,0.2888,0.625
bEosNLBAJTeJkWrhf,f6cca59a3d1d14a7f3882916944c18fdef32549140921116a5f95a52f5b21007,6,0.08,4,1538866529534,Sports,0.0128,0.18
7pDSNycjN3FGydGyP,f6cca59a3d1d14a7f3882916944c18fdef32549140921116a5f95a52f5b21007,7,0.25,4,1538866535804,Politics,0.125,0.39
XPpzN6HeMrrYaJuEX,f6cca59a3d1d14a7f3882916944c18fdef32549140921116a5f95a52f5b21007,8,0.52,4,1538866535816,Politics,0.4608,0.615
LLTTGMwjo3o6NHRwD,f6cca59a3d1d14a7f3882916944c18fdef32549140921116a5f95a52f5b21007,9,0.4,4,1538866535825,Politics,0.32000000000000006,0.585
ZTZw2vakYqtz7ZDL4,f6cca59a3d1d14a7f3882916944c18fdef32549140921116a5f95a52f5b21007,10,0.3,4,1538866535833,Politics,0.18,0.475
FzGDAJHWEwxy6Hebu,f6cca59a3d1d14a7f3882916944c18fdef32549140921116a5f95a52f5b21007,11,0.71,4,1538866535840,Politics,1.0082,0.445
5dAzZyfkneGzbyDTM,f6cca59a3d1d14a7f3882916944c18fdef32549140921116a5f95a52f5b21007,12,0.3,4,1538866535844,Politics,0.18,0.53
TkTHGby42XWgn8oDc,f6cca59a3d1d14a7f3882916944c18fdef32549140921116a5f95a52f5b21007,13,0.6,4,1538866542743,Entertainment,0.72,0.535
jsQtQkvGCREFDb8f7,f6cca59a3d1d14a7f3882916944c18fdef32549140921116a5f95a52f5b21007,14,0.98,4,1538866542750,Entertainment,8.000000000000014e-4,0.545
oHRsS3okitv7Dn857,f6cca59a3d1d14a7f3882916944c18fdef32549140921116a5f95a52f5b21007,15,0.29,4,1538866542756,Entertainment,0.1682,0.41
kL6HFTXuTe5eiJsSd,f6cca59a3d1d14a7f3882916944c18fdef32549140921116a5f95a52f5b21007,16,0.09,4,1538866542761,Entertainment,1.6562000000000001,0.26
6SrjLknicGxbkrASo,f6cca59a3d1d14a7f3882916944c18fdef32549140921116a5f95a52f5b21007,17,0.58,4,1538866542765,Entertainment,0.6728,0.605
LSmg9bC6bxqTGXty2,f6cca59a3d1d14a7f3882916944c18fdef32549140921116a5f95a52f5b21007,18,0.25,4,1538866542778,Entertainment,0.125,0.505
veFcX2347Fh8GA2WJ,2de7bf29d87cdf3de010d8a52569765b0c09581ed0b4c107d484e8d8323abc11,1,0.66,4,1538866971046,Sports,0.23119999999999996,0.57
TkYqxBGeKZZb3eRfy,2de7bf29d87cdf3de010d8a52569765b0c09581ed0b4c107d484e8d8323abc11,2,0.4,4,1538866971047,Sports,0.32000000000000006,0.605
j7qPwiJpPH7CGvRaW,2de7bf29d87cdf3de010d8a52569765b0c09581ed0b4c107d484e8d8323abc11,3,0.11,4,1538866971048,Sports,0.0242,0.4
5DHpXfAow8L4ZPKmn,2de7bf29d87cdf3de010d8a52569765b0c09581ed0b4c107d484e8d8323abc11,4,0.79,4,1538866971048,Sports,0.08819999999999997,0.505
ozL4KWjCiK9f6KNmB,2de7bf29d87cdf3de010d8a52569765b0c09581ed0b4c107d484e8d8323abc11,5,0.44,4,1538866971048,Sports,0.3872,0.56
oJ998AHwgbFBjRKNL,2de7bf29d87cdf3de010d8a52569765b0c09581ed0b4c107d484e8d8323abc11,6,0.59,4,1538866971049,Sports,0.6961999999999999,0.58
ZKuY8PSCsLYrnRA3f,2de7bf29d87cdf3de010d8a52569765b0c09581ed0b4c107d484e8d8323abc11,7,0.76,4,1538867086605,Politics,1.1552,0.575
dLctphhacBk5wcSnY,2de7bf29d87cdf3de010d8a52569765b0c09581ed0b4c107d484e8d8323abc11,8,0.36,4,1538867086605,Politics,0.8192,0.66
dZeNy32Wt3yN5Jzyp,2de7bf29d87cdf3de010d8a52569765b0c09581ed0b4c107d484e8d8323abc11,9,0.39,4,1538867086606,Politics,0.3042,0.605
WJMGWb2Ji6Mvicz37,2de7bf29d87cdf3de010d8a52569765b0c09581ed0b4c107d484e8d8323abc11,10,0.12,4,1538867086606,Politics,0.0288,0.455
6rX4s5X38sSRvSQQ2,2de7bf29d87cdf3de010d8a52569765b0c09581ed0b4c107d484e8d8323abc11,11,0.36,4,1538867086606,Politics,0.2592,0.555
kyXnXrC9G5GccCEHr,2de7bf29d87cdf3de010d8a52569765b0c09581ed0b4c107d484e8d8323abc11,12,0.1,4,1538867086607,Politics,0.020000000000000004,0.445
2jyHihScYHkZpjtpH,2de7bf29d87cdf3de010d8a52569765b0c09581ed0b4c107d484e8d8323abc11,13,0.22,4,1538867206806,Entertainment,0.0968,0.345
KcNgqbSDRK8ndAw3R,2de7bf29d87cdf3de010d8a52569765b0c09581ed0b4c107d484e8d8323abc11,14,0.87,4,1538867206806,Entertainment,0.033800000000000004,0.55
2XRBMRQqiutC2jKem,2de7bf29d87cdf3de010d8a52569765b0c09581ed0b4c107d484e8d8323abc11,15,0.69,4,1538867206807,Entertainment,0.9521999999999998,0.56
Bj7uW9jFTaaAkG3on,2de7bf29d87cdf3de010d8a52569765b0c09581ed0b4c107d484e8d8323abc11,16,0.52,4,1538867206807,Entertainment,0.4608,0.535
LT4devpWkLv8v6aaP,2de7bf29d87cdf3de010d8a52569765b0c09581ed0b4c107d484e8d8323abc11,17,0.36,4,1538867206807,Entertainment,0.2592,0.555
iqcnvxJPMsc5sgT7P,2de7bf29d87cdf3de010d8a52569765b0c09581ed0b4c107d484e8d8323abc11,18,0.57,4,1538867206808,Entertainment,0.6497999999999999,0.575
8PjzXdhYhRDt5xeFQ,97e7258634dcc4b0e3bb7141d6869276e419934c9d490b9dd8b0f8fbe22ee8ab,1,0.22,4,1538867333985,Sports,1.2168,0.36
itXGRR7K3Favh5oQY,97e7258634dcc4b0e3bb7141d6869276e419934c9d490b9dd8b0f8fbe22ee8ab,2,0.63,4,1538867333987,Sports,0.7938000000000001,0.535
9AY6SExgf2GmZTznp,97e7258634dcc4b0e3bb7141d6869276e419934c9d490b9dd8b0f8fbe22ee8ab,3,0.75,4,1538867333989,Sports,1.125,0.425
8beJHvw6EFeagHoya,97e7258634dcc4b0e3bb7141d6869276e419934c9d490b9dd8b0f8fbe22ee8ab,4,0.57,4,1538867333989,Sports,0.3698000000000001,0.605
knyKXxtD3DriNXEcE,97e7258634dcc4b0e3bb7141d6869276e419934c9d490b9dd8b0f8fbe22ee8ab,5,0.46,4,1538867333992,Sports,0.4232,0.525
3A2EPyLMAFPAXYuap,97e7258634dcc4b0e3bb7141d6869276e419934c9d490b9dd8b0f8fbe22ee8ab,6,0.33,4,1538867333993,Sports,0.21780000000000002,0.615
sWGG8J8HcoN3me7u6,97e7258634dcc4b0e3bb7141d6869276e419934c9d490b9dd8b0f8fbe22ee8ab,7,0.69,4,1538867452638,Politics,0.9521999999999998,0.515
6KetBirpQpk4XAMGW,97e7258634dcc4b0e3bb7141d6869276e419934c9d490b9dd8b0f8fbe22ee8ab,8,0.44,4,1538867452640,Politics,0.6272000000000001,0.54
GXTgFfeAQYAzsDYkY,97e7258634dcc4b0e3bb7141d6869276e419934c9d490b9dd8b0f8fbe22ee8ab,9,0.44,4,1538867452640,Politics,0.3872,0.53
p3ypjbfh4Gz38BKB5,97e7258634dcc4b0e3bb7141d6869276e419934c9d490b9dd8b0f8fbe22ee8ab,10,0.48,4,1538867452643,Politics,0.4608,0.395
WjZ8Q3rKEHcjosyuh,97e7258634dcc4b0e3bb7141d6869276e419934c9d490b9dd8b0f8fbe22ee8ab,11,0.56,4,1538867452644,Politics,0.6272000000000001,0.48
NxPMrCWvoynjFyYeD,97e7258634dcc4b0e3bb7141d6869276e419934c9d490b9dd8b0f8fbe22ee8ab,12,0.56,4,1538867452645,Politics,0.6272000000000001,0.405
p5keNGm3hSgtx5aER,19bac18444b634500543047e005be7c16cbd8b4ce984cb7d8b758c63b572c647,1,0.39,4,1538867608294,Sports,0.7442,0.645
QA3WfG7dGqpwLPNge,19bac18444b634500543047e005be7c16cbd8b4ce984cb7d8b758c63b572c647,2,0.73,4,1538867608295,Sports,1.0657999999999999,0.49
iSz8p59Xz4zhLcCso,19bac18444b634500543047e005be7c16cbd8b4ce984cb7d8b758c63b572c647,3,0.16,4,1538867608296,Sports,0.0512,0.34
Eucev5azoCNw3Xqfc,19bac18444b634500543047e005be7c16cbd8b4ce984cb7d8b758c63b572c647,4,0.64,4,1538867608296,Sports,0.2592,0.565
tuw8GveoYN7mqeNES,19bac18444b634500543047e005be7c16cbd8b4ce984cb7d8b758c63b572c647,5,0.71,4,1538867608296,Sports,1.0082,0.43
ZwJStcvg32gJ5ZvoW,19bac18444b634500543047e005be7c16cbd8b4ce984cb7d8b758c63b572c647,6,0.43,4,1538867608296,Sports,0.36979999999999996,0.56
3fq6SuNAYx5kCmu2P,97e7258634dcc4b0e3bb7141d6869276e419934c9d490b9dd8b0f8fbe22ee8ab,13,0.6,4,1538867637886,Entertainment,0.72,0.495
FXY9yxFxzJ7Z3KwgG,97e7258634dcc4b0e3bb7141d6869276e419934c9d490b9dd8b0f8fbe22ee8ab,14,0.82,4,1538867637887,Entertainment,0.06480000000000004,0.515
5czzHDhxw58RbwHqz,97e7258634dcc4b0e3bb7141d6869276e419934c9d490b9dd8b0f8fbe22ee8ab,15,0.91,4,1538867637888,Entertainment,1.6562000000000001,0.485
eWJScgjsJiStXXkPr,97e7258634dcc4b0e3bb7141d6869276e419934c9d490b9dd8b0f8fbe22ee8ab,16,0.56,4,1538867637890,Entertainment,0.38719999999999993,0.52
rMFsFd324cRH468tm,97e7258634dcc4b0e3bb7141d6869276e419934c9d490b9dd8b0f8fbe22ee8ab,17,0.8,4,1538867637890,Entertainment,1.2800000000000002,0.455
PT8rNDwNrWbXLEkG3,97e7258634dcc4b0e3bb7141d6869276e419934c9d490b9dd8b0f8fbe22ee8ab,18,0.56,4,1538867637893,Entertainment,0.6272000000000001,0.53
AHy2QyZEfkb5Fmpzm,67a60a2b872aa195f7bbb57d9e8345446ee32f41a52ae5323211ba3459ec221a,1,0.22,4,1538867712849,Sports,1.2168,0.515
bDCQSgiy7eBu73n9W,67a60a2b872aa195f7bbb57d9e8345446ee32f41a52ae5323211ba3459ec221a,2,0.74,4,1538867712849,Sports,1.0952,0.755
nNfT2ZfbSx7RRes9Z,67a60a2b872aa195f7bbb57d9e8345446ee32f41a52ae5323211ba3459ec221a,3,0.77,4,1538867712850,Sports,1.1858,0.54
xiWofRX73jBPipoFZ,67a60a2b872aa195f7bbb57d9e8345446ee32f41a52ae5323211ba3459ec221a,4,0.22,4,1538867712850,Sports,1.2168,0.49
QKyPFPY7EhvRGFuno,67a60a2b872aa195f7bbb57d9e8345446ee32f41a52ae5323211ba3459ec221a,5,0.24,4,1538867712851,Sports,0.1152,0.54
z6ApwAoM3fauN56zT,67a60a2b872aa195f7bbb57d9e8345446ee32f41a52ae5323211ba3459ec221a,6,0.85,4,1538867712851,Sports,1.4449999999999998,0.58
8feqRNSCN6hypadnf,67a60a2b872aa195f7bbb57d9e8345446ee32f41a52ae5323211ba3459ec221a,7,1,4,1538867807178,Politics,2,0.69
nqepY5nR28chhhrqW,67a60a2b872aa195f7bbb57d9e8345446ee32f41a52ae5323211ba3459ec221a,8,0.25,4,1538867807178,Politics,1.125,0.5
nsCZeyMAsSjqmRo5u,67a60a2b872aa195f7bbb57d9e8345446ee32f41a52ae5323211ba3459ec221a,9,1,4,1538867807179,Politics,2,0.585
Quw3t8SZtpHaaRgRL,67a60a2b872aa195f7bbb57d9e8345446ee32f41a52ae5323211ba3459ec221a,10,0,4,1538867807180,Politics,0,0.37
eqedE6sDMT33rGrvg,67a60a2b872aa195f7bbb57d9e8345446ee32f41a52ae5323211ba3459ec221a,11,1,4,1538867807181,Politics,2,0.6
K4hdwwztE8GyizgYZ,67a60a2b872aa195f7bbb57d9e8345446ee32f41a52ae5323211ba3459ec221a,12,1,4,1538867807181,Politics,2,0.52
2Dyvnc3RJcWGhDy6z,19bac18444b634500543047e005be7c16cbd8b4ce984cb7d8b758c63b572c647,7,0.8,4,1538867816961,Politics,1.2800000000000002,0.55
nM7Y5dLcWBsBGNrPJ,19bac18444b634500543047e005be7c16cbd8b4ce984cb7d8b758c63b572c647,8,0.63,4,1538867816961,Politics,0.2738,0.53
L94hYdnKx9Ajz7RW2,19bac18444b634500543047e005be7c16cbd8b4ce984cb7d8b758c63b572c647,9,0.63,4,1538867816963,Politics,0.7938000000000001,0.48
ExcioStmPmLYAsbMY,19bac18444b634500543047e005be7c16cbd8b4ce984cb7d8b758c63b572c647,10,0.6,4,1538867816963,Politics,0.72,0.325
YAqMk5WFaWP2bmPoh,19bac18444b634500543047e005be7c16cbd8b4ce984cb7d8b758c63b572c647,11,0.3,4,1538867816963,Politics,0.18,0.55
xDHzpirBhoezTvjv9,19bac18444b634500543047e005be7c16cbd8b4ce984cb7d8b758c63b572c647,12,0.65,4,1538867816963,Politics,0.8450000000000001,0.34
9JmMRwZ2yquDtSsFk,67a60a2b872aa195f7bbb57d9e8345446ee32f41a52ae5323211ba3459ec221a,13,0,4,1538867894299,Entertainment,0,0.315
9BAKif4wTMZH5DrCD,67a60a2b872aa195f7bbb57d9e8345446ee32f41a52ae5323211ba3459ec221a,14,1,4,1538867894300,Entertainment,0,0.595
uZEXmMS2kdNZMeXN2,67a60a2b872aa195f7bbb57d9e8345446ee32f41a52ae5323211ba3459ec221a,15,1,4,1538867894300,Entertainment,2,0.58
7ov5e8SHRCX8yQZs4,67a60a2b872aa195f7bbb57d9e8345446ee32f41a52ae5323211ba3459ec221a,16,0,4,1538867894301,Entertainment,2,0.32
yvJiTvMuivCPctAug,67a60a2b872aa195f7bbb57d9e8345446ee32f41a52ae5323211ba3459ec221a,17,0,4,1538867894301,Entertainment,0,0.33
PTvoc9euXgd34tvP7,67a60a2b872aa195f7bbb57d9e8345446ee32f41a52ae5323211ba3459ec221a,18,0,4,1538867894301,Entertainment,0,0.315
rY6F45GEARHrhFzuj,19bac18444b634500543047e005be7c16cbd8b4ce984cb7d8b758c63b572c647,13,0.8,4,1538867942394,Entertainment,1.2800000000000002,0.53
2Xx5wDRjASYrAbFgs,19bac18444b634500543047e005be7c16cbd8b4ce984cb7d8b758c63b572c647,14,0.92,4,1538867942395,Entertainment,0.012799999999999987,0.525
HbPqiC4W5zH8uF9kt,19bac18444b634500543047e005be7c16cbd8b4ce984cb7d8b758c63b572c647,15,0.4,4,1538867942395,Entertainment,0.32000000000000006,0.545
c9CKKSf6wXrRc3YXZ,19bac18444b634500543047e005be7c16cbd8b4ce984cb7d8b758c63b572c647,16,0.49,4,1538867942395,Entertainment,0.5202,0.555
zkHN93Srp3exoPGKo,19bac18444b634500543047e005be7c16cbd8b4ce984cb7d8b758c63b572c647,17,0.33,4,1538867942395,Entertainment,0.21780000000000002,0.565
g9dTH6czupgKxuMzc,19bac18444b634500543047e005be7c16cbd8b4ce984cb7d8b758c63b572c647,18,0.48,4,1538867942396,Entertainment,0.4608,0.55
wPjwDfocC3c4Yw5zY,0e7652824b87f68dd6776c80ff55fbb4d2c843bc0c222985e4bd939ff9083a4b,1,0.25,4,1538871430782,Sports,1.125,0.45
waapk7oFyPBTrYChD,0e7652824b87f68dd6776c80ff55fbb4d2c843bc0c222985e4bd939ff9083a4b,2,0.7,4,1538871430784,Sports,0.9799999999999999,0.655
Eay2JvEjwLjBiMz3T,0e7652824b87f68dd6776c80ff55fbb4d2c843bc0c222985e4bd939ff9083a4b,3,0.1,4,1538871430785,Sports,0.020000000000000004,0.54
Ztz3Bb9r5awBk2G6b,0e7652824b87f68dd6776c80ff55fbb4d2c843bc0c222985e4bd939ff9083a4b,4,0.6,4,1538871430787,Sports,0.32000000000000006,0.68
etrbcaxxiadWGAwNA,0e7652824b87f68dd6776c80ff55fbb4d2c843bc0c222985e4bd939ff9083a4b,5,0.4,4,1538871430788,Sports,0.32000000000000006,0.685
hmtQeErAdfQuoJT5y,0e7652824b87f68dd6776c80ff55fbb4d2c843bc0c222985e4bd939ff9083a4b,6,0.4,4,1538871430789,Sports,0.32000000000000006,0.695
iQqykdQYEeqkWckYp,0e7652824b87f68dd6776c80ff55fbb4d2c843bc0c222985e4bd939ff9083a4b,7,0.8,4,1538871534853,Politics,1.2800000000000002,0.625
tL6xBdZA3Mmi7uDXy,0e7652824b87f68dd6776c80ff55fbb4d2c843bc0c222985e4bd939ff9083a4b,8,0.7,4,1538871534854,Politics,0.18000000000000005,0.67
M9iyiTsgiqzbLQKP5,0e7652824b87f68dd6776c80ff55fbb4d2c843bc0c222985e4bd939ff9083a4b,9,0.75,4,1538871534855,Politics,1.125,0.615
iED2bEvBpsg5kgDvH,0e7652824b87f68dd6776c80ff55fbb4d2c843bc0c222985e4bd939ff9083a4b,10,0.05,4,1538871534855,Politics,0.005000000000000001,0.41
Dgx8yGQ5f28fy22jv,0e7652824b87f68dd6776c80ff55fbb4d2c843bc0c222985e4bd939ff9083a4b,11,0.05,4,1538871534855,Politics,0.005000000000000001,0.38
e7mPRjm4TyJn6mrnv,0e7652824b87f68dd6776c80ff55fbb4d2c843bc0c222985e4bd939ff9083a4b,12,0.03,4,1538871534857,Politics,0.0018,0.455
NuptdsTyjRPMgPaCX,0e7652824b87f68dd6776c80ff55fbb4d2c843bc0c222985e4bd939ff9083a4b,13,0.05,4,1538871746473,Entertainment,0.005000000000000001,0.35
zqkCsTjJTAGHKNf5Y,0e7652824b87f68dd6776c80ff55fbb4d2c843bc0c222985e4bd939ff9083a4b,14,1,4,1538871746475,Entertainment,0,0.655
6evTTDrWoFBpPJBBA,0e7652824b87f68dd6776c80ff55fbb4d2c843bc0c222985e4bd939ff9083a4b,15,0.2,4,1538871746476,Entertainment,0.08000000000000002,0.56
JbaBd7MJrS7ue5SgR,0e7652824b87f68dd6776c80ff55fbb4d2c843bc0c222985e4bd939ff9083a4b,16,0.2,4,1538871746477,Entertainment,1.2800000000000002,0.485
BG6Kp2gS222WZqwdw,0e7652824b87f68dd6776c80ff55fbb4d2c843bc0c222985e4bd939ff9083a4b,17,0,4,1538871746478,Entertainment,0,0.335
amrGHd3KXDPN8yqMn,0e7652824b87f68dd6776c80ff55fbb4d2c843bc0c222985e4bd939ff9083a4b,18,0.05,4,1538871746480,Entertainment,0.005000000000000001,0.28
ayQNMayYa64vPGAQF,51f9a5c890e7c2f36e6cc39bb404035957f234c696dab13bc59df575e30e8ec8,1,0.52,4,1538873450874,Sports,0.4608,0.695
5doHvBQzQEvpDnmNn,51f9a5c890e7c2f36e6cc39bb404035957f234c696dab13bc59df575e30e8ec8,2,0.46,4,1538873450876,Sports,0.4232,0.61
whjppuToedBNJak35,51f9a5c890e7c2f36e6cc39bb404035957f234c696dab13bc59df575e30e8ec8,3,0.2,4,1538873450876,Sports,0.08000000000000002,0.395
xyAaQXmtHehQbGAQC,51f9a5c890e7c2f36e6cc39bb404035957f234c696dab13bc59df575e30e8ec8,4,0.5,4,1538873450876,Sports,0.5,0.645
MaWhr258FqBzo2TCh,51f9a5c890e7c2f36e6cc39bb404035957f234c696dab13bc59df575e30e8ec8,5,0.68,4,1538873450876,Sports,0.9248000000000002,0.545
xFNsWjLd4HQ9NDTJj,51f9a5c890e7c2f36e6cc39bb404035957f234c696dab13bc59df575e30e8ec8,6,0.5,4,1538873450876,Sports,0.5,0.58
Ev8waGSepG9FCw4Qn,51f9a5c890e7c2f36e6cc39bb404035957f234c696dab13bc59df575e30e8ec8,7,0.7,4,1538873575753,Politics,0.9799999999999999,0.63
h5qnee4maxRDozFnD,51f9a5c890e7c2f36e6cc39bb404035957f234c696dab13bc59df575e30e8ec8,8,0.6,4,1538873575753,Politics,0.32000000000000006,0.57
KYeA9krLnBQ6pztZW,51f9a5c890e7c2f36e6cc39bb404035957f234c696dab13bc59df575e30e8ec8,9,0.5,4,1538873575753,Politics,0.5,0.59
ZgNznb9ZNbGJFWFQF,51f9a5c890e7c2f36e6cc39bb404035957f234c696dab13bc59df575e30e8ec8,10,0.05,4,1538873575754,Politics,0.005000000000000001,0.355
sespzeT93TLDpeSZm,51f9a5c890e7c2f36e6cc39bb404035957f234c696dab13bc59df575e30e8ec8,11,0.14,4,1538873575754,Politics,0.039200000000000006,0.495
7LTYsuN453SnYBEc5,51f9a5c890e7c2f36e6cc39bb404035957f234c696dab13bc59df575e30e8ec8,12,0.04,4,1538873575754,Politics,0.0032,0.42
w6S9JPQeELFpJG3vz,51f9a5c890e7c2f36e6cc39bb404035957f234c696dab13bc59df575e30e8ec8,13,0.06,4,1538873755087,Entertainment,0.0072,0.27
NzZiFhm8TDjKochyC,51f9a5c890e7c2f36e6cc39bb404035957f234c696dab13bc59df575e30e8ec8,14,0.7,4,1538873755087,Entertainment,0.18000000000000005,0.58
2ACHqEht9d7gK3zWe,51f9a5c890e7c2f36e6cc39bb404035957f234c696dab13bc59df575e30e8ec8,15,0.59,4,1538873755088,Entertainment,0.6961999999999999,0.64
gfKPywbm3pB9eoJ8m,51f9a5c890e7c2f36e6cc39bb404035957f234c696dab13bc59df575e30e8ec8,16,0.44,4,1538873755089,Entertainment,0.6272000000000001,0.6
8fSbXmvwvpgKAL63R,51f9a5c890e7c2f36e6cc39bb404035957f234c696dab13bc59df575e30e8ec8,17,0.2,4,1538873755089,Entertainment,0.08000000000000002,0.41
LBWfR4dpi7QxSXQ4d,51f9a5c890e7c2f36e6cc39bb404035957f234c696dab13bc59df575e30e8ec8,18,0.31,4,1538873755089,Entertainment,0.1922,0.695
vbDXsvECiYvJqppo6,e06bb608bd7aa63957500d60c0979b0d88fd5b034fe27df6bc0d357aaf5da95c,1,0.64,4,1538874002500,Sports,0.2592,0.64
KQ8LjcvyDyGCN3Ng9,e06bb608bd7aa63957500d60c0979b0d88fd5b034fe27df6bc0d357aaf5da95c,2,0.39,4,1538874002502,Sports,0.3042,0.65
JmBbn7cBJM9KKzpoQ,e06bb608bd7aa63957500d60c0979b0d88fd5b034fe27df6bc0d357aaf5da95c,3,0.09,4,1538874002504,Sports,0.0162,0.32
Tem3gzt8D2AFFrXrL,e06bb608bd7aa63957500d60c0979b0d88fd5b034fe27df6bc0d357aaf5da95c,4,0.62,4,1538874002506,Sports,0.2888,0.625
tdxngbk3GSrFSEbxq,e06bb608bd7aa63957500d60c0979b0d88fd5b034fe27df6bc0d357aaf5da95c,5,0.55,4,1538874002508,Sports,0.6050000000000001,0.575
gBd7iPN9oxzhuEJkY,e06bb608bd7aa63957500d60c0979b0d88fd5b034fe27df6bc0d357aaf5da95c,6,0.61,4,1538874002509,Sports,0.7442,0.56
xp2TBvLQns5cpRuNh,e06bb608bd7aa63957500d60c0979b0d88fd5b034fe27df6bc0d357aaf5da95c,7,0.2,4,1538874040627,Politics,0.08000000000000002,0.405
dkmEzxXZWs3jeFCNX,e06bb608bd7aa63957500d60c0979b0d88fd5b034fe27df6bc0d357aaf5da95c,8,0.32,4,1538874040628,Politics,0.9247999999999998,0.7
gA8q2k2uHKaYZwZok,e06bb608bd7aa63957500d60c0979b0d88fd5b034fe27df6bc0d357aaf5da95c,9,0.24,4,1538874040630,Politics,0.1152,0.465
F8vLcmRGm69g9ytgn,e06bb608bd7aa63957500d60c0979b0d88fd5b034fe27df6bc0d357aaf5da95c,10,0.59,4,1538874040630,Politics,0.6961999999999999,0.495
5uxEBTNCMeRZhqAdM,e06bb608bd7aa63957500d60c0979b0d88fd5b034fe27df6bc0d357aaf5da95c,11,0.17,4,1538874040632,Politics,0.05780000000000001,0.55
oJW2TX2f2Zchab5gF,e06bb608bd7aa63957500d60c0979b0d88fd5b034fe27df6bc0d357aaf5da95c,12,0.01,4,1538874040634,Politics,2e-4,0.49
AFHY2FWMQYtMA6GBW,e06bb608bd7aa63957500d60c0979b0d88fd5b034fe27df6bc0d357aaf5da95c,13,0.41,4,1538874079245,Entertainment,0.33619999999999994,0.63
D5geAzdKW4DKsYhJ8,e06bb608bd7aa63957500d60c0979b0d88fd5b034fe27df6bc0d357aaf5da95c,14,0.69,4,1538874079246,Entertainment,0.19220000000000007,0.635
rYbk3p7Jh99SrMYCJ,e06bb608bd7aa63957500d60c0979b0d88fd5b034fe27df6bc0d357aaf5da95c,15,0.09,4,1538874079248,Entertainment,0.0162,0.29
zLnCWPWJt92RYq98L,e06bb608bd7aa63957500d60c0979b0d88fd5b034fe27df6bc0d357aaf5da95c,16,0.15,4,1538874079248,Entertainment,1.4449999999999998,0.37
yjqH5z8BD9v7hRa5q,e06bb608bd7aa63957500d60c0979b0d88fd5b034fe27df6bc0d357aaf5da95c,17,0.62,4,1538874079250,Entertainment,0.7688,0.63
H5kyifsuoTLWwFxdW,e06bb608bd7aa63957500d60c0979b0d88fd5b034fe27df6bc0d357aaf5da95c,18,0.1,4,1538874079251,Entertainment,0.020000000000000004,0.35
m3nX97CJuostkPnW7,5de581cfd4f388be5eaa63c413f7acc3572775248e0894a0dc73f68dca0e6333,1,0.6,4,1538874958713,Sports,0.32000000000000006,0.565
4E4sMAxAxhRNhXruW,5de581cfd4f388be5eaa63c413f7acc3572775248e0894a0dc73f68dca0e6333,2,0.39,4,1538874958714,Sports,0.3042,0.645
CE6Ef3xw7YvvZwSSh,5de581cfd4f388be5eaa63c413f7acc3572775248e0894a0dc73f68dca0e6333,3,0.13,4,1538874958715,Sports,0.033800000000000004,0.375
xi4YbwqXGtzZQd4ZW,5de581cfd4f388be5eaa63c413f7acc3572775248e0894a0dc73f68dca0e6333,4,0.27,4,1538874958715,Sports,1.0657999999999999,0.385
5hSCeTXu3h5KFqLKk,5de581cfd4f388be5eaa63c413f7acc3572775248e0894a0dc73f68dca0e6333,5,0.65,4,1538874958715,Sports,0.8450000000000001,0.52
8LjhMnYk62BqhK23z,5de581cfd4f388be5eaa63c413f7acc3572775248e0894a0dc73f68dca0e6333,6,0.54,4,1538874958716,Sports,0.5832,0.61
3FyaukqsB65rxw3j9,5de581cfd4f388be5eaa63c413f7acc3572775248e0894a0dc73f68dca0e6333,7,0.48,4,1538874962293,Politics,0.4608,0.64
tCJjkPnrNJdvDwhHX,5de581cfd4f388be5eaa63c413f7acc3572775248e0894a0dc73f68dca0e6333,8,0.46,4,1538874962294,Politics,0.5832,0.6
wT7R8jSQcSmRtG8p4,5de581cfd4f388be5eaa63c413f7acc3572775248e0894a0dc73f68dca0e6333,9,0.61,4,1538874962294,Politics,0.7442,0.495
TiChGQ3nRgwHJeYKR,5de581cfd4f388be5eaa63c413f7acc3572775248e0894a0dc73f68dca0e6333,10,0.73,4,1538874962295,Politics,1.0657999999999999,0.345
pLDfJ8DZsZ4pzA9bz,5de581cfd4f388be5eaa63c413f7acc3572775248e0894a0dc73f68dca0e6333,11,0.17,4,1538874962295,Politics,0.05780000000000001,0.475
nLGBEuy93Q9MXJQqy,5de581cfd4f388be5eaa63c413f7acc3572775248e0894a0dc73f68dca0e6333,12,0.72,4,1538874962295,Politics,1.0368,0.445
QiALsyGgzukzEJEEv,5de581cfd4f388be5eaa63c413f7acc3572775248e0894a0dc73f68dca0e6333,13,0.65,4,1538874965209,Entertainment,0.8450000000000001,0.5
QJPBFH6zXQ39ABGEH,5de581cfd4f388be5eaa63c413f7acc3572775248e0894a0dc73f68dca0e6333,14,0.38,4,1538874965210,Entertainment,0.7688,0.625
oZwwEd6hWvkKfZPtX,5de581cfd4f388be5eaa63c413f7acc3572775248e0894a0dc73f68dca0e6333,15,0.29,4,1538874965210,Entertainment,0.1682,0.415
WEHBR9qBeqEX5a3iD,5de581cfd4f388be5eaa63c413f7acc3572775248e0894a0dc73f68dca0e6333,16,0.62,4,1538874965212,Entertainment,0.2888,0.54
C8W7yR334vDfANvKq,5de581cfd4f388be5eaa63c413f7acc3572775248e0894a0dc73f68dca0e6333,17,0.67,4,1538874965212,Entertainment,0.8978000000000002,0.5
3SkwMxg8wFezbH3yc,5de581cfd4f388be5eaa63c413f7acc3572775248e0894a0dc73f68dca0e6333,18,0.38,4,1538874965212,Entertainment,0.2888,0.64
tBhGxXFnMsesLNmWD,68498fb697219bb019876817fa35ef56ccebbdb76bc8155a90fa04712be85e9f,1,0.9,4,1538875288583,Sports,0.01999999999999999,0.56
NrAvv9fr8cBW2qZhR,68498fb697219bb019876817fa35ef56ccebbdb76bc8155a90fa04712be85e9f,2,1,4,1538875288584,Sports,2,0.54
YAyd3Hw4driQX7koH,68498fb697219bb019876817fa35ef56ccebbdb76bc8155a90fa04712be85e9f,3,0,4,1538875288585,Sports,0,0.32
WeSXDr8w5kJT4MtzK,68498fb697219bb019876817fa35ef56ccebbdb76bc8155a90fa04712be85e9f,4,0.68,4,1538875288585,Sports,0.20479999999999993,0.65
yrqdK8MTJLpa57Pvx,68498fb697219bb019876817fa35ef56ccebbdb76bc8155a90fa04712be85e9f,5,0,4,1538875288586,Sports,0,0.235
n4o884N5cNtYgmrfr,68498fb697219bb019876817fa35ef56ccebbdb76bc8155a90fa04712be85e9f,6,0.8,4,1538875288586,Sports,1.2800000000000002,0.555
tDrzQKcNijF2dwu8t,68498fb697219bb019876817fa35ef56ccebbdb76bc8155a90fa04712be85e9f,7,0.5,4,1538875400204,Politics,0.5,0.6
GtekSvy32FwC9zJy2,68498fb697219bb019876817fa35ef56ccebbdb76bc8155a90fa04712be85e9f,8,0.71,4,1538875400205,Politics,0.16820000000000004,0.545
Jhk8qFKhshKfNZCg5,68498fb697219bb019876817fa35ef56ccebbdb76bc8155a90fa04712be85e9f,9,0.78,4,1538875400206,Politics,1.2168,0.43
KhHeNMroxhmzrohkc,68498fb697219bb019876817fa35ef56ccebbdb76bc8155a90fa04712be85e9f,10,0.24,4,1538875400206,Politics,0.1152,0.415
XA3yKFREN727LMBbX,68498fb697219bb019876817fa35ef56ccebbdb76bc8155a90fa04712be85e9f,11,0.24,4,1538875400206,Politics,0.1152,0.47
DkqHvMSqwRpK3tzYT,68498fb697219bb019876817fa35ef56ccebbdb76bc8155a90fa04712be85e9f,12,0.5,4,1538875400207,Politics,0.5,0.42
A6ALdZWR54Y24ZyXi,68498fb697219bb019876817fa35ef56ccebbdb76bc8155a90fa04712be85e9f,13,0.72,4,1538875439032,Entertainment,1.0368,0.585
QddA2AdkkKJH2me9w,68498fb697219bb019876817fa35ef56ccebbdb76bc8155a90fa04712be85e9f,14,1,4,1538875439033,Entertainment,0,0.64
apY2R5Bzx2h4k9i2p,68498fb697219bb019876817fa35ef56ccebbdb76bc8155a90fa04712be85e9f,15,0.69,4,1538875439033,Entertainment,0.9521999999999998,0.51
cJMawynkoB2g8CxCK,68498fb697219bb019876817fa35ef56ccebbdb76bc8155a90fa04712be85e9f,16,0.45,4,1538875439034,Entertainment,0.6050000000000001,0.575
nhmFLG455ipxyD94A,68498fb697219bb019876817fa35ef56ccebbdb76bc8155a90fa04712be85e9f,17,0.74,4,1538875439034,Entertainment,1.0952,0.56
p5wFJHC6RYaCkR6Nz,68498fb697219bb019876817fa35ef56ccebbdb76bc8155a90fa04712be85e9f,18,0.35,4,1538875439035,Entertainment,0.24499999999999997,0.65
b2FQZh47uLgeqDaaA,cc02288274b06ec21cc062440c6e30e52a793e4fe445d854407fea7ed3c4cb87,1,0.69,4,1538875882705,Sports,0.19220000000000007,0.585
6fair8PTMEB2Z3h2F,cc02288274b06ec21cc062440c6e30e52a793e4fe445d854407fea7ed3c4cb87,2,0.19,4,1538875882707,Sports,0.0722,0.28
3ZzpKdpMyLLpqp4n9,cc02288274b06ec21cc062440c6e30e52a793e4fe445d854407fea7ed3c4cb87,3,0.66,4,1538875882708,Sports,0.8712000000000001,0.495
HoFEQ9Eysdpy4bK6D,cc02288274b06ec21cc062440c6e30e52a793e4fe445d854407fea7ed3c4cb87,4,0.78,4,1538875882709,Sports,0.09679999999999998,0.64
SionWNGAjf6c6ytbv,cc02288274b06ec21cc062440c6e30e52a793e4fe445d854407fea7ed3c4cb87,5,0.21,4,1538875882709,Sports,0.08819999999999999,0.505
iHxNJbHdGmsFPDh5p,cc02288274b06ec21cc062440c6e30e52a793e4fe445d854407fea7ed3c4cb87,6,0.24,4,1538875882712,Sports,0.1152,0.45
BawEKnrEJNjDXRFBW,cc02288274b06ec21cc062440c6e30e52a793e4fe445d854407fea7ed3c4cb87,7,0.48,4,1538876276682,Politics,0.4608,0.65
uD3RNjA9mD3Wrm4aL,cc02288274b06ec21cc062440c6e30e52a793e4fe445d854407fea7ed3c4cb87,8,0.46,4,1538876276686,Politics,0.5832,0.605
KzPHhx6kKbSEbE6sy,cc02288274b06ec21cc062440c6e30e52a793e4fe445d854407fea7ed3c4cb87,9,0.47,4,1538876276687,Politics,0.44179999999999997,0.61
LKdjYRQDwpGCZEogy,cc02288274b06ec21cc062440c6e30e52a793e4fe445d854407fea7ed3c4cb87,10,0,4,1538876276687,Politics,0,0.31
cm7dG4bfgmxvL4EJF,cc02288274b06ec21cc062440c6e30e52a793e4fe445d854407fea7ed3c4cb87,11,0.83,4,1538876276688,Politics,1.3778,0.485
mFBJv33qpvQ6s6yJd,cc02288274b06ec21cc062440c6e30e52a793e4fe445d854407fea7ed3c4cb87,12,0,4,1538876276689,Politics,0,0.405
thhoezPjnYCxqXSyb,cc02288274b06ec21cc062440c6e30e52a793e4fe445d854407fea7ed3c4cb87,13,0.76,4,1538876330415,Entertainment,1.1552,0.56
Kq3N9JAcJxBT3y9rz,cc02288274b06ec21cc062440c6e30e52a793e4fe445d854407fea7ed3c4cb87,14,0.51,4,1538876330416,Entertainment,0.48019999999999996,0.605
noRDH6kJ8Wm2gLM45,cc02288274b06ec21cc062440c6e30e52a793e4fe445d854407fea7ed3c4cb87,15,0.72,4,1538876330416,Entertainment,1.0368,0.53
WijhSv99F9wNheDM2,cc02288274b06ec21cc062440c6e30e52a793e4fe445d854407fea7ed3c4cb87,16,0.42,4,1538876330417,Entertainment,0.6728000000000002,0.51
dhLd5u3Z4SyoEEBrr,cc02288274b06ec21cc062440c6e30e52a793e4fe445d854407fea7ed3c4cb87,17,0.41,4,1538876330418,Entertainment,0.33619999999999994,0.59
so5uDZSwirztqKuPd,cc02288274b06ec21cc062440c6e30e52a793e4fe445d854407fea7ed3c4cb87,18,0.24,4,1538876330418,Entertainment,0.1152,0.515
r5Wvuugs8NaGxvFZ6,e8024b570fb17580b40ab529deb9b2bc8b64cbffb3ef8db3134ff40b57e72e95,1,0.72,4,1538876654350,Sports,0.15680000000000002,0.635
sQtLXvtPZvfv2JiAn,e8024b570fb17580b40ab529deb9b2bc8b64cbffb3ef8db3134ff40b57e72e95,2,0.89,4,1538876654352,Sports,1.5842,0.605
Hv4NRz4p7NcyAbiYt,e8024b570fb17580b40ab529deb9b2bc8b64cbffb3ef8db3134ff40b57e72e95,3,0.12,4,1538876654354,Sports,0.0288,0.455
5tW4z6SKcT2KPYrST,e8024b570fb17580b40ab529deb9b2bc8b64cbffb3ef8db3134ff40b57e72e95,4,0.6,4,1538876654355,Sports,0.32000000000000006,0.59
DWXd5oSoquemNRAgf,e8024b570fb17580b40ab529deb9b2bc8b64cbffb3ef8db3134ff40b57e72e95,5,0.15,4,1538876654356,Sports,0.045,0.405
RXyKpY2gxaNT2t4Y6,e8024b570fb17580b40ab529deb9b2bc8b64cbffb3ef8db3134ff40b57e72e95,6,0.5,4,1538876654357,Sports,0.5,0.6
Ta4hQ8S6RcARhwbTj,e8024b570fb17580b40ab529deb9b2bc8b64cbffb3ef8db3134ff40b57e72e95,7,0.22,4,1538876755912,Politics,0.0968,0.385
DQR6dxqWQuamJuMCT,e8024b570fb17580b40ab529deb9b2bc8b64cbffb3ef8db3134ff40b57e72e95,8,0.33,4,1538876755915,Politics,0.8977999999999998,0.67
t29jvtTw7GNofmBzH,e8024b570fb17580b40ab529deb9b2bc8b64cbffb3ef8db3134ff40b57e72e95,9,0.24,4,1538876755916,Politics,0.1152,0.47
ADCFzpADTHAPN6JXF,e8024b570fb17580b40ab529deb9b2bc8b64cbffb3ef8db3134ff40b57e72e95,10,0.11,4,1538876755917,Politics,0.0242,0.56
coAiEne8dXBZQ83NS,e8024b570fb17580b40ab529deb9b2bc8b64cbffb3ef8db3134ff40b57e72e95,11,0.36,4,1538876755921,Politics,0.2592,0.6
eZNjwndzC8XsEy2oo,e8024b570fb17580b40ab529deb9b2bc8b64cbffb3ef8db3134ff40b57e72e95,12,0.28,4,1538876755921,Politics,0.15680000000000002,0.48
2ERECvgShEaZtaJcz,d6e6538a6c701cdea01ac85a1ff373cc07f12775a9f2f4527c22282de90aae1c,1,0.72,4,1538876789568,Sports,0.15680000000000002,0.58
wP6pYjC2T7wPegdvt,d6e6538a6c701cdea01ac85a1ff373cc07f12775a9f2f4527c22282de90aae1c,2,0.19,4,1538876789569,Sports,0.0722,0.305
uvsjxEX8sehxrj5wT,d6e6538a6c701cdea01ac85a1ff373cc07f12775a9f2f4527c22282de90aae1c,3,0.8,4,1538876789570,Sports,1.2800000000000002,0.5
An8GgCaYrwwkShx9j,d6e6538a6c701cdea01ac85a1ff373cc07f12775a9f2f4527c22282de90aae1c,4,0.84,4,1538876789570,Sports,0.05120000000000002,0.605
mpqg5JPvoDsSnyqz4,d6e6538a6c701cdea01ac85a1ff373cc07f12775a9f2f4527c22282de90aae1c,5,0.78,4,1538876789570,Sports,1.2168,0.515
abmfAr2KxFo9JBuxW,d6e6538a6c701cdea01ac85a1ff373cc07f12775a9f2f4527c22282de90aae1c,6,0.32,4,1538876789571,Sports,0.2048,0.65
G8CbpidyvXpGNXAE9,e8024b570fb17580b40ab529deb9b2bc8b64cbffb3ef8db3134ff40b57e72e95,13,0.86,4,1538876804629,Entertainment,1.4791999999999998,0.555
7HML6wrT9bkwdDbe3,e8024b570fb17580b40ab529deb9b2bc8b64cbffb3ef8db3134ff40b57e72e95,14,0.34,4,1538876804630,Entertainment,0.8711999999999998,0.66
oarEkZTTGdPLtCWgW,e8024b570fb17580b40ab529deb9b2bc8b64cbffb3ef8db3134ff40b57e72e95,15,0.29,4,1538876804631,Entertainment,0.1682,0.39
xXHSxATwqTmw8Sxgk,e8024b570fb17580b40ab529deb9b2bc8b64cbffb3ef8db3134ff40b57e72e95,16,0.64,4,1538876804632,Entertainment,0.2592,0.57
5G72ffRoawDpRy2gT,e8024b570fb17580b40ab529deb9b2bc8b64cbffb3ef8db3134ff40b57e72e95,17,0.28,4,1538876804632,Entertainment,0.15680000000000002,0.42
Fxr5sYoGfKSJya3BB,e8024b570fb17580b40ab529deb9b2bc8b64cbffb3ef8db3134ff40b57e72e95,18,0.49,4,1538876804633,Entertainment,0.48019999999999996,0.645
YuMWA32PXzkQj3jxN,d6e6538a6c701cdea01ac85a1ff373cc07f12775a9f2f4527c22282de90aae1c,7,0.64,4,1538876904820,Politics,0.8192,0.64
KRP4gNKSBsPegksf8,d6e6538a6c701cdea01ac85a1ff373cc07f12775a9f2f4527c22282de90aae1c,8,0.26,4,1538876904820,Politics,1.0952,0.495
p6x7FKnyjGy54MSRc,d6e6538a6c701cdea01ac85a1ff373cc07f12775a9f2f4527c22282de90aae1c,9,0.62,4,1538876904821,Politics,0.7688,0.52
hLnwRPcNWcKB9hLHs,d6e6538a6c701cdea01ac85a1ff373cc07f12775a9f2f4527c22282de90aae1c,10,0.13,4,1538876904821,Politics,0.033800000000000004,0.52
XvLbnmKLKca8k2Pg8,d6e6538a6c701cdea01ac85a1ff373cc07f12775a9f2f4527c22282de90aae1c,11,0.27,4,1538876904821,Politics,0.1458,0.565
kGLws9yhPNKNDEWCw,d6e6538a6c701cdea01ac85a1ff373cc07f12775a9f2f4527c22282de90aae1c,12,0.28,4,1538876904821,Politics,0.15680000000000002,0.375
2A4gDtLKx239GDbsW,d6e6538a6c701cdea01ac85a1ff373cc07f12775a9f2f4527c22282de90aae1c,13,0.75,4,1538877115514,Entertainment,1.125,0.525
BRnwoXcLfegSnfQWs,d6e6538a6c701cdea01ac85a1ff373cc07f12775a9f2f4527c22282de90aae1c,14,1,4,1538877115514,Entertainment,0,0.525
h8TDtNKtCeGwipdCs,d6e6538a6c701cdea01ac85a1ff373cc07f12775a9f2f4527c22282de90aae1c,15,0.7,4,1538877115514,Entertainment,0.9799999999999999,0.525
mqeTWA7MfCpcJ8PCK,d6e6538a6c701cdea01ac85a1ff373cc07f12775a9f2f4527c22282de90aae1c,16,0.63,4,1538877115514,Entertainment,0.2738,0.53
QeMNzHz8y8nnHKyRo,d6e6538a6c701cdea01ac85a1ff373cc07f12775a9f2f4527c22282de90aae1c,17,0.66,4,1538877115514,Entertainment,0.8712000000000001,0.445
jeG2u4YSiszX38KcP,d6e6538a6c701cdea01ac85a1ff373cc07f12775a9f2f4527c22282de90aae1c,18,0.33,4,1538877115515,Entertainment,0.21780000000000002,0.61
T2g9Kyb2q562cFb88,88d0d8f2ed0e9ac1bd577ff232ef8e3967479c908a4774ea409eb19934a8e216,1,0.6,4,1538885131914,Sports,0.32000000000000006,0.575
n9sTpxaFJPbqodjsE,88d0d8f2ed0e9ac1bd577ff232ef8e3967479c908a4774ea409eb19934a8e216,2,0.6,4,1538885131916,Sports,0.72,0.57
DWatDyfKFDdQFeDfD,88d0d8f2ed0e9ac1bd577ff232ef8e3967479c908a4774ea409eb19934a8e216,3,0.6,4,1538885131917,Sports,0.72,0.515
dZiLznBWLCaLezkBL,88d0d8f2ed0e9ac1bd577ff232ef8e3967479c908a4774ea409eb19934a8e216,4,0.6,4,1538885131917,Sports,0.32000000000000006,0.63
fTonoiTWfuKXhEfJY,88d0d8f2ed0e9ac1bd577ff232ef8e3967479c908a4774ea409eb19934a8e216,5,0.6,4,1538885131918,Sports,0.72,0.5
gqEzqQiQiRv4SBRvQ,88d0d8f2ed0e9ac1bd577ff232ef8e3967479c908a4774ea409eb19934a8e216,6,0.6,4,1538885131918,Sports,0.72,0.545
yJ8sk5md4qeyMH6ia,88d0d8f2ed0e9ac1bd577ff232ef8e3967479c908a4774ea409eb19934a8e216,7,0.6,4,1538885183637,Politics,0.72,0.595
wPt8wwFKH4JKhph4K,88d0d8f2ed0e9ac1bd577ff232ef8e3967479c908a4774ea409eb19934a8e216,8,0.6,4,1538885183641,Politics,0.32000000000000006,0.64
es3FdmaA4Spoq7DKP,88d0d8f2ed0e9ac1bd577ff232ef8e3967479c908a4774ea409eb19934a8e216,9,0.3,4,1538885183641,Politics,0.18,0.635
4RJDMELgQnp8dYGno,88d0d8f2ed0e9ac1bd577ff232ef8e3967479c908a4774ea409eb19934a8e216,10,0.2,4,1538885183641,Politics,0.08000000000000002,0.415
LyCiHzKrN82QqqpvP,88d0d8f2ed0e9ac1bd577ff232ef8e3967479c908a4774ea409eb19934a8e216,11,0.2,4,1538885183641,Politics,0.08000000000000002,0.485
wFBvWA4CDzL7dtYmY,88d0d8f2ed0e9ac1bd577ff232ef8e3967479c908a4774ea409eb19934a8e216,12,0.1,4,1538885183642,Politics,0.020000000000000004,0.55
Wyq5fPofQT7JFyPFz,88d0d8f2ed0e9ac1bd577ff232ef8e3967479c908a4774ea409eb19934a8e216,13,0.9,4,1538886435132,Entertainment,1.62,0.57
ZTHGWe9JjdwK855N4,88d0d8f2ed0e9ac1bd577ff232ef8e3967479c908a4774ea409eb19934a8e216,14,0.9,4,1538886435136,Entertainment,0.01999999999999999,0.555
Qn23BxfGDyFwDzgiW,88d0d8f2ed0e9ac1bd577ff232ef8e3967479c908a4774ea409eb19934a8e216,15,0.1,4,1538886435137,Entertainment,0.020000000000000004,0.365
caDTvCtRWavegT9wE,88d0d8f2ed0e9ac1bd577ff232ef8e3967479c908a4774ea409eb19934a8e216,16,0.6,4,1538886435137,Entertainment,0.32000000000000006,0.555
BPjcExvzqFyi7wQRa,88d0d8f2ed0e9ac1bd577ff232ef8e3967479c908a4774ea409eb19934a8e216,17,0.5,4,1538886435138,Entertainment,0.5,0.61
d8KMPhnhrfSacqJ2B,88d0d8f2ed0e9ac1bd577ff232ef8e3967479c908a4774ea409eb19934a8e216,18,0.4,4,1538886435138,Entertainment,0.32000000000000006,0.625
G93Xo4eskdfp3R7bn,d6d110238e29ad36fc9ce7ebbaffccd92c9c97315a838c732b348beb5ed9340d,1,0.82,4,1538889092852,Sports,0.06480000000000004,0.575
f6MbPRqkBrRBXgHoN,d6d110238e29ad36fc9ce7ebbaffccd92c9c97315a838c732b348beb5ed9340d,2,0.95,4,1538889092857,Sports,1.805,0.56
5QE5h2vRRGGDm9rcf,d6d110238e29ad36fc9ce7ebbaffccd92c9c97315a838c732b348beb5ed9340d,3,0.86,4,1538889092861,Sports,1.4791999999999998,0.445
GygqFb6b2jvEbbg6M,d6d110238e29ad36fc9ce7ebbaffccd92c9c97315a838c732b348beb5ed9340d,4,0.97,4,1538889092866,Sports,0.0018000000000000032,0.575
CHtdFKq78gGdGgtHG,d6d110238e29ad36fc9ce7ebbaffccd92c9c97315a838c732b348beb5ed9340d,5,0.96,4,1538889092869,Sports,1.8432,0.53
oe3uRtqFHFkb3q6EF,d6d110238e29ad36fc9ce7ebbaffccd92c9c97315a838c732b348beb5ed9340d,6,1,4,1538889092871,Sports,2,0.55
wiPXHLEu8HxLQFjPv,d6d110238e29ad36fc9ce7ebbaffccd92c9c97315a838c732b348beb5ed9340d,7,0.25,4,1538889185795,Politics,0.125,0.335
giGMpzTigZTaRNjQT,d6d110238e29ad36fc9ce7ebbaffccd92c9c97315a838c732b348beb5ed9340d,8,0.17,4,1538889185801,Politics,1.3778,0.35
BuqfsyD3yCeFwWgpc,d6d110238e29ad36fc9ce7ebbaffccd92c9c97315a838c732b348beb5ed9340d,9,0.86,4,1538889185805,Politics,1.4791999999999998,0.46
zbNK2f3LgiGSzCytz,d6d110238e29ad36fc9ce7ebbaffccd92c9c97315a838c732b348beb5ed9340d,10,0.97,4,1538889185817,Politics,1.8818,0.34
24GxHmJuLKhC48LFd,d6d110238e29ad36fc9ce7ebbaffccd92c9c97315a838c732b348beb5ed9340d,11,0.96,4,1538889185821,Politics,1.8432,0.5
NjPffBomyjgvEFqr3,d6d110238e29ad36fc9ce7ebbaffccd92c9c97315a838c732b348beb5ed9340d,12,0.9,4,1538889185824,Politics,1.62,0.42
HNayAM8kN2wWar6CW,d6d110238e29ad36fc9ce7ebbaffccd92c9c97315a838c732b348beb5ed9340d,13,0.39,4,1538889261804,Entertainment,0.3042,0.63
FHsDRiNCFwp3oLEJG,d6d110238e29ad36fc9ce7ebbaffccd92c9c97315a838c732b348beb5ed9340d,14,0.17,4,1538889261807,Entertainment,1.3778,0.285
sma3TTWW7JaRRXmby,d6d110238e29ad36fc9ce7ebbaffccd92c9c97315a838c732b348beb5ed9340d,15,1,4,1538889261809,Entertainment,2,0.515
cfS8SovTpkrqtPzLX,d6d110238e29ad36fc9ce7ebbaffccd92c9c97315a838c732b348beb5ed9340d,16,0.88,4,1538889261812,Entertainment,0.0288,0.52
dJzMZAMNjkYFkZ85X,d6d110238e29ad36fc9ce7ebbaffccd92c9c97315a838c732b348beb5ed9340d,17,0.98,4,1538889261815,Entertainment,1.9207999999999998,0.525
PkJ3Wyp4eNPCpJfqo,d6d110238e29ad36fc9ce7ebbaffccd92c9c97315a838c732b348beb5ed9340d,18,0.9,4,1538889261816,Entertainment,1.62,0.465
gmGkouJJouEMQ5x3R,3744de1941417f35bea432d04a0a53d98d179f95cbe785982684d83954487c9b,1,0.6,4,1538891151301,Sports,0.32000000000000006,0.58
RgJ8RzMKC675MWacC,3744de1941417f35bea432d04a0a53d98d179f95cbe785982684d83954487c9b,2,0.14,4,1538891151302,Sports,0.039200000000000006,0.32
sNy5Pb2Jp5o6nJPjx,3744de1941417f35bea432d04a0a53d98d179f95cbe785982684d83954487c9b,3,0.7,4,1538891151303,Sports,0.9799999999999999,0.415
X2C54an9LBFhb7KJe,3744de1941417f35bea432d04a0a53d98d179f95cbe785982684d83954487c9b,4,0.42,4,1538891151303,Sports,0.6728000000000002,0.67
oAhoX7TkorGG9GDox,3744de1941417f35bea432d04a0a53d98d179f95cbe785982684d83954487c9b,5,0.78,4,1538891151303,Sports,1.2168,0.525
GGiJnQ9vyQGsHEJ9m,3744de1941417f35bea432d04a0a53d98d179f95cbe785982684d83954487c9b,6,0.12,4,1538891151303,Sports,0.0288,0.415
3j86EQZek7AfSHPoa,3744de1941417f35bea432d04a0a53d98d179f95cbe785982684d83954487c9b,7,0.45,4,1538891153306,Politics,0.405,0.61
nwXbCw3yzqDpH8iKB,3744de1941417f35bea432d04a0a53d98d179f95cbe785982684d83954487c9b,8,0.1,4,1538891153307,Politics,1.62,0.375
NHmtKfiWYA6xmiA8w,3744de1941417f35bea432d04a0a53d98d179f95cbe785982684d83954487c9b,9,0.7,4,1538891153307,Politics,0.9799999999999999,0.545
t8xzCESuAmL8cjgJg,3744de1941417f35bea432d04a0a53d98d179f95cbe785982684d83954487c9b,10,0.7,4,1538891153308,Politics,0.9799999999999999,0.405
BXKQmrAPsKMSFhzz3,3744de1941417f35bea432d04a0a53d98d179f95cbe785982684d83954487c9b,11,0.54,4,1538891153308,Politics,0.5832,0.525
oy3R9SZ2RCYYFDAmi,3744de1941417f35bea432d04a0a53d98d179f95cbe785982684d83954487c9b,12,0.61,4,1538891153308,Politics,0.7442,0.34
hdyoSPJZhbEuqnTKS,3744de1941417f35bea432d04a0a53d98d179f95cbe785982684d83954487c9b,13,0.87,4,1538891155133,Entertainment,1.5138,0.525
vDTNBwrazHABa5Pje,3744de1941417f35bea432d04a0a53d98d179f95cbe785982684d83954487c9b,14,0.07,4,1538891155134,Entertainment,1.7297999999999998,0.22
oDA99fKZmmXYhAZj7,3744de1941417f35bea432d04a0a53d98d179f95cbe785982684d83954487c9b,15,0.42,4,1538891155134,Entertainment,0.35279999999999995,0.595
PQuFPrQseGHkJ6iqF,3744de1941417f35bea432d04a0a53d98d179f95cbe785982684d83954487c9b,16,0.83,4,1538891155134,Entertainment,0.057800000000000025,0.545
ZibJtwSiFE8iSAdBb,3744de1941417f35bea432d04a0a53d98d179f95cbe785982684d83954487c9b,17,0.49,4,1538891155135,Entertainment,0.48019999999999996,0.545
whSwfJfnG9gjw6NmK,3744de1941417f35bea432d04a0a53d98d179f95cbe785982684d83954487c9b,18,0.33,4,1538891155135,Entertainment,0.21780000000000002,0.62
RkXF7i97tM9PJ2zue,40c9495403d7728c389c5170cef6a788809f70ebd1005b59113093825a5f7486,1,0.78,4,1538892615312,Sports,0.09679999999999998,0.6
9cYoCCG4K23i9jFsN,40c9495403d7728c389c5170cef6a788809f70ebd1005b59113093825a5f7486,2,0.16,4,1538892615312,Sports,0.0512,0.33
wh8mW4qLqj4Q855Xz,40c9495403d7728c389c5170cef6a788809f70ebd1005b59113093825a5f7486,3,0.78,4,1538892615313,Sports,1.2168,0.51
LjWRpwkktjQgkBzMa,40c9495403d7728c389c5170cef6a788809f70ebd1005b59113093825a5f7486,4,0.84,4,1538892615313,Sports,0.05120000000000002,0.655
Ru32ZTCeWY9mBXLAi,40c9495403d7728c389c5170cef6a788809f70ebd1005b59113093825a5f7486,5,0.33,4,1538892615314,Sports,0.21780000000000002,0.685
kZd5hmBRAo78CRosx,40c9495403d7728c389c5170cef6a788809f70ebd1005b59113093825a5f7486,6,0.77,4,1538892615315,Sports,1.1858,0.535
x8GXwXytePcJF3qpz,40c9495403d7728c389c5170cef6a788809f70ebd1005b59113093825a5f7486,7,0.97,4,1538892625689,Politics,1.8818,0.65
h4ArJPSwNaEQLLRKJ,40c9495403d7728c389c5170cef6a788809f70ebd1005b59113093825a5f7486,8,0.63,4,1538892625690,Politics,0.2738,0.59
MJDyb2NADNMg328yE,40c9495403d7728c389c5170cef6a788809f70ebd1005b59113093825a5f7486,9,0.93,4,1538892625690,Politics,1.7298000000000002,0.505
EvCHqcJWNaYLwYTsB,40c9495403d7728c389c5170cef6a788809f70ebd1005b59113093825a5f7486,10,0.35,4,1538892625690,Politics,0.24499999999999997,0.615
GFJHMihmhboZLbgoy,40c9495403d7728c389c5170cef6a788809f70ebd1005b59113093825a5f7486,11,0.09,4,1538892625691,Politics,0.0162,0.3
o5d3iaBjxhucoK2b9,40c9495403d7728c389c5170cef6a788809f70ebd1005b59113093825a5f7486,12,0.03,4,1538892625691,Politics,0.0018,0.42
mYpoTdAszewhBGiAe,40c9495403d7728c389c5170cef6a788809f70ebd1005b59113093825a5f7486,13,0.19,4,1538892628859,Entertainment,0.0722,0.41
LmWmKE27oMtSTdccf,40c9495403d7728c389c5170cef6a788809f70ebd1005b59113093825a5f7486,14,1,4,1538892628860,Entertainment,0,0.59
kqkiB4s2zfyEmenGu,40c9495403d7728c389c5170cef6a788809f70ebd1005b59113093825a5f7486,15,0.02,4,1538892628860,Entertainment,8e-4,0.195
6oipeZkPM5Fkz6uym,40c9495403d7728c389c5170cef6a788809f70ebd1005b59113093825a5f7486,16,1,4,1538892628860,Entertainment,0,0.58
7dYxuAAkS8H7eaeGW,40c9495403d7728c389c5170cef6a788809f70ebd1005b59113093825a5f7486,17,0.11,4,1538892628861,Entertainment,0.0242,0.395
CoqeHq84MrcjMvj2d,40c9495403d7728c389c5170cef6a788809f70ebd1005b59113093825a5f7486,18,0.39,4,1538892628861,Entertainment,0.3042,0.73
Zkb5uukDXCqgXSGKk,383f143404dcb71e0c4e6ce56d3a29aeefaf69c9bf944a25b2c68dcb86a97748,1,0.84,4,1538910153920,Sports,0.05120000000000002,0.5
XLBr8N4dnqFyuRbx5,383f143404dcb71e0c4e6ce56d3a29aeefaf69c9bf944a25b2c68dcb86a97748,2,0.61,4,1538910153924,Sports,0.7442,0.56
gsmLHMEuY8tXJeAnx,383f143404dcb71e0c4e6ce56d3a29aeefaf69c9bf944a25b2c68dcb86a97748,3,0.57,4,1538910153926,Sports,0.6497999999999999,0.455
5Mfmyj6jwu5vAFvnE,383f143404dcb71e0c4e6ce56d3a29aeefaf69c9bf944a25b2c68dcb86a97748,4,0.59,4,1538910153927,Sports,0.33620000000000005,0.605
knFXfWSuvTs4NJyEg,383f143404dcb71e0c4e6ce56d3a29aeefaf69c9bf944a25b2c68dcb86a97748,5,0.66,4,1538910153929,Sports,0.8712000000000001,0.45
CEKDYAA4SfcRYeiC5,383f143404dcb71e0c4e6ce56d3a29aeefaf69c9bf944a25b2c68dcb86a97748,6,0.56,4,1538910153933,Sports,0.6272000000000001,0.55
qfMDqPRSiqaA4YPpF,383f143404dcb71e0c4e6ce56d3a29aeefaf69c9bf944a25b2c68dcb86a97748,7,0.32,4,1538910193837,Politics,0.2048,0.63
9DnfvkjpTCJPXyqdp,383f143404dcb71e0c4e6ce56d3a29aeefaf69c9bf944a25b2c68dcb86a97748,8,0.46,4,1538910193839,Politics,0.5832,0.545
rcng4JidAxruLNcPP,383f143404dcb71e0c4e6ce56d3a29aeefaf69c9bf944a25b2c68dcb86a97748,9,0.58,4,1538910193842,Politics,0.6728,0.535
yimz6NrhqySyJPD3y,383f143404dcb71e0c4e6ce56d3a29aeefaf69c9bf944a25b2c68dcb86a97748,10,0.86,4,1538910193843,Politics,1.4791999999999998,0.29
Sbycv5MKFMMgvHkFY,383f143404dcb71e0c4e6ce56d3a29aeefaf69c9bf944a25b2c68dcb86a97748,11,0.42,4,1538910193845,Politics,0.35279999999999995,0.49
LgyJLA9SoRJtGGBfy,383f143404dcb71e0c4e6ce56d3a29aeefaf69c9bf944a25b2c68dcb86a97748,12,0.69,4,1538910193847,Politics,0.9521999999999998,0.295
CwWy9ssBSvpc6rsQw,383f143404dcb71e0c4e6ce56d3a29aeefaf69c9bf944a25b2c68dcb86a97748,13,0.68,4,1538910275854,Entertainment,0.9248000000000002,0.475
Njexx8nwspXBhjovt,383f143404dcb71e0c4e6ce56d3a29aeefaf69c9bf944a25b2c68dcb86a97748,14,0.74,4,1538910275856,Entertainment,0.13520000000000001,0.525
f9Dtcvz2FZkyoipw4,383f143404dcb71e0c4e6ce56d3a29aeefaf69c9bf944a25b2c68dcb86a97748,15,0.8,4,1538910275859,Entertainment,1.2800000000000002,0.44
C75H4fQgE4yeY6QRd,383f143404dcb71e0c4e6ce56d3a29aeefaf69c9bf944a25b2c68dcb86a97748,16,0.77,4,1538910275860,Entertainment,0.10579999999999998,0.495
u7o7rdh6qQPqh4og4,383f143404dcb71e0c4e6ce56d3a29aeefaf69c9bf944a25b2c68dcb86a97748,17,0.66,4,1538910275862,Entertainment,0.8712000000000001,0.45
y9nvH9rE5Cm9rHvwy,383f143404dcb71e0c4e6ce56d3a29aeefaf69c9bf944a25b2c68dcb86a97748,18,0.83,4,1538910275864,Entertainment,1.3778,0.49
J46jfm6tEBSjgoNC5,fd67f1a8e0fe43aca2765b6891234d52e4a60d912b50c335fdbab3f65e49e9a2,1,0.75,4,1538911831024,Sports,0.125,0.535
9eoKDRFGEjQCK6dCD,fd67f1a8e0fe43aca2765b6891234d52e4a60d912b50c335fdbab3f65e49e9a2,2,0.81,4,1538911831025,Sports,1.3122000000000003,0.575
jQTQh3afB9iedLpsa,fd67f1a8e0fe43aca2765b6891234d52e4a60d912b50c335fdbab3f65e49e9a2,3,0.86,4,1538911831026,Sports,1.4791999999999998,0.525
PecdETkvPJjyDHRAx,fd67f1a8e0fe43aca2765b6891234d52e4a60d912b50c335fdbab3f65e49e9a2,4,0.26,4,1538911831027,Sports,1.0952,0.37
8Jzs3x2yxpJBF9uGi,fd67f1a8e0fe43aca2765b6891234d52e4a60d912b50c335fdbab3f65e49e9a2,5,0.77,4,1538911831027,Sports,1.1858,0.43
CX4PBugaBFm959cB8,fd67f1a8e0fe43aca2765b6891234d52e4a60d912b50c335fdbab3f65e49e9a2,6,0.61,4,1538911831028,Sports,0.7442,0.57
XbQfYBM85kJzgBGcY,fd67f1a8e0fe43aca2765b6891234d52e4a60d912b50c335fdbab3f65e49e9a2,7,0.26,4,1538911849145,Politics,0.13520000000000001,0.335
BvjSYmt7E7uhTmHJ9,fd67f1a8e0fe43aca2765b6891234d52e4a60d912b50c335fdbab3f65e49e9a2,8,0.61,4,1538911849145,Politics,0.3042,0.56
Ct4Qi3jh9gpxjKFvM,fd67f1a8e0fe43aca2765b6891234d52e4a60d912b50c335fdbab3f65e49e9a2,9,0.34,4,1538911849146,Politics,0.23120000000000004,0.63
XxsJZTqkCrnZmjvjs,fd67f1a8e0fe43aca2765b6891234d52e4a60d912b50c335fdbab3f65e49e9a2,10,0.3,4,1538911849147,Politics,0.18,0.505
eLpMNaQwYwdCLuonA,fd67f1a8e0fe43aca2765b6891234d52e4a60d912b50c335fdbab3f65e49e9a2,11,0.1,4,1538911849147,Politics,0.020000000000000004,0.425
MbAyLLLjSxiAGP6kX,fd67f1a8e0fe43aca2765b6891234d52e4a60d912b50c335fdbab3f65e49e9a2,12,0.8,4,1538911849148,Politics,1.2800000000000002,0.405
ajF3cDcoyBcKmtwZc,fd67f1a8e0fe43aca2765b6891234d52e4a60d912b50c335fdbab3f65e49e9a2,13,0.9,4,1538911853737,Entertainment,1.62,0.5
HorGagEJTgm6bW9C2,fd67f1a8e0fe43aca2765b6891234d52e4a60d912b50c335fdbab3f65e49e9a2,14,0.29,4,1538911853737,Entertainment,1.0082,0.345
hZAqFbFPEMFjJxadZ,fd67f1a8e0fe43aca2765b6891234d52e4a60d912b50c335fdbab3f65e49e9a2,15,0.31,4,1538911853738,Entertainment,0.1922,0.615
D7yykjRAyAhzNdqB7,fd67f1a8e0fe43aca2765b6891234d52e4a60d912b50c335fdbab3f65e49e9a2,16,0.6,4,1538911853738,Entertainment,0.32000000000000006,0.485
qFeqwZDzvFtQMYpWE,fd67f1a8e0fe43aca2765b6891234d52e4a60d912b50c335fdbab3f65e49e9a2,17,0.35,4,1538911853738,Entertainment,0.24499999999999997,0.59
F7JkFpXATDFews3SS,fd67f1a8e0fe43aca2765b6891234d52e4a60d912b50c335fdbab3f65e49e9a2,18,0.31,4,1538911853739,Entertainment,0.1922,0.615
bQXRRDMbNaNeCDrbs,34eea0c6c52f555e24337530e06c699c39b8b70ad3522e6bf4801a84909db498,1,0.3,4,1538916262762,Sports,0.9799999999999999,0.755
H48HDkJzE3dzxrvda,34eea0c6c52f555e24337530e06c699c39b8b70ad3522e6bf4801a84909db498,2,0,4,1538916262763,Sports,0,0.245
3nrChgywWbpSjMNRD,34eea0c6c52f555e24337530e06c699c39b8b70ad3522e6bf4801a84909db498,3,0.1,4,1538916262763,Sports,0.020000000000000004,0.515
bxvhQjQ83qyMNKz9D,34eea0c6c52f555e24337530e06c699c39b8b70ad3522e6bf4801a84909db498,4,0.89,4,1538916262763,Sports,0.024199999999999996,0.645
NP7guDoffBEn4ASe5,34eea0c6c52f555e24337530e06c699c39b8b70ad3522e6bf4801a84909db498,5,0.2,4,1538916262764,Sports,0.08000000000000002,0.575
XsNuw9RfP28Bq7ge5,34eea0c6c52f555e24337530e06c699c39b8b70ad3522e6bf4801a84909db498,6,0.51,4,1538916262764,Sports,0.5202,0.705
4CbHKHiKXaYhppYAd,34eea0c6c52f555e24337530e06c699c39b8b70ad3522e6bf4801a84909db498,7,1,4,1538916395447,Politics,2,0.7
rjKGApc5N5F5vHjKB,34eea0c6c52f555e24337530e06c699c39b8b70ad3522e6bf4801a84909db498,8,1,4,1538916395447,Politics,0,0.61
Pdt2w7bZJv3wact8k,34eea0c6c52f555e24337530e06c699c39b8b70ad3522e6bf4801a84909db498,9,0.3,4,1538916395448,Politics,0.18,0.745
arc5f442EEdMGYnNC,34eea0c6c52f555e24337530e06c699c39b8b70ad3522e6bf4801a84909db498,10,0,4,1538916395448,Politics,0,0.385
dSvfkNPKxG4bC6k24,34eea0c6c52f555e24337530e06c699c39b8b70ad3522e6bf4801a84909db498,11,0,4,1538916395448,Politics,0,0.43
Y5peAP2JAXvws2pHf,34eea0c6c52f555e24337530e06c699c39b8b70ad3522e6bf4801a84909db498,12,0,4,1538916395448,Politics,0,0.405
D3FSNLzXF36mg9y4i,34eea0c6c52f555e24337530e06c699c39b8b70ad3522e6bf4801a84909db498,13,0,4,1538916553312,Entertainment,0,0.31
AowWXu7PFmuaAZg2r,34eea0c6c52f555e24337530e06c699c39b8b70ad3522e6bf4801a84909db498,14,1,4,1538916553312,Entertainment,0,0.675
udnEj2Z8qydXHeFFD,34eea0c6c52f555e24337530e06c699c39b8b70ad3522e6bf4801a84909db498,15,0,4,1538916553312,Entertainment,0,0.28
3JTtCrrkvh4MoNs8p,34eea0c6c52f555e24337530e06c699c39b8b70ad3522e6bf4801a84909db498,16,0.83,4,1538916553313,Entertainment,0.057800000000000025,0.555
FT5GtH9F2rCGM8Y3h,34eea0c6c52f555e24337530e06c699c39b8b70ad3522e6bf4801a84909db498,17,0,4,1538916553313,Entertainment,0,0.28
aszGMuqtNjWkW8QCS,34eea0c6c52f555e24337530e06c699c39b8b70ad3522e6bf4801a84909db498,18,0.5,4,1538916553314,Entertainment,0.5,0.655
joXqxs3Znw5i4mdTb,6305663d1af33ad3b23a2005ee78467c53cb46d2f663493dd16df9dfb2461a6b,1,0.73,4,1538918411356,Sports,0.1458,0.66
dw6tNjY59PkTSgrcZ,6305663d1af33ad3b23a2005ee78467c53cb46d2f663493dd16df9dfb2461a6b,2,0.34,4,1538918411359,Sports,0.23120000000000004,0.755
zyn8wqdawcC5HWexH,6305663d1af33ad3b23a2005ee78467c53cb46d2f663493dd16df9dfb2461a6b,3,0.69,4,1538918411360,Sports,0.9521999999999998,0.48
xaxNyD4SJCuevBHrg,6305663d1af33ad3b23a2005ee78467c53cb46d2f663493dd16df9dfb2461a6b,4,0.74,4,1538918411361,Sports,0.13520000000000001,0.665
nZvhhEgDSshthp3Dz,6305663d1af33ad3b23a2005ee78467c53cb46d2f663493dd16df9dfb2461a6b,5,0.14,4,1538918411362,Sports,0.039200000000000006,0.41
gocpdHHwYmBhKyDiY,6305663d1af33ad3b23a2005ee78467c53cb46d2f663493dd16df9dfb2461a6b,6,0.94,4,1538918411364,Sports,1.7671999999999999,0.63
sAkGNcjRzZTM5Giif,6305663d1af33ad3b23a2005ee78467c53cb46d2f663493dd16df9dfb2461a6b,7,0.3,4,1538918539284,Politics,0.18,0.77
BLhoWvKiYFTZLzqRN,6305663d1af33ad3b23a2005ee78467c53cb46d2f663493dd16df9dfb2461a6b,8,0.25,4,1538918539285,Politics,1.125,0.475
KMydhDT9FPxKtkjP8,6305663d1af33ad3b23a2005ee78467c53cb46d2f663493dd16df9dfb2461a6b,9,0.21,4,1538918539285,Politics,0.08819999999999999,0.525
AhTbLNHne3gnonGCt,6305663d1af33ad3b23a2005ee78467c53cb46d2f663493dd16df9dfb2461a6b,10,0.05,4,1538918539286,Politics,0.005000000000000001,0.42
yKg53yiwjCq76r5ae,6305663d1af33ad3b23a2005ee78467c53cb46d2f663493dd16df9dfb2461a6b,11,0.07,4,1538918539286,Politics,0.009800000000000001,0.395
2jxRjN6ufnxZ8AWBw,6305663d1af33ad3b23a2005ee78467c53cb46d2f663493dd16df9dfb2461a6b,12,0.05,4,1538918539287,Politics,0.005000000000000001,0.42
Qog7WLXqLguivGqty,6305663d1af33ad3b23a2005ee78467c53cb46d2f663493dd16df9dfb2461a6b,13,0.66,4,1538918626538,Entertainment,0.8712000000000001,0.645
mTEj2WErbfhynAfro,6305663d1af33ad3b23a2005ee78467c53cb46d2f663493dd16df9dfb2461a6b,14,0,4,1538918626540,Entertainment,2,0.31
AbkQFF6Y2LAwHz8vB,6305663d1af33ad3b23a2005ee78467c53cb46d2f663493dd16df9dfb2461a6b,15,0.75,4,1538918626540,Entertainment,1.125,0.57
zofmMecePnPTZfmKz,6305663d1af33ad3b23a2005ee78467c53cb46d2f663493dd16df9dfb2461a6b,16,0.1,4,1538918626542,Entertainment,1.62,0.415
7xuTXEdn83QmNESjT,6305663d1af33ad3b23a2005ee78467c53cb46d2f663493dd16df9dfb2461a6b,17,0.96,4,1538918626545,Entertainment,1.8432,0.605
FA7gmbEs69GC5R55k,6305663d1af33ad3b23a2005ee78467c53cb46d2f663493dd16df9dfb2461a6b,18,0.27,4,1538918626546,Entertainment,0.1458,0.5
QFRmi7v6HtpgsnfaD,08a4ca716b08e7817a3ec14299f0708affd1c938eb83d3a169e35025f8be205c,1,0.63,4,1538920897206,Sports,0.2738,0.525
rgqh3vDiGkKZcPNPj,08a4ca716b08e7817a3ec14299f0708affd1c938eb83d3a169e35025f8be205c,2,0.81,4,1538920897216,Sports,1.3122000000000003,0.59
74LkDfXeBDGQ4Cqf5,08a4ca716b08e7817a3ec14299f0708affd1c938eb83d3a169e35025f8be205c,3,0.64,4,1538920897218,Sports,0.8192,0.42
GYQCXkjp8qDk64DE4,08a4ca716b08e7817a3ec14299f0708affd1c938eb83d3a169e35025f8be205c,4,0.85,4,1538920897218,Sports,0.04500000000000001,0.575
kJpeddYbeK9ad4tyC,08a4ca716b08e7817a3ec14299f0708affd1c938eb83d3a169e35025f8be205c,5,0.65,4,1538920897219,Sports,0.8450000000000001,0.49
ST2bEhvuace2hDhcC,08a4ca716b08e7817a3ec14299f0708affd1c938eb83d3a169e35025f8be205c,6,0.65,4,1538920897222,Sports,0.8450000000000001,0.53
zAM28fLDwwbTLZNez,08a4ca716b08e7817a3ec14299f0708affd1c938eb83d3a169e35025f8be205c,7,0.67,4,1538920957969,Politics,0.8978000000000002,0.6
FWKwsonjYRZHmkzYi,08a4ca716b08e7817a3ec14299f0708affd1c938eb83d3a169e35025f8be205c,8,0.66,4,1538920957969,Politics,0.23119999999999996,0.555
2qqaJEDK8FBkdikxj,08a4ca716b08e7817a3ec14299f0708affd1c938eb83d3a169e35025f8be205c,9,0.66,4,1538920957971,Politics,0.8712000000000001,0.44
jDSD2dyX6whGDRLNo,08a4ca716b08e7817a3ec14299f0708affd1c938eb83d3a169e35025f8be205c,10,0.66,4,1538920957974,Politics,0.8712000000000001,0.38
SAqdhThj4D6vcc9Kb,08a4ca716b08e7817a3ec14299f0708affd1c938eb83d3a169e35025f8be205c,11,0.85,4,1538920957976,Politics,1.4449999999999998,0.435
ZzWNCQ3xMBM4vSHQa,08a4ca716b08e7817a3ec14299f0708affd1c938eb83d3a169e35025f8be205c,12,0.83,4,1538920957976,Politics,1.3778,0.4
GPvNbS75Ec4Y8QuvN,08a4ca716b08e7817a3ec14299f0708affd1c938eb83d3a169e35025f8be205c,13,0.68,4,1538921051929,Entertainment,0.9248000000000002,0.56
Jk8dkRDLzcWnrzSaQ,08a4ca716b08e7817a3ec14299f0708affd1c938eb83d3a169e35025f8be205c,14,0.69,4,1538921051931,Entertainment,0.19220000000000007,0.525
XyTp4So9evjqAvZ5E,08a4ca716b08e7817a3ec14299f0708affd1c938eb83d3a169e35025f8be205c,15,0.61,4,1538921051932,Entertainment,0.7442,0.47
dPa8ayd8jRav3pDor,08a4ca716b08e7817a3ec14299f0708affd1c938eb83d3a169e35025f8be205c,16,0.65,4,1538921051932,Entertainment,0.24499999999999997,0.455
7BCRxhBh3fHszkBdh,08a4ca716b08e7817a3ec14299f0708affd1c938eb83d3a169e35025f8be205c,17,0.82,4,1538921051933,Entertainment,1.3447999999999998,0.51
fMpPo9hpHb2guJSF9,08a4ca716b08e7817a3ec14299f0708affd1c938eb83d3a169e35025f8be205c,18,0.64,4,1538921051934,Entertainment,0.8192,0.51
HcmHAHy62kN5RArB7,ec121080222dbef0adca749b2c1d8b9ab292d8849b57ce923180e03f42a538ca,7,0.61,4,1538921091617,Politics,0.7442,0.51
xeMx2bWRwYWuvRYuH,ec121080222dbef0adca749b2c1d8b9ab292d8849b57ce923180e03f42a538ca,8,0.43,4,1538921091618,Politics,0.6498000000000002,0.535
nkNoDvfZtFLHEFTQr,ec121080222dbef0adca749b2c1d8b9ab292d8849b57ce923180e03f42a538ca,9,0.61,4,1538921091619,Politics,0.7442,0.475
NBarouW6Jppx5Wftg,ec121080222dbef0adca749b2c1d8b9ab292d8849b57ce923180e03f42a538ca,10,0.35,4,1538921091620,Politics,0.24499999999999997,0.46
XAzh3hMH7sdG2SBY2,ec121080222dbef0adca749b2c1d8b9ab292d8849b57ce923180e03f42a538ca,11,0.62,4,1538921091622,Politics,0.7688,0.385
XEXGmZgWD2xerr4MP,ec121080222dbef0adca749b2c1d8b9ab292d8849b57ce923180e03f42a538ca,12,0.39,4,1538921091622,Politics,0.3042,0.51
aHkHGXcjCYi6vCc8g,ec121080222dbef0adca749b2c1d8b9ab292d8849b57ce923180e03f42a538ca,13,0.4,4,1538921102473,Entertainment,0.32000000000000006,0.53
hkJrd7NeERj3mwKQL,ec121080222dbef0adca749b2c1d8b9ab292d8849b57ce923180e03f42a538ca,14,0.58,4,1538921102475,Entertainment,0.35280000000000006,0.56
NJfnwxMdvShTZ4SQC,ec121080222dbef0adca749b2c1d8b9ab292d8849b57ce923180e03f42a538ca,15,0.38,4,1538921102475,Entertainment,0.2888,0.535
bpJvGmHxNwgtHbWvv,ec121080222dbef0adca749b2c1d8b9ab292d8849b57ce923180e03f42a538ca,16,0.67,4,1538921102477,Entertainment,0.21779999999999994,0.405
4ojTSHPaPaumAQKmx,ec121080222dbef0adca749b2c1d8b9ab292d8849b57ce923180e03f42a538ca,17,0.42,4,1538921102478,Entertainment,0.35279999999999995,0.52
M9cctrpD8FqhkCFjz,ec121080222dbef0adca749b2c1d8b9ab292d8849b57ce923180e03f42a538ca,18,0.57,4,1538921102479,Entertainment,0.6497999999999999,0.52
BzQ47YoptfZpoSt4C,6c0b74fc84b955ede12ac80fad29a933cc07a02a019d82fed82250fff0cd2d27,1,0.6,4,1538923736851,Sports,0.32000000000000006,0.615
kaQT2irTPBdAnfSNn,6c0b74fc84b955ede12ac80fad29a933cc07a02a019d82fed82250fff0cd2d27,2,0.8,4,1538923736852,Sports,1.2800000000000002,0.655
3Kac4qFnwu4YDsvwy,6c0b74fc84b955ede12ac80fad29a933cc07a02a019d82fed82250fff0cd2d27,3,0.8,4,1538923736853,Sports,1.2800000000000002,0.575
GkCasA34iw4E3y3oQ,6c0b74fc84b955ede12ac80fad29a933cc07a02a019d82fed82250fff0cd2d27,4,1,4,1538923736853,Sports,0,0.62
aierfSMbrtXQHFJWB,6c0b74fc84b955ede12ac80fad29a933cc07a02a019d82fed82250fff0cd2d27,5,0.25,4,1538923736854,Sports,0.125,0.455
6Pj5oywYtehzPaQR6,6c0b74fc84b955ede12ac80fad29a933cc07a02a019d82fed82250fff0cd2d27,6,0.45,4,1538923736854,Sports,0.405,0.705
3sLhQazqcEgmx698H,6c0b74fc84b955ede12ac80fad29a933cc07a02a019d82fed82250fff0cd2d27,7,0.9,4,1538923866907,Politics,1.62,0.635
i2njx4wDxpFAbu8uA,6c0b74fc84b955ede12ac80fad29a933cc07a02a019d82fed82250fff0cd2d27,8,0.27,4,1538923866908,Politics,1.0657999999999999,0.485
47w7hmYsWXXYrgiPx,6c0b74fc84b955ede12ac80fad29a933cc07a02a019d82fed82250fff0cd2d27,9,0,4,1538923866909,Politics,0,0.25
RiAZH9gXrSbCcPnMg,6c0b74fc84b955ede12ac80fad29a933cc07a02a019d82fed82250fff0cd2d27,10,0,4,1538923866909,Politics,0,0.41
nE9tnrsTNuwRx9s4c,6c0b74fc84b955ede12ac80fad29a933cc07a02a019d82fed82250fff0cd2d27,11,0.2,4,1538923866910,Politics,0.08000000000000002,0.475
PshGhYsxvse6xgFY4,6c0b74fc84b955ede12ac80fad29a933cc07a02a019d82fed82250fff0cd2d27,12,0.72,4,1538923866910,Politics,1.0368,0.465
tyBr3AeC2t5xmXwrA,d41da62433df3efd9bdc0d239510139fa09ff7456973dd1991003b8ed994cf1e,1,0.57,4,1538923759732,Sports,0.3698000000000001,0.575
GTmcTt4SfErzC2sLE,d41da62433df3efd9bdc0d239510139fa09ff7456973dd1991003b8ed994cf1e,2,0.38,4,1538923759733,Sports,0.2888,0.61
metJmdd64fd7mDK5z,d41da62433df3efd9bdc0d239510139fa09ff7456973dd1991003b8ed994cf1e,3,0.15,4,1538923759734,Sports,0.045,0.395
DdDCzseEsb4m2b7y9,d41da62433df3efd9bdc0d239510139fa09ff7456973dd1991003b8ed994cf1e,4,0.63,4,1538923759736,Sports,0.2738,0.605
tW4gMRiMCa5ESRm72,d41da62433df3efd9bdc0d239510139fa09ff7456973dd1991003b8ed994cf1e,5,0.13,4,1538923759737,Sports,0.033800000000000004,0.38
uWj4pNCDESJgTiGbh,d41da62433df3efd9bdc0d239510139fa09ff7456973dd1991003b8ed994cf1e,6,0.3,4,1538923759737,Sports,0.18,0.63
SJzEPdeauDpPiDA9E,d41da62433df3efd9bdc0d239510139fa09ff7456973dd1991003b8ed994cf1e,7,0.34,4,1538923798076,Politics,0.23120000000000004,0.665
H2nwNPtc5EFzRaf76,d41da62433df3efd9bdc0d239510139fa09ff7456973dd1991003b8ed994cf1e,8,0.32,4,1538923798079,Politics,0.9247999999999998,0.625
aEefW79RiCBM5eLDA,d41da62433df3efd9bdc0d239510139fa09ff7456973dd1991003b8ed994cf1e,9,0.19,4,1538923798081,Politics,0.0722,0.365
wkBsY9iyzPdPa5MPF,d41da62433df3efd9bdc0d239510139fa09ff7456973dd1991003b8ed994cf1e,10,0.59,4,1538923798082,Politics,0.6961999999999999,0.39
ecoRfeBZsCpSeH8Yi,d41da62433df3efd9bdc0d239510139fa09ff7456973dd1991003b8ed994cf1e,11,0.58,4,1538923798083,Politics,0.6728,0.54
4x4YrwiCZYS9YLd64,d41da62433df3efd9bdc0d239510139fa09ff7456973dd1991003b8ed994cf1e,12,0.25,4,1538923798084,Politics,0.125,0.385
cXjGiFMvkPdoQgefa,d41da62433df3efd9bdc0d239510139fa09ff7456973dd1991003b8ed994cf1e,13,0.65,4,1538923826427,Entertainment,0.8450000000000001,0.5
akHCNG9BTNgjz4sPf,d41da62433df3efd9bdc0d239510139fa09ff7456973dd1991003b8ed994cf1e,14,0.07,4,1538923826429,Entertainment,1.7297999999999998,0.2
PdRvZjrptPmbvM3Ka,d41da62433df3efd9bdc0d239510139fa09ff7456973dd1991003b8ed994cf1e,15,0.44,4,1538923826429,Entertainment,0.3872,0.575
WacZbyzqpwEJWv8uj,d41da62433df3efd9bdc0d239510139fa09ff7456973dd1991003b8ed994cf1e,16,0.16,4,1538923826430,Entertainment,1.4111999999999998,0.345
4yjj2dyewwBbS9zpw,d41da62433df3efd9bdc0d239510139fa09ff7456973dd1991003b8ed994cf1e,17,0.43,4,1538923826431,Entertainment,0.36979999999999996,0.58
yedS53529NoyC6tZG,d41da62433df3efd9bdc0d239510139fa09ff7456973dd1991003b8ed994cf1e,18,0.42,4,1538923826433,Entertainment,0.35279999999999995,0.525
Pdqap8E7qnfGKPq9Z,6c0b74fc84b955ede12ac80fad29a933cc07a02a019d82fed82250fff0cd2d27,13,0.27,4,1538924007673,Entertainment,0.1458,0.38
NG3QMLwADsYtjhNRt,6c0b74fc84b955ede12ac80fad29a933cc07a02a019d82fed82250fff0cd2d27,14,0.2,4,1538924007673,Entertainment,1.2800000000000002,0.38
3DrBuTEPs3fDJhyMP,6c0b74fc84b955ede12ac80fad29a933cc07a02a019d82fed82250fff0cd2d27,15,0.18,4,1538924007674,Entertainment,0.0648,0.395
Z95jG4SYPd4HG6ePw,6c0b74fc84b955ede12ac80fad29a933cc07a02a019d82fed82250fff0cd2d27,16,0.51,4,1538924007674,Entertainment,0.48019999999999996,0.605
S7dgsenqyrn4nd66e,6c0b74fc84b955ede12ac80fad29a933cc07a02a019d82fed82250fff0cd2d27,17,0.28,4,1538924007674,Entertainment,0.15680000000000002,0.545
M3Wum9zQcD8CYvu2r,6c0b74fc84b955ede12ac80fad29a933cc07a02a019d82fed82250fff0cd2d27,18,0.13,4,1538924007675,Entertainment,0.033800000000000004,0.465
F3iHTSYxRTF5BhXx4,dc8bf346c68bce36bf93d2db878c4c147eccf53b66876d5c9bec658e95728f79,13,0.07,4,1538927470237,Entertainment,0.009800000000000001,0.305
4LMHat3quRFsNmgYG,dc8bf346c68bce36bf93d2db878c4c147eccf53b66876d5c9bec658e95728f79,14,0.27,4,1538927470237,Entertainment,1.0657999999999999,0.345
SRyKM73bMPwXANWwj,dc8bf346c68bce36bf93d2db878c4c147eccf53b66876d5c9bec658e95728f79,15,0.24,4,1538927470237,Entertainment,0.1152,0.49
XhezHBoooqDmBt6vT,dc8bf346c68bce36bf93d2db878c4c147eccf53b66876d5c9bec658e95728f79,16,0.07,4,1538927470237,Entertainment,1.7297999999999998,0.305
29CcuxCr6xEak84q7,dc8bf346c68bce36bf93d2db878c4c147eccf53b66876d5c9bec658e95728f79,17,0.09,4,1538927470237,Entertainment,0.0162,0.39
2snDTYT7S73h34Sby,dc8bf346c68bce36bf93d2db878c4c147eccf53b66876d5c9bec658e95728f79,18,0.25,4,1538927470237,Entertainment,0.125,0.555
8BNEsQP6BGCWbBwiq,47b3f067b9e65ea19a4ff196319a252a4e618c6bb464bc5df7060f82dd8d2ca9,1,0.76,4,1538932473851,Sports,0.1152,0.555
Rrg7ZYLoJDk4g9zBE,47b3f067b9e65ea19a4ff196319a252a4e618c6bb464bc5df7060f82dd8d2ca9,2,0.75,4,1538932473852,Sports,1.125,0.595
AmNLrfBkdtZEZT5A2,47b3f067b9e65ea19a4ff196319a252a4e618c6bb464bc5df7060f82dd8d2ca9,3,0.89,4,1538932473852,Sports,1.5842,0.46
bNXRNjRgo4izbLcwa,47b3f067b9e65ea19a4ff196319a252a4e618c6bb464bc5df7060f82dd8d2ca9,4,0.27,4,1538932473853,Sports,1.0657999999999999,0.385
YTCYF2Jx9bYyhFAj8,47b3f067b9e65ea19a4ff196319a252a4e618c6bb464bc5df7060f82dd8d2ca9,5,0.22,4,1538932473853,Sports,0.0968,0.445
craH5CF6Rg5iAzNmy,47b3f067b9e65ea19a4ff196319a252a4e618c6bb464bc5df7060f82dd8d2ca9,6,0.73,4,1538932473853,Sports,1.0657999999999999,0.5
ACYF5ccRdGw6BkaTs,47b3f067b9e65ea19a4ff196319a252a4e618c6bb464bc5df7060f82dd8d2ca9,7,0.27,4,1538932507627,Politics,0.1458,0.375
QzeewFN9Bj9hKQhrb,47b3f067b9e65ea19a4ff196319a252a4e618c6bb464bc5df7060f82dd8d2ca9,8,0.31,4,1538932507627,Politics,0.9521999999999998,0.625
c7wFH2SCQfKuQFgRn,47b3f067b9e65ea19a4ff196319a252a4e618c6bb464bc5df7060f82dd8d2ca9,9,0.73,4,1538932507628,Politics,1.0657999999999999,0.47
ekm6WK7we9uxqYQBG,47b3f067b9e65ea19a4ff196319a252a4e618c6bb464bc5df7060f82dd8d2ca9,10,0.61,4,1538932507629,Politics,0.7442,0.35
j4xDGTS5jRedLQRM8,47b3f067b9e65ea19a4ff196319a252a4e618c6bb464bc5df7060f82dd8d2ca9,11,0.35,4,1538932507629,Politics,0.24499999999999997,0.545
BdST7bzNv8i7ALmJk,47b3f067b9e65ea19a4ff196319a252a4e618c6bb464bc5df7060f82dd8d2ca9,12,0.71,4,1538932507630,Politics,1.0082,0.365
CEkq7E4idhyi2evBJ,47b3f067b9e65ea19a4ff196319a252a4e618c6bb464bc5df7060f82dd8d2ca9,13,0.66,4,1538932552633,Entertainment,0.8712000000000001,0.485
QN4fnkWzssZkAkWDa,47b3f067b9e65ea19a4ff196319a252a4e618c6bb464bc5df7060f82dd8d2ca9,14,1,4,1538932552635,Entertainment,0,0.56
EBcuK2fbcyXYsu68a,47b3f067b9e65ea19a4ff196319a252a4e618c6bb464bc5df7060f82dd8d2ca9,15,0.64,4,1538932552637,Entertainment,0.8192,0.515
bEDHYvrPhy5mS9upi,47b3f067b9e65ea19a4ff196319a252a4e618c6bb464bc5df7060f82dd8d2ca9,16,0.22,4,1538932552639,Entertainment,1.2168,0.39
tKFwhoJsnXAaYBzgc,47b3f067b9e65ea19a4ff196319a252a4e618c6bb464bc5df7060f82dd8d2ca9,17,0.61,4,1538932552640,Entertainment,0.7442,0.535
yicPQGb9YYoXDYnWj,47b3f067b9e65ea19a4ff196319a252a4e618c6bb464bc5df7060f82dd8d2ca9,18,0.33,4,1538932552641,Entertainment,0.21780000000000002,0.6
sNFxmMdMKBm6APwTJ,edad4d58396bceebbcaf62d824384ccee0a76c5386c3850ac6ce590adad49856,1,0.53,4,1538935285146,Sports,0.44179999999999997,0.635
n5ebQnRvnk5QAAuZv,edad4d58396bceebbcaf62d824384ccee0a76c5386c3850ac6ce590adad49856,2,0.21,4,1538935285147,Sports,0.08819999999999999,0.335
eKW8ABaBtEgXNvPsd,edad4d58396bceebbcaf62d824384ccee0a76c5386c3850ac6ce590adad49856,3,0.67,4,1538935285147,Sports,0.8978000000000002,0.48
gN7GoyLpnunogwNqi,edad4d58396bceebbcaf62d824384ccee0a76c5386c3850ac6ce590adad49856,4,0.9,4,1538935285147,Sports,0.01999999999999999,0.62
4rbf79QXfGZYN2zKe,edad4d58396bceebbcaf62d824384ccee0a76c5386c3850ac6ce590adad49856,5,0.31,4,1538935285149,Sports,0.1922,0.625
9fZs2u6fcfLiu9hfG,edad4d58396bceebbcaf62d824384ccee0a76c5386c3850ac6ce590adad49856,6,0.64,4,1538935285149,Sports,0.8192,0.57
6QXjuYuTcL44D363Q,edad4d58396bceebbcaf62d824384ccee0a76c5386c3850ac6ce590adad49856,7,0.49,4,1538935581508,Politics,0.48019999999999996,0.63
c8qLn98JZupC4Xqv2,edad4d58396bceebbcaf62d824384ccee0a76c5386c3850ac6ce590adad49856,8,0.75,4,1538935581509,Politics,0.125,0.525
qy8rTMxCW5iHhwuRr,edad4d58396bceebbcaf62d824384ccee0a76c5386c3850ac6ce590adad49856,9,0.24,4,1538935581509,Politics,0.1152,0.435
pXvoAnmM3P9fot5XT,edad4d58396bceebbcaf62d824384ccee0a76c5386c3850ac6ce590adad49856,10,0.36,4,1538935581510,Politics,0.2592,0.575
jvoosfypcMYewmSqv,edad4d58396bceebbcaf62d824384ccee0a76c5386c3850ac6ce590adad49856,11,0.26,4,1538935581510,Politics,0.13520000000000001,0.515
9PmiWJreHgv4QvH38,edad4d58396bceebbcaf62d824384ccee0a76c5386c3850ac6ce590adad49856,12,0.11,4,1538935581511,Politics,0.0242,0.475
MEpoxSLx6vi4JYFyn,edad4d58396bceebbcaf62d824384ccee0a76c5386c3850ac6ce590adad49856,13,0.16,4,1538936109857,Entertainment,0.0512,0.305
E3mpF6FYxQod2sH6h,edad4d58396bceebbcaf62d824384ccee0a76c5386c3850ac6ce590adad49856,14,0.92,4,1538936109858,Entertainment,0.012799999999999987,0.56
h2YirGpMLE4SaGMrX,edad4d58396bceebbcaf62d824384ccee0a76c5386c3850ac6ce590adad49856,15,0.68,4,1538936109860,Entertainment,0.9248000000000002,0.49
PfbqRHw2Q3boNWSGr,edad4d58396bceebbcaf62d824384ccee0a76c5386c3850ac6ce590adad49856,16,0.49,4,1538936109860,Entertainment,0.5202,0.615
7hLRPHn8xtjE7iiKa,edad4d58396bceebbcaf62d824384ccee0a76c5386c3850ac6ce590adad49856,17,0.31,4,1538936109861,Entertainment,0.1922,0.595
pA9x9B3nvSndqTHgE,edad4d58396bceebbcaf62d824384ccee0a76c5386c3850ac6ce590adad49856,18,0.7,4,1538936109862,Entertainment,0.9799999999999999,0.515
fJDzXJNSnSzNG2sWD,7d56e11e4a1791ec62c896451903e89fca77d7d9121a2f06580207af257c7742,16,1,4,1538939218612,Entertainment,0,0.445
7g4LYdsZuzha2Z3Xf,7d56e11e4a1791ec62c896451903e89fca77d7d9121a2f06580207af257c7742,17,1,4,1538939218612,Entertainment,2,0.59
CdYMS9EKffHicBSsZ,7d56e11e4a1791ec62c896451903e89fca77d7d9121a2f06580207af257c7742,18,0.97,4,1538939218614,Entertainment,1.8818,0.555
SkrWnBkFCwC2XS2aH,b9e7b78067446db5d1eec4638ce377595525393ee73c7448422d6ffe9fed4c29,1,0.7,4,1538944533284,Sports,0.18000000000000005,0.56
mSxQTr7mGCXdWELhi,b9e7b78067446db5d1eec4638ce377595525393ee73c7448422d6ffe9fed4c29,2,0.6,4,1538944533286,Sports,0.72,0.56
r9GixkDjHSaKDrrJE,b9e7b78067446db5d1eec4638ce377595525393ee73c7448422d6ffe9fed4c29,3,0.62,4,1538944533286,Sports,0.7688,0.44
p8B332A6beAzETM4i,b9e7b78067446db5d1eec4638ce377595525393ee73c7448422d6ffe9fed4c29,4,0.38,4,1538944533288,Sports,0.7688,0.615
Puky3xky3qNhpz53W,b9e7b78067446db5d1eec4638ce377595525393ee73c7448422d6ffe9fed4c29,5,0.33,4,1538944533289,Sports,0.21780000000000002,0.555
JH6y7NtRQEF6he6xq,b9e7b78067446db5d1eec4638ce377595525393ee73c7448422d6ffe9fed4c29,6,0.65,4,1538944533290,Sports,0.8450000000000001,0.495
QnQ7Prme6RTDoxyma,b9e7b78067446db5d1eec4638ce377595525393ee73c7448422d6ffe9fed4c29,7,0.37,4,1538944548545,Politics,0.2738,0.595
59RBiN25fFsgthDG4,b9e7b78067446db5d1eec4638ce377595525393ee73c7448422d6ffe9fed4c29,8,0.4,4,1538944548547,Politics,0.72,0.56
RMM4iNeft7554xNoc,b9e7b78067446db5d1eec4638ce377595525393ee73c7448422d6ffe9fed4c29,9,0.78,4,1538944548548,Politics,1.2168,0.47
fZ7ifjeoQbQoERjeR,b9e7b78067446db5d1eec4638ce377595525393ee73c7448422d6ffe9fed4c29,10,0.12,4,1538944548549,Politics,0.0288,0.42
Zns3nDtdEofoj9R45,b9e7b78067446db5d1eec4638ce377595525393ee73c7448422d6ffe9fed4c29,11,0.29,4,1538944548550,Politics,0.1682,0.475
QgRQLTmXqbXdiZo6F,b9e7b78067446db5d1eec4638ce377595525393ee73c7448422d6ffe9fed4c29,12,0.7,4,1538944548552,Politics,0.9799999999999999,0.37
9cxBNJ3pJSYQcfSdB,b9e7b78067446db5d1eec4638ce377595525393ee73c7448422d6ffe9fed4c29,13,0.89,4,1538944566545,Entertainment,1.5842,0.515
N23PMaY9i7BahfJGf,b9e7b78067446db5d1eec4638ce377595525393ee73c7448422d6ffe9fed4c29,14,0.85,4,1538944566547,Entertainment,0.04500000000000001,0.53
rmqN4riZC7qZkHoqf,b9e7b78067446db5d1eec4638ce377595525393ee73c7448422d6ffe9fed4c29,15,0.82,4,1538944566548,Entertainment,1.3447999999999998,0.495
n6sWfbeQbGzwKCXvs,b9e7b78067446db5d1eec4638ce377595525393ee73c7448422d6ffe9fed4c29,16,0.79,4,1538944566549,Entertainment,0.08819999999999997,0.51
hJFSo3PhaBswSvwPc,b9e7b78067446db5d1eec4638ce377595525393ee73c7448422d6ffe9fed4c29,17,0.79,4,1538944566550,Entertainment,1.2482000000000002,0.485
o5RkJwZx68nCi9Ww7,b9e7b78067446db5d1eec4638ce377595525393ee73c7448422d6ffe9fed4c29,18,0.3,4,1538944566551,Entertainment,0.18,0.605
Nb9Phg5e4mTY3YHym,dc8bf346c68bce36bf93d2db878c4c147eccf53b66876d5c9bec658e95728f79,1,0.32,4,1538946249241,Sports,0.9247999999999998,0.725
uRYnjRKfu6BHg8hqW,dc8bf346c68bce36bf93d2db878c4c147eccf53b66876d5c9bec658e95728f79,2,0.71,4,1538946249241,Sports,1.0082,0.665
BwiH8kmkN3RRRvcxv,dc8bf346c68bce36bf93d2db878c4c147eccf53b66876d5c9bec658e95728f79,3,0.2,4,1538946249256,Sports,0.08000000000000002,0.455
sGWqZ6q9ihWsKZjof,dc8bf346c68bce36bf93d2db878c4c147eccf53b66876d5c9bec658e95728f79,4,0.22,4,1538946249256,Sports,1.2168,0.445
RFAW5989q2eXEGYc4,dc8bf346c68bce36bf93d2db878c4c147eccf53b66876d5c9bec658e95728f79,5,0.36,4,1538946249256,Sports,0.2592,0.71
L7BfqTZp5SzPZuj8L,dc8bf346c68bce36bf93d2db878c4c147eccf53b66876d5c9bec658e95728f79,6,0.39,4,1538946249256,Sports,0.3042,0.725
L4j2ZPf5c9jd2mf6h,dc8bf346c68bce36bf93d2db878c4c147eccf53b66876d5c9bec658e95728f79,7,0.28,4,1538946257791,Politics,0.15680000000000002,0.4
5W9DijEqf9DC4YZeF,dc8bf346c68bce36bf93d2db878c4c147eccf53b66876d5c9bec658e95728f79,8,0.32,4,1538946257791,Politics,0.9247999999999998,0.75
XpS9nCTRQ3S9n9QHY,dc8bf346c68bce36bf93d2db878c4c147eccf53b66876d5c9bec658e95728f79,9,0.22,4,1538946257791,Politics,0.0968,0.52
cEuz2JuqTWpufPKmW,dc8bf346c68bce36bf93d2db878c4c147eccf53b66876d5c9bec658e95728f79,10,0.08,4,1538946257806,Politics,0.0128,0.43
Tz5nc74u5RCJtHrPb,dc8bf346c68bce36bf93d2db878c4c147eccf53b66876d5c9bec658e95728f79,11,0.19,4,1538946257806,Politics,0.0722,0.5
gimHwFmfiZtLvayLS,dc8bf346c68bce36bf93d2db878c4c147eccf53b66876d5c9bec658e95728f79,12,0.22,4,1538946257806,Politics,0.0968,0.505
tkogMNG2dHAYA9yRc,4a5e17eddbd65aa16929b833dde9ad48b6ff2981cae9ef04e49bf570529af2d4,1,0.49,4,1538948958016,Sports,0.5202,0.675
9oPted2kM3uNYDTd4,4a5e17eddbd65aa16929b833dde9ad48b6ff2981cae9ef04e49bf570529af2d4,2,0.8,4,1538948958026,Sports,1.2800000000000002,0.56
dnv3PcWHtqzcKCEG3,4a5e17eddbd65aa16929b833dde9ad48b6ff2981cae9ef04e49bf570529af2d4,3,0.44,4,1538948958034,Sports,0.3872,0.555
4Ag7pTavrT8e65jZJ,4a5e17eddbd65aa16929b833dde9ad48b6ff2981cae9ef04e49bf570529af2d4,4,0.25,4,1538948958041,Sports,1.125,0.39
i2bMA9vmNSuvZGYJs,4a5e17eddbd65aa16929b833dde9ad48b6ff2981cae9ef04e49bf570529af2d4,5,0.17,4,1538948958045,Sports,0.05780000000000001,0.445
yCxXpQ5XEAvvEmtKC,4a5e17eddbd65aa16929b833dde9ad48b6ff2981cae9ef04e49bf570529af2d4,6,0.2,4,1538948958048,Sports,0.08000000000000002,0.475
PBJH5uQegy7eC2DX2,4a5e17eddbd65aa16929b833dde9ad48b6ff2981cae9ef04e49bf570529af2d4,7,0.64,4,1538948993053,Politics,0.8192,0.615
A5XoYmAwBNasxrvQB,4a5e17eddbd65aa16929b833dde9ad48b6ff2981cae9ef04e49bf570529af2d4,8,0.13,4,1538948993060,Politics,1.5138,0.35
zSPq4D6ZiDKdZbS6A,4a5e17eddbd65aa16929b833dde9ad48b6ff2981cae9ef04e49bf570529af2d4,9,0.41,4,1538948993065,Politics,0.33619999999999994,0.655
JBNWoCXkNoP2f3ccr,4a5e17eddbd65aa16929b833dde9ad48b6ff2981cae9ef04e49bf570529af2d4,10,0.09,4,1538948993068,Politics,0.0162,0.42
dxjQCrgNWiA9etJho,4a5e17eddbd65aa16929b833dde9ad48b6ff2981cae9ef04e49bf570529af2d4,11,0.66,4,1538948993072,Politics,0.8712000000000001,0.43
evgTkF8tuXwtWWuwS,4a5e17eddbd65aa16929b833dde9ad48b6ff2981cae9ef04e49bf570529af2d4,12,0.47,4,1538948993075,Politics,0.44179999999999997,0.415
WNbY2dvH8o6EagAuq,4a5e17eddbd65aa16929b833dde9ad48b6ff2981cae9ef04e49bf570529af2d4,13,0.89,4,1538949031926,Entertainment,1.5842,0.56
bYiCNfzEfD3NCX4tD,4a5e17eddbd65aa16929b833dde9ad48b6ff2981cae9ef04e49bf570529af2d4,14,0.07,4,1538949031931,Entertainment,1.7297999999999998,0.255
hbGgpq3efhudhoE8b,4a5e17eddbd65aa16929b833dde9ad48b6ff2981cae9ef04e49bf570529af2d4,15,0.66,4,1538949031934,Entertainment,0.8712000000000001,0.575
CPNS6wFNcjhxrtFm3,4a5e17eddbd65aa16929b833dde9ad48b6ff2981cae9ef04e49bf570529af2d4,16,0.84,4,1538949031938,Entertainment,0.05120000000000002,0.54
6RAGwvGNqFNMahSbS,4a5e17eddbd65aa16929b833dde9ad48b6ff2981cae9ef04e49bf570529af2d4,17,0.86,4,1538949031943,Entertainment,1.4791999999999998,0.56
cFJgAXhfNN2XXjGJb,4a5e17eddbd65aa16929b833dde9ad48b6ff2981cae9ef04e49bf570529af2d4,18,0.52,4,1538949031950,Entertainment,0.5408000000000001,0.605
EsPC2ANSNp7oFMR3d,fdb77e0f8ee64cc62c38900340a43a3fe2e38c688225c33001b41f4528d9625c,1,0.39,4,1538949173858,Sports,0.7442,0.675
a2kENcC9WTrdiKKk4,fdb77e0f8ee64cc62c38900340a43a3fe2e38c688225c33001b41f4528d9625c,2,0.84,4,1538949173863,Sports,1.4111999999999998,0.66
PLsuaAqhMP6uFnTy3,fdb77e0f8ee64cc62c38900340a43a3fe2e38c688225c33001b41f4528d9625c,3,0.15,4,1538949173864,Sports,0.045,0.475
LkCGcbQrMKF8engCq,fdb77e0f8ee64cc62c38900340a43a3fe2e38c688225c33001b41f4528d9625c,4,0.32,4,1538949173865,Sports,0.9247999999999998,0.74
xdGqxrcfDghJXuxdj,fdb77e0f8ee64cc62c38900340a43a3fe2e38c688225c33001b41f4528d9625c,5,0.7,4,1538949173865,Sports,0.9799999999999999,0.575
bgLbThxbjrZimEGxf,fdb77e0f8ee64cc62c38900340a43a3fe2e38c688225c33001b41f4528d9625c,6,0.86,4,1538949173865,Sports,1.4791999999999998,0.57
TdRSWwojqWyF3nLxr,fdb77e0f8ee64cc62c38900340a43a3fe2e38c688225c33001b41f4528d9625c,7,0.88,4,1538949339627,Politics,1.5488,0.625
ygj9ruRok5BDFxfjp,fdb77e0f8ee64cc62c38900340a43a3fe2e38c688225c33001b41f4528d9625c,8,0.14,4,1538949339627,Politics,1.4791999999999998,0.355
gWKxksbGYisejCn6i,fdb77e0f8ee64cc62c38900340a43a3fe2e38c688225c33001b41f4528d9625c,9,0.28,4,1538949339628,Politics,0.15680000000000002,0.49
s5yrY2fTcYavCyYod,fdb77e0f8ee64cc62c38900340a43a3fe2e38c688225c33001b41f4528d9625c,10,0.05,4,1538949339630,Politics,0.005000000000000001,0.445
HS8TiqGiNQWxJby7P,fdb77e0f8ee64cc62c38900340a43a3fe2e38c688225c33001b41f4528d9625c,11,0.01,4,1538949339631,Politics,2e-4,0.325
W69HRbCXKCLJn8DbY,fdb77e0f8ee64cc62c38900340a43a3fe2e38c688225c33001b41f4528d9625c,12,0.1,4,1538949339632,Politics,0.020000000000000004,0.46
cKXAmde4yDrjtDw2c,fdb77e0f8ee64cc62c38900340a43a3fe2e38c688225c33001b41f4528d9625c,13,0.1,4,1538949567313,Entertainment,0.020000000000000004,0.41
BqpJCvz5wzQfASYvv,fdb77e0f8ee64cc62c38900340a43a3fe2e38c688225c33001b41f4528d9625c,14,1,4,1538949567316,Entertainment,0,0.59
p2e4Ev9P2CWtzYeXX,fdb77e0f8ee64cc62c38900340a43a3fe2e38c688225c33001b41f4528d9625c,15,0.03,4,1538949567317,Entertainment,0.0018,0.285
3T9RYmXppEKCpdQpt,fdb77e0f8ee64cc62c38900340a43a3fe2e38c688225c33001b41f4528d9625c,16,0.51,4,1538949567318,Entertainment,0.48019999999999996,0.64
dzcBRm9x5weRHftWZ,fdb77e0f8ee64cc62c38900340a43a3fe2e38c688225c33001b41f4528d9625c,17,0.71,4,1538949567319,Entertainment,1.0082,0.575
f4BGb9P4YhoDkhcBW,fdb77e0f8ee64cc62c38900340a43a3fe2e38c688225c33001b41f4528d9625c,18,0.25,4,1538949567320,Entertainment,0.125,0.555
woBrRX38B95JMYHSv,9b162e43b2eaaf75e05ea3eb68129ba22d8a5a6e994b1a5c1ee51ddea16c381d,1,0,4,1538953272756,Sports,2,0.36
aSJL7PEcSt3iMMdDN,9b162e43b2eaaf75e05ea3eb68129ba22d8a5a6e994b1a5c1ee51ddea16c381d,2,0.88,4,1538953272757,Sports,1.5488,0.765
uaaYawv5shErbGKky,9b162e43b2eaaf75e05ea3eb68129ba22d8a5a6e994b1a5c1ee51ddea16c381d,3,0.88,4,1538953272758,Sports,1.5488,0.625
netJtkX2aFRydPHrg,9b162e43b2eaaf75e05ea3eb68129ba22d8a5a6e994b1a5c1ee51ddea16c381d,4,0.27,4,1538953272758,Sports,1.0657999999999999,0.565
X7BYvE9YL8N9KJxQZ,9b162e43b2eaaf75e05ea3eb68129ba22d8a5a6e994b1a5c1ee51ddea16c381d,5,0.05,4,1538953272759,Sports,0.005000000000000001,0.375
mQcqXXXasDNfDujtJ,9b162e43b2eaaf75e05ea3eb68129ba22d8a5a6e994b1a5c1ee51ddea16c381d,6,0.1,4,1538953272759,Sports,0.020000000000000004,0.46
b8NAneKrQzfqhnyHo,9b162e43b2eaaf75e05ea3eb68129ba22d8a5a6e994b1a5c1ee51ddea16c381d,7,1,4,1538953344395,Politics,2,0.79
Z6AA4dRreAT3vjT3A,9b162e43b2eaaf75e05ea3eb68129ba22d8a5a6e994b1a5c1ee51ddea16c381d,8,0.09,4,1538953344396,Politics,1.6562000000000001,0.34
zaqxeHDPrrx2QAu4w,9b162e43b2eaaf75e05ea3eb68129ba22d8a5a6e994b1a5c1ee51ddea16c381d,9,0.07,4,1538953344397,Politics,0.009800000000000001,0.37
3dQzoFNozM42L7mTf,9b162e43b2eaaf75e05ea3eb68129ba22d8a5a6e994b1a5c1ee51ddea16c381d,10,0.06,4,1538953344399,Politics,0.0072,0.485
Ec3bZ5jcYmbibHtng,9b162e43b2eaaf75e05ea3eb68129ba22d8a5a6e994b1a5c1ee51ddea16c381d,11,0.32,4,1538953344399,Politics,0.2048,0.785
5k5rZbXNC25kmPafY,9b162e43b2eaaf75e05ea3eb68129ba22d8a5a6e994b1a5c1ee51ddea16c381d,12,0.07,4,1538953344399,Politics,0.009800000000000001,0.52
emRW2myDo2BRXCCgb,9b162e43b2eaaf75e05ea3eb68129ba22d8a5a6e994b1a5c1ee51ddea16c381d,13,0,4,1538953422786,Entertainment,0,0.41
7vhMiBnvnKXNkEwFg,9b162e43b2eaaf75e05ea3eb68129ba22d8a5a6e994b1a5c1ee51ddea16c381d,14,0.94,4,1538953422787,Entertainment,0.007200000000000013,0.705
WveiGjfoQW5pcCNZu,9b162e43b2eaaf75e05ea3eb68129ba22d8a5a6e994b1a5c1ee51ddea16c381d,15,0.09,4,1538953422787,Entertainment,0.0162,0.315
k6KqwKR8JpJTL9L2w,9b162e43b2eaaf75e05ea3eb68129ba22d8a5a6e994b1a5c1ee51ddea16c381d,16,0.09,4,1538953422787,Entertainment,1.6562000000000001,0.385
eb9JZwPaaCFu2zoXG,9b162e43b2eaaf75e05ea3eb68129ba22d8a5a6e994b1a5c1ee51ddea16c381d,17,0.8,4,1538953422788,Entertainment,1.2800000000000002,0.645
5udHXiQpsWT6Yj7ha,9b162e43b2eaaf75e05ea3eb68129ba22d8a5a6e994b1a5c1ee51ddea16c381d,18,0.07,4,1538953422788,Entertainment,0.009800000000000001,0.3
KhaEZeTAA8yByBXpC,2d4d627529ede067039cc40173a80a7c95a2b77845a6dbfdb129f4d010bd5d87,1,0.29,4,1538955323132,Sports,1.0082,0.41
jbfTaQtDun7dH4Dtw,2d4d627529ede067039cc40173a80a7c95a2b77845a6dbfdb129f4d010bd5d87,2,0.36,4,1538955323133,Sports,0.2592,0.625
wxdYcBeFnpMyAdyiZ,2d4d627529ede067039cc40173a80a7c95a2b77845a6dbfdb129f4d010bd5d87,3,0.54,4,1538955323134,Sports,0.5832,0.495
eKFgdptxC38acEQib,2d4d627529ede067039cc40173a80a7c95a2b77845a6dbfdb129f4d010bd5d87,4,0.23,4,1538955323134,Sports,1.1858,0.36
E9J2EQ54EfKZ45xb6,2d4d627529ede067039cc40173a80a7c95a2b77845a6dbfdb129f4d010bd5d87,5,0.21,4,1538955323135,Sports,0.08819999999999999,0.455
M2WxyNH678vFv4Sw6,2d4d627529ede067039cc40173a80a7c95a2b77845a6dbfdb129f4d010bd5d87,6,0.3,4,1538955323136,Sports,0.18,0.615
2qYGjePaNMr278ymz,2d4d627529ede067039cc40173a80a7c95a2b77845a6dbfdb129f4d010bd5d87,7,0.7,4,1538955386783,Politics,0.9799999999999999,0.56
fkXtzaSHZYgCAqeM5,2d4d627529ede067039cc40173a80a7c95a2b77845a6dbfdb129f4d010bd5d87,8,0.47,4,1538955386784,Politics,0.5618000000000001,0.59
ESZqry5yG6w2pDCTt,2d4d627529ede067039cc40173a80a7c95a2b77845a6dbfdb129f4d010bd5d87,9,0.4,4,1538955386785,Politics,0.32000000000000006,0.585
WzbkhodkA9AiQ9Nw8,2d4d627529ede067039cc40173a80a7c95a2b77845a6dbfdb129f4d010bd5d87,10,0.05,4,1538955386785,Politics,0.005000000000000001,0.395
fBo6v4RvM48zTimMy,2d4d627529ede067039cc40173a80a7c95a2b77845a6dbfdb129f4d010bd5d87,11,0.15,4,1538955386786,Politics,0.045,0.385
TnSmZPuXR7i4DqvLi,2d4d627529ede067039cc40173a80a7c95a2b77845a6dbfdb129f4d010bd5d87,12,0.36,4,1538955386786,Politics,0.2592,0.485
jWQFd4FvrB6s5Prfq,2d4d627529ede067039cc40173a80a7c95a2b77845a6dbfdb129f4d010bd5d87,13,0.32,4,1538955420906,Entertainment,0.2048,0.585
Mrv3s5g6rTsmhbzTc,2d4d627529ede067039cc40173a80a7c95a2b77845a6dbfdb129f4d010bd5d87,14,1,4,1538955420906,Entertainment,0,0.535
7qnczdz63k7wjFpAg,2d4d627529ede067039cc40173a80a7c95a2b77845a6dbfdb129f4d010bd5d87,15,0.61,4,1538955420907,Entertainment,0.7442,0.505
3vbt6SCTPLDm4mg9W,2d4d627529ede067039cc40173a80a7c95a2b77845a6dbfdb129f4d010bd5d87,16,0.47,4,1538955420908,Entertainment,0.5618000000000001,0.525
hzeAXLfx5xcgbogmT,2d4d627529ede067039cc40173a80a7c95a2b77845a6dbfdb129f4d010bd5d87,17,0.53,4,1538955420908,Entertainment,0.5618000000000001,0.555
jvuYztWcjND5xgmTB,2d4d627529ede067039cc40173a80a7c95a2b77845a6dbfdb129f4d010bd5d87,18,0.51,4,1538955420909,Entertainment,0.5202,0.625
GbdiQQToYMtAqzBKs,42abdb347e2632cf789ff93c942d5571fd5ba002d5f12eb4c526add5a79697bb,1,0.64,4,1538958287779,Sports,0.2592,0.565
jdbDCufmTwDNqvxNJ,42abdb347e2632cf789ff93c942d5571fd5ba002d5f12eb4c526add5a79697bb,2,0.66,4,1538958287780,Sports,0.8712000000000001,0.555
ZZdFRP7zb5QXnccuf,42abdb347e2632cf789ff93c942d5571fd5ba002d5f12eb4c526add5a79697bb,3,0.02,4,1538958287781,Sports,8e-4,0.315
seov3gB2PfWk7xAAa,42abdb347e2632cf789ff93c942d5571fd5ba002d5f12eb4c526add5a79697bb,4,0.61,4,1538958287781,Sports,0.3042,0.595
87c8hFyN3vxt2HkSg,42abdb347e2632cf789ff93c942d5571fd5ba002d5f12eb4c526add5a79697bb,5,0.62,4,1538958287781,Sports,0.7688,0.48
nH3FbDAyR9RegTsQZ,42abdb347e2632cf789ff93c942d5571fd5ba002d5f12eb4c526add5a79697bb,6,0.64,4,1538958287781,Sports,0.8192,0.52
6QCQyNTSmfBG3JcfB,42abdb347e2632cf789ff93c942d5571fd5ba002d5f12eb4c526add5a79697bb,7,1,4,1538958290534,Politics,2,0.585
eGXBR6aYvWfrxPoYW,42abdb347e2632cf789ff93c942d5571fd5ba002d5f12eb4c526add5a79697bb,8,1,4,1538958290535,Politics,0,0.55
RxcaHs7NBrdRFsk9J,42abdb347e2632cf789ff93c942d5571fd5ba002d5f12eb4c526add5a79697bb,9,0.24,4,1538958290535,Politics,0.1152,0.405
jrzvnkMKXTuFjZaxz,42abdb347e2632cf789ff93c942d5571fd5ba002d5f12eb4c526add5a79697bb,10,0.58,4,1538958290535,Politics,0.6728,0.465
7pq37SPwKy4fhugLT,42abdb347e2632cf789ff93c942d5571fd5ba002d5f12eb4c526add5a79697bb,11,0.18,4,1538958290536,Politics,0.0648,0.415
zhfwYjzycpXphL9hn,42abdb347e2632cf789ff93c942d5571fd5ba002d5f12eb4c526add5a79697bb,12,0.63,4,1538958290536,Politics,0.7938000000000001,0.4
zkE9xhinMAmWcAtqu,42abdb347e2632cf789ff93c942d5571fd5ba002d5f12eb4c526add5a79697bb,13,0.57,4,1538958306934,Entertainment,0.6497999999999999,0.645
MohhqEgZyLLoeMZgT,42abdb347e2632cf789ff93c942d5571fd5ba002d5f12eb4c526add5a79697bb,14,0.94,4,1538958306934,Entertainment,0.007200000000000013,0.565
NNsF3omo5za9EPPvK,42abdb347e2632cf789ff93c942d5571fd5ba002d5f12eb4c526add5a79697bb,15,0.56,4,1538958306934,Entertainment,0.6272000000000001,0.595
MQe4RWwysEbj56FYq,42abdb347e2632cf789ff93c942d5571fd5ba002d5f12eb4c526add5a79697bb,16,0.23,4,1538958306936,Entertainment,1.1858,0.48
P39dZmpypsriXNuZ7,42abdb347e2632cf789ff93c942d5571fd5ba002d5f12eb4c526add5a79697bb,17,0.56,4,1538958306936,Entertainment,0.6272000000000001,0.555
enSap36Z4zp4wYzJb,42abdb347e2632cf789ff93c942d5571fd5ba002d5f12eb4c526add5a79697bb,18,0.3,4,1538958306936,Entertainment,0.18,0.615
DcreFkuS9dnTD9Y3C,f1f8fdbac3a4b55d4a3fdc9c728146871860ed0763bdeeb43b418ad0509a6132,1,0.74,4,1538960045133,Sports,0.13520000000000001,0.565
5R5Y4HRgWMJoKuxWe,f1f8fdbac3a4b55d4a3fdc9c728146871860ed0763bdeeb43b418ad0509a6132,2,0.66,4,1538960045134,Sports,0.8712000000000001,0.55
QNvdJkR5ifRzq77gA,f1f8fdbac3a4b55d4a3fdc9c728146871860ed0763bdeeb43b418ad0509a6132,3,0.69,4,1538960045135,Sports,0.9521999999999998,0.53
oQvTiKsNB5L2pN7xh,f1f8fdbac3a4b55d4a3fdc9c728146871860ed0763bdeeb43b418ad0509a6132,4,0.35,4,1538960045135,Sports,0.8450000000000001,0.645
x4DZnPRMuQBBxYGvv,f1f8fdbac3a4b55d4a3fdc9c728146871860ed0763bdeeb43b418ad0509a6132,5,0.61,4,1538960045135,Sports,0.7442,0.54
d8TpGBMsW8xbqePNg,f1f8fdbac3a4b55d4a3fdc9c728146871860ed0763bdeeb43b418ad0509a6132,6,0.11,4,1538960045135,Sports,0.0242,0.385
uMNiYig6xpqyEF7Kn,f1f8fdbac3a4b55d4a3fdc9c728146871860ed0763bdeeb43b418ad0509a6132,7,0.36,4,1538960062987,Politics,0.2592,0.64
GB7T9kGrYMPPoQoTo,f1f8fdbac3a4b55d4a3fdc9c728146871860ed0763bdeeb43b418ad0509a6132,8,0.54,4,1538960062988,Politics,0.4231999999999999,0.605
peRizdWte2Ge8vdzR,f1f8fdbac3a4b55d4a3fdc9c728146871860ed0763bdeeb43b418ad0509a6132,9,0.42,4,1538960062988,Politics,0.35279999999999995,0.525
X2GyCGZxGy7gq96Ee,f1f8fdbac3a4b55d4a3fdc9c728146871860ed0763bdeeb43b418ad0509a6132,10,0.06,4,1538960062989,Politics,0.0072,0.285
MTiCtmw8TNie4EykW,f1f8fdbac3a4b55d4a3fdc9c728146871860ed0763bdeeb43b418ad0509a6132,11,0.28,4,1538960062989,Politics,0.15680000000000002,0.445
aXBBoh8cobmYDtHXa,f1f8fdbac3a4b55d4a3fdc9c728146871860ed0763bdeeb43b418ad0509a6132,12,0.31,4,1538960062989,Politics,0.1922,0.515
E6uhuMpeaH79Hemyx,f1f8fdbac3a4b55d4a3fdc9c728146871860ed0763bdeeb43b418ad0509a6132,13,0.83,4,1538960078209,Entertainment,1.3778,0.525
9Ka9fdhCW4ozHFQea,f1f8fdbac3a4b55d4a3fdc9c728146871860ed0763bdeeb43b418ad0509a6132,14,0.75,4,1538960078209,Entertainment,0.125,0.505
D97hZoRqSimSjFuN8,f1f8fdbac3a4b55d4a3fdc9c728146871860ed0763bdeeb43b418ad0509a6132,15,0.72,4,1538960078209,Entertainment,1.0368,0.535
MW5DMHrRLNZmMfur2,f1f8fdbac3a4b55d4a3fdc9c728146871860ed0763bdeeb43b418ad0509a6132,16,0.89,4,1538960078209,Entertainment,0.024199999999999996,0.505
zWxRSbkeHfBGbzQYn,f1f8fdbac3a4b55d4a3fdc9c728146871860ed0763bdeeb43b418ad0509a6132,17,0.68,4,1538960078209,Entertainment,0.9248000000000002,0.46
tRwpwjHNzvZrLeQiY,f1f8fdbac3a4b55d4a3fdc9c728146871860ed0763bdeeb43b418ad0509a6132,18,0.64,4,1538960078210,Entertainment,0.8192,0.515
pb2dtjoHwxNN6u4yF,b6087f2c9568ce0ec0409449eeae103936e30132aded11f6db290b501c520dfc,1,0.6,4,1538962836708,Sports,0.32000000000000006,0.545
x6WCfhQQZotKyY4Su,b6087f2c9568ce0ec0409449eeae103936e30132aded11f6db290b501c520dfc,2,0.39,4,1538962836709,Sports,0.3042,0.65
y5hSBhoB62qjCwGTT,b6087f2c9568ce0ec0409449eeae103936e30132aded11f6db290b501c520dfc,3,0.31,4,1538962836709,Sports,0.1922,0.64
SoDQWhYvQeX8rKpCj,b6087f2c9568ce0ec0409449eeae103936e30132aded11f6db290b501c520dfc,4,0.62,4,1538962836709,Sports,0.2888,0.59
EsNBtqSTNJiQ7CNxB,b6087f2c9568ce0ec0409449eeae103936e30132aded11f6db290b501c520dfc,5,0.7,4,1538962836709,Sports,0.9799999999999999,0.48
LEnb9hs8hb5ucXvky,b6087f2c9568ce0ec0409449eeae103936e30132aded11f6db290b501c520dfc,6,0.56,4,1538962836710,Sports,0.6272000000000001,0.57
JXEeaKrAJ3Sc2r8wC,b6087f2c9568ce0ec0409449eeae103936e30132aded11f6db290b501c520dfc,7,0.73,4,1538962858523,Politics,1.0657999999999999,0.585
yta9tou7MybHQQYrT,b6087f2c9568ce0ec0409449eeae103936e30132aded11f6db290b501c520dfc,8,0.31,4,1538962858524,Politics,0.9521999999999998,0.645
Q6n2eiNEDRD4cgK5S,b6087f2c9568ce0ec0409449eeae103936e30132aded11f6db290b501c520dfc,9,0.62,4,1538962858524,Politics,0.7688,0.59
ZgC9KbPjFDjTYSWjp,b6087f2c9568ce0ec0409449eeae103936e30132aded11f6db290b501c520dfc,10,0.11,4,1538962858524,Politics,0.0242,0.47
wSxcubwcps4GD9ss5,b6087f2c9568ce0ec0409449eeae103936e30132aded11f6db290b501c520dfc,11,0.27,4,1538962858524,Politics,0.1458,0.48
nfEjQcSCXvcC4YqjN,b6087f2c9568ce0ec0409449eeae103936e30132aded11f6db290b501c520dfc,12,0.04,4,1538962858525,Politics,0.0032,0.34
jdgg73uWWoa7g9zsT,b6087f2c9568ce0ec0409449eeae103936e30132aded11f6db290b501c520dfc,13,0.64,4,1538962875284,Entertainment,0.8192,0.5
pK4YimKxRiNjeHhad,b6087f2c9568ce0ec0409449eeae103936e30132aded11f6db290b501c520dfc,14,0.35,4,1538962875285,Entertainment,0.8450000000000001,0.655
uiCnxvKcCqHnu4DZo,b6087f2c9568ce0ec0409449eeae103936e30132aded11f6db290b501c520dfc,15,0.63,4,1538962875286,Entertainment,0.7938000000000001,0.57
v2ccRgXgZ79bsQDBr,b6087f2c9568ce0ec0409449eeae103936e30132aded11f6db290b501c520dfc,16,0.6,4,1538962875286,Entertainment,0.32000000000000006,0.465
MXFtDeq7fFuLAToKQ,b6087f2c9568ce0ec0409449eeae103936e30132aded11f6db290b501c520dfc,17,0.24,4,1538962875287,Entertainment,0.1152,0.36
WXHjKtkKcrDnso5Hu,b6087f2c9568ce0ec0409449eeae103936e30132aded11f6db290b501c520dfc,18,0.74,4,1538962875287,Entertainment,1.0952,0.49
Kao2qcWAPz93xihj2,ce0c6410df0bfaedeb01dadbd253844117b1c7f5f22f72b07dd61720cc8827e0,1,1,4,1538962913578,Sports,0,0.66
BZrZJsb5ANxSYRR3v,ce0c6410df0bfaedeb01dadbd253844117b1c7f5f22f72b07dd61720cc8827e0,2,0.94,4,1538962913582,Sports,1.7671999999999999,0.68
YpvYZhQxWt6pEFgHt,ce0c6410df0bfaedeb01dadbd253844117b1c7f5f22f72b07dd61720cc8827e0,3,0,4,1538962913587,Sports,0,0.415
GFNjRPZBqvHNygGf8,ce0c6410df0bfaedeb01dadbd253844117b1c7f5f22f72b07dd61720cc8827e0,4,0,4,1538962913592,Sports,2,0.24
zLeNixBdKwZmkQeXj,ce0c6410df0bfaedeb01dadbd253844117b1c7f5f22f72b07dd61720cc8827e0,5,0.57,4,1538962913595,Sports,0.6497999999999999,0.695
foxFgrXM8ksSSrAar,ce0c6410df0bfaedeb01dadbd253844117b1c7f5f22f72b07dd61720cc8827e0,6,0.2,4,1538962913599,Sports,0.08000000000000002,0.56
xzyf7hBTbcrjQMDzu,ce0c6410df0bfaedeb01dadbd253844117b1c7f5f22f72b07dd61720cc8827e0,7,0,4,1538962920816,Politics,0,0.285
J77qtoqFDqwsRWHyp,ce0c6410df0bfaedeb01dadbd253844117b1c7f5f22f72b07dd61720cc8827e0,8,0.3,4,1538962920821,Politics,0.9799999999999999,0.805
vNuE2zJRPmqiYr9Sa,ce0c6410df0bfaedeb01dadbd253844117b1c7f5f22f72b07dd61720cc8827e0,9,0.13,4,1538962920824,Politics,0.033800000000000004,0.465
tL463AL7DuTpxgfXw,ce0c6410df0bfaedeb01dadbd253844117b1c7f5f22f72b07dd61720cc8827e0,10,0,4,1538962920827,Politics,0,0.48
4t82yjEETALakMciJ,ce0c6410df0bfaedeb01dadbd253844117b1c7f5f22f72b07dd61720cc8827e0,11,0.31,4,1538962920837,Politics,0.1922,0.685
fkacf7R8ZPwn3Dcq5,ce0c6410df0bfaedeb01dadbd253844117b1c7f5f22f72b07dd61720cc8827e0,12,0,4,1538962920839,Politics,0,0.47
ZbpXaXv785qfe7BTu,ce0c6410df0bfaedeb01dadbd253844117b1c7f5f22f72b07dd61720cc8827e0,13,0.89,4,1538962924881,Entertainment,1.5842,0.635
QxyrFTkWKnu7eRfKw,ce0c6410df0bfaedeb01dadbd253844117b1c7f5f22f72b07dd61720cc8827e0,14,0.23,4,1538962924885,Entertainment,1.1858,0.41
S3tzvjckQGdtTwwJX,ce0c6410df0bfaedeb01dadbd253844117b1c7f5f22f72b07dd61720cc8827e0,15,0.79,4,1538962924887,Entertainment,1.2482000000000002,0.645
dXnk8pq4RLtCfEEzb,ce0c6410df0bfaedeb01dadbd253844117b1c7f5f22f72b07dd61720cc8827e0,16,0,4,1538962924889,Entertainment,2,0.34
NTCf3AAHmpdr42dyb,ce0c6410df0bfaedeb01dadbd253844117b1c7f5f22f72b07dd61720cc8827e0,17,0.65,4,1538962924892,Entertainment,0.8450000000000001,0.615
WXDmQ58xDZHmdi3fL,ce0c6410df0bfaedeb01dadbd253844117b1c7f5f22f72b07dd61720cc8827e0,18,0.13,4,1538962924893,Entertainment,0.033800000000000004,0.485
LbEusWctt8Ks9R8tB,e94aa4d34cbf54ec2f2176517aa468bb1b8d5140fd4cce6beb1ae94193673ea1,1,0.4,4,1538963201665,Sports,0.72,0.65
7fupHviTdYhkjS5x9,e94aa4d34cbf54ec2f2176517aa468bb1b8d5140fd4cce6beb1ae94193673ea1,2,0.7,4,1538963201668,Sports,0.9799999999999999,0.555
M7DZKB8jJAr3bqgX3,e94aa4d34cbf54ec2f2176517aa468bb1b8d5140fd4cce6beb1ae94193673ea1,3,0.25,4,1538963201670,Sports,0.125,0.39
hcd7ettTuRZopT97f,e94aa4d34cbf54ec2f2176517aa468bb1b8d5140fd4cce6beb1ae94193673ea1,4,0.55,4,1538963201673,Sports,0.4049999999999999,0.69
LY6fvyRMDHeeyjwka,e94aa4d34cbf54ec2f2176517aa468bb1b8d5140fd4cce6beb1ae94193673ea1,5,0.5,4,1538963201674,Sports,0.5,0.61
fuuWFEHBaBB7khXGR,e94aa4d34cbf54ec2f2176517aa468bb1b8d5140fd4cce6beb1ae94193673ea1,6,0.55,4,1538963201676,Sports,0.6050000000000001,0.625
nqgCEJgN8LoHMfuJ8,e94aa4d34cbf54ec2f2176517aa468bb1b8d5140fd4cce6beb1ae94193673ea1,7,0.4,4,1538963283519,Politics,0.32000000000000006,0.665
uxHKdPr8oZwkdDMeT,e94aa4d34cbf54ec2f2176517aa468bb1b8d5140fd4cce6beb1ae94193673ea1,8,0.2,4,1538963283525,Politics,1.2800000000000002,0.43
k8F2bPnJq6YLW7gom,e94aa4d34cbf54ec2f2176517aa468bb1b8d5140fd4cce6beb1ae94193673ea1,9,0.38,4,1538963283529,Politics,0.2888,0.645
j454KMnbffbfpnRNL,e94aa4d34cbf54ec2f2176517aa468bb1b8d5140fd4cce6beb1ae94193673ea1,10,0.1,4,1538963283531,Politics,0.020000000000000004,0.545
7uzgQ5ToCDYrJ9EMw,e94aa4d34cbf54ec2f2176517aa468bb1b8d5140fd4cce6beb1ae94193673ea1,11,0.05,4,1538963283534,Politics,0.005000000000000001,0.285
cmKBTSEPZZoHtbhrq,e94aa4d34cbf54ec2f2176517aa468bb1b8d5140fd4cce6beb1ae94193673ea1,12,0.1,4,1538963283536,Politics,0.020000000000000004,0.47
7nX7b6Q9xGz54izkv,e94aa4d34cbf54ec2f2176517aa468bb1b8d5140fd4cce6beb1ae94193673ea1,13,0.35,4,1538963345467,Entertainment,0.24499999999999997,0.61
4obbJAb5ik3cmZ5Ya,e94aa4d34cbf54ec2f2176517aa468bb1b8d5140fd4cce6beb1ae94193673ea1,14,0.7,4,1538963345468,Entertainment,0.18000000000000005,0.55
DR2h5hevGRQcSoWTW,e94aa4d34cbf54ec2f2176517aa468bb1b8d5140fd4cce6beb1ae94193673ea1,15,0.39,4,1538963345470,Entertainment,0.3042,0.635
amT7AEJiD7fREdkZ2,e94aa4d34cbf54ec2f2176517aa468bb1b8d5140fd4cce6beb1ae94193673ea1,16,0.28,4,1538963345472,Entertainment,1.0368,0.485
8N9aNwx5si3cfKND6,e94aa4d34cbf54ec2f2176517aa468bb1b8d5140fd4cce6beb1ae94193673ea1,17,0.6,4,1538963345473,Entertainment,0.72,0.54
Z8t2ioRs5B63w9qrH,e94aa4d34cbf54ec2f2176517aa468bb1b8d5140fd4cce6beb1ae94193673ea1,18,0.25,4,1538963345477,Entertainment,0.125,0.44
D9zQyvx23Hcwjmw8k,d84df0183fd16e1e133ae858fd9a839acc69edc794e778edbd6cfef747b81d96,1,0.92,4,1538963489349,Sports,0.012799999999999987,0.645
GDbvPTTkhsrHLhE8o,d84df0183fd16e1e133ae858fd9a839acc69edc794e778edbd6cfef747b81d96,2,0.83,4,1538963489350,Sports,1.3778,0.69
gujm9AqxSNYZsiZNz,d84df0183fd16e1e133ae858fd9a839acc69edc794e778edbd6cfef747b81d96,3,0.55,4,1538963489352,Sports,0.6050000000000001,0.545
uW6r5xgcLbzjTs4pL,d84df0183fd16e1e133ae858fd9a839acc69edc794e778edbd6cfef747b81d96,4,0.86,4,1538963489353,Sports,0.039200000000000006,0.705
L6J82aHbF3LtuGhsJ,d84df0183fd16e1e133ae858fd9a839acc69edc794e778edbd6cfef747b81d96,5,0.51,4,1538963489353,Sports,0.5202,0.7
BHjZ9HebdDMx2tXSF,d84df0183fd16e1e133ae858fd9a839acc69edc794e778edbd6cfef747b81d96,6,0.15,4,1538963489354,Sports,0.045,0.43
fwD4JgaLjnvApvPyY,d84df0183fd16e1e133ae858fd9a839acc69edc794e778edbd6cfef747b81d96,7,0.94,4,1538963584660,Politics,1.7671999999999999,0.715
ZX3KW3GSPeQQGNr6C,d84df0183fd16e1e133ae858fd9a839acc69edc794e778edbd6cfef747b81d96,8,0.08,4,1538963584662,Politics,1.6928,0.305
AXrRvMaTH7guo98sh,d84df0183fd16e1e133ae858fd9a839acc69edc794e778edbd6cfef747b81d96,9,0.09,4,1538963584662,Politics,0.0162,0.27
2sRzd6rwmDL6Z4DQa,d84df0183fd16e1e133ae858fd9a839acc69edc794e778edbd6cfef747b81d96,10,0.06,4,1538963584664,Politics,0.0072,0.43
KCyXvxKDWDnszHfdY,d84df0183fd16e1e133ae858fd9a839acc69edc794e778edbd6cfef747b81d96,11,0.16,4,1538963584665,Politics,0.0512,0.555
DXJpGdQ9Epo9Abumi,d84df0183fd16e1e133ae858fd9a839acc69edc794e778edbd6cfef747b81d96,12,0.06,4,1538963584666,Politics,0.0072,0.47
Qokypy7qf5dgGCSHe,c3d338861c879c68d135d8ca219fdfdc1f61c9e20a6b27bd22d41589e0dbd8f9,1,0.82,4,1538963606719,Sports,0.06480000000000004,0.625
8SzaYQQQuJdgzosmK,c3d338861c879c68d135d8ca219fdfdc1f61c9e20a6b27bd22d41589e0dbd8f9,2,0.48,4,1538963606720,Sports,0.4608,0.68
u2GHZeqkAEJqLv4de,c3d338861c879c68d135d8ca219fdfdc1f61c9e20a6b27bd22d41589e0dbd8f9,3,0.62,4,1538963606720,Sports,0.7688,0.475
wt3TNm35hoXWJcBCM,c3d338861c879c68d135d8ca219fdfdc1f61c9e20a6b27bd22d41589e0dbd8f9,4,0.72,4,1538963606721,Sports,0.15680000000000002,0.67
NPPxwhPKb7XWokq5n,c3d338861c879c68d135d8ca219fdfdc1f61c9e20a6b27bd22d41589e0dbd8f9,5,0.67,4,1538963606721,Sports,0.8978000000000002,0.58
zjXZTyqGawaaRabD9,c3d338861c879c68d135d8ca219fdfdc1f61c9e20a6b27bd22d41589e0dbd8f9,6,0.36,4,1538963606721,Sports,0.2592,0.705
qZcKrXb77ptHZpWMR,c3d338861c879c68d135d8ca219fdfdc1f61c9e20a6b27bd22d41589e0dbd8f9,7,0.1,4,1538963642111,Politics,0.020000000000000004,0.3
hiPXzMRfPnmCYh2cR,c3d338861c879c68d135d8ca219fdfdc1f61c9e20a6b27bd22d41589e0dbd8f9,8,0.08,4,1538963642111,Politics,1.6928,0.22
jH3SKRKYpatBCDGMD,c3d338861c879c68d135d8ca219fdfdc1f61c9e20a6b27bd22d41589e0dbd8f9,9,0.84,4,1538963642111,Politics,1.4111999999999998,0.56
4T8YsdXEceZvyam2G,c3d338861c879c68d135d8ca219fdfdc1f61c9e20a6b27bd22d41589e0dbd8f9,10,0.04,4,1538963642111,Politics,0.0032,0.39
P5QScYQfztGbbs7Pm,c3d338861c879c68d135d8ca219fdfdc1f61c9e20a6b27bd22d41589e0dbd8f9,11,0.03,4,1538963642112,Politics,0.0018,0.355
QMCmeQAYx3ZN9Ftgd,c3d338861c879c68d135d8ca219fdfdc1f61c9e20a6b27bd22d41589e0dbd8f9,12,0.04,4,1538963642112,Politics,0.0032,0.415
ojpkeg7JmKkhLzdLM,c3d338861c879c68d135d8ca219fdfdc1f61c9e20a6b27bd22d41589e0dbd8f9,13,0.41,4,1538963666791,Entertainment,0.33619999999999994,0.635
pHdK3AMQcGEt9sp3A,c3d338861c879c68d135d8ca219fdfdc1f61c9e20a6b27bd22d41589e0dbd8f9,14,0.09,4,1538963666791,Entertainment,1.6562000000000001,0.25
59wCJ37zfxwxCYomS,c3d338861c879c68d135d8ca219fdfdc1f61c9e20a6b27bd22d41589e0dbd8f9,15,0.64,4,1538963666791,Entertainment,0.8192,0.565
uh8mFAfqTH22YDKF3,c3d338861c879c68d135d8ca219fdfdc1f61c9e20a6b27bd22d41589e0dbd8f9,16,0.21,4,1538963666792,Entertainment,1.2482000000000002,0.53
eHLiJBgbLQDChb4zz,c3d338861c879c68d135d8ca219fdfdc1f61c9e20a6b27bd22d41589e0dbd8f9,17,0.22,4,1538963666792,Entertainment,0.0968,0.455
x9mphk7McAieXDKjk,c3d338861c879c68d135d8ca219fdfdc1f61c9e20a6b27bd22d41589e0dbd8f9,18,0.48,4,1538963666792,Entertainment,0.4608,0.615
WFtgtioMviMXJytzP,d84df0183fd16e1e133ae858fd9a839acc69edc794e778edbd6cfef747b81d96,13,0.92,4,1538963717341,Entertainment,1.6928,0.57
vqNByw4xPWt5TuQuE,d84df0183fd16e1e133ae858fd9a839acc69edc794e778edbd6cfef747b81d96,14,1,4,1538963717342,Entertainment,0,0.645
eG5ZSWv7S3gQ7T57D,d84df0183fd16e1e133ae858fd9a839acc69edc794e778edbd6cfef747b81d96,15,0.57,4,1538963717343,Entertainment,0.6497999999999999,0.635
9M2RFgHg8NubzSN67,d84df0183fd16e1e133ae858fd9a839acc69edc794e778edbd6cfef747b81d96,16,0.79,4,1538963717344,Entertainment,0.08819999999999997,0.61
wMGLqxyJy9HrocDJP,d84df0183fd16e1e133ae858fd9a839acc69edc794e778edbd6cfef747b81d96,17,0.66,4,1538963717345,Entertainment,0.8712000000000001,0.555
8y8fEp5cmXb25MnkD,d84df0183fd16e1e133ae858fd9a839acc69edc794e778edbd6cfef747b81d96,18,0.18,4,1538963717346,Entertainment,0.0648,0.465
rNrLDLEHa8sKM7WS8,e95920525655c66543104ce1d79d9d9b23c3d303a3ee9891af7e0976b54d43af,1,0.7,4,1538969185617,Sports,0.18000000000000005,0.585
FPTv49dGoJc33hh63,e95920525655c66543104ce1d79d9d9b23c3d303a3ee9891af7e0976b54d43af,2,0.3,4,1538969185617,Sports,0.18,0.675
uoSvoBQQgnf43oFnB,e95920525655c66543104ce1d79d9d9b23c3d303a3ee9891af7e0976b54d43af,3,0.6,4,1538969185619,Sports,0.72,0.485
rhNoDyAvxxHvYMWHd,e95920525655c66543104ce1d79d9d9b23c3d303a3ee9891af7e0976b54d43af,4,0.3,4,1538969185619,Sports,0.9799999999999999,0.665
WorQyGDPXYiCJL2qB,e95920525655c66543104ce1d79d9d9b23c3d303a3ee9891af7e0976b54d43af,5,0.55,4,1538969185619,Sports,0.6050000000000001,0.58
mQb4tyufh2cNDHwh9,e95920525655c66543104ce1d79d9d9b23c3d303a3ee9891af7e0976b54d43af,6,0.6,4,1538969185620,Sports,0.72,0.57
7LvWxRJesdewwgcuo,e95920525655c66543104ce1d79d9d9b23c3d303a3ee9891af7e0976b54d43af,7,0.22,4,1538969189554,Politics,0.0968,0.33
v5Kzbcyf94XqvqsEh,e95920525655c66543104ce1d79d9d9b23c3d303a3ee9891af7e0976b54d43af,8,0.9,4,1538969189555,Politics,0.01999999999999999,0.56
vyGCRaxnEAtATfC5K,e95920525655c66543104ce1d79d9d9b23c3d303a3ee9891af7e0976b54d43af,9,0.9,4,1538969189555,Politics,1.62,0.46
egZEN9KHu7bh8XZpv,e95920525655c66543104ce1d79d9d9b23c3d303a3ee9891af7e0976b54d43af,10,0.13,4,1538969189555,Politics,0.033800000000000004,0.48
3rWXbgof4BMuBY3Pg,e95920525655c66543104ce1d79d9d9b23c3d303a3ee9891af7e0976b54d43af,11,0.8,4,1538969189555,Politics,1.2800000000000002,0.41
T3t2pxzmJGNMxCEhR,e95920525655c66543104ce1d79d9d9b23c3d303a3ee9891af7e0976b54d43af,12,0.8,4,1538969189556,Politics,1.2800000000000002,0.395
w4ydM4Qa5cNRhZaMe,e95920525655c66543104ce1d79d9d9b23c3d303a3ee9891af7e0976b54d43af,13,1,4,1538969192012,Entertainment,2,0.51
N22kBRqJBGRPorwWN,e95920525655c66543104ce1d79d9d9b23c3d303a3ee9891af7e0976b54d43af,14,0.22,4,1538969192013,Entertainment,1.2168,0.245
pwGijcGYcuduEr6Ej,e95920525655c66543104ce1d79d9d9b23c3d303a3ee9891af7e0976b54d43af,15,0.9,4,1538969192013,Entertainment,1.62,0.51
WhSvZoG9wK7H67RRL,e95920525655c66543104ce1d79d9d9b23c3d303a3ee9891af7e0976b54d43af,16,0.25,4,1538969192014,Entertainment,1.125,0.425
nFQixxqszdefs6T7q,e95920525655c66543104ce1d79d9d9b23c3d303a3ee9891af7e0976b54d43af,17,0.5,4,1538969192014,Entertainment,0.5,0.61
fm7EdYQYghDYecxAt,e95920525655c66543104ce1d79d9d9b23c3d303a3ee9891af7e0976b54d43af,18,0.69,4,1538969192015,Entertainment,0.9521999999999998,0.46
GaM8X2RpnEEYAMKeX,aaf4d03092d08abf84f5d7ee3db07413185e93f65cf38cd731c8683721891d52,1,0.77,4,1538971120919,Sports,0.10579999999999998,0.535
CFuWZD8vtcRQc3qHY,aaf4d03092d08abf84f5d7ee3db07413185e93f65cf38cd731c8683721891d52,2,0.63,4,1538971120920,Sports,0.7938000000000001,0.545
qoTmebPL89fXBCYZJ,aaf4d03092d08abf84f5d7ee3db07413185e93f65cf38cd731c8683721891d52,3,0.5,4,1538971120921,Sports,0.5,0.44
Sp8DNCWEiA42ZjMNZ,aaf4d03092d08abf84f5d7ee3db07413185e93f65cf38cd731c8683721891d52,4,0.32,4,1538971120922,Sports,0.9247999999999998,0.6
j3zNKE67yaXo7Kt2h,aaf4d03092d08abf84f5d7ee3db07413185e93f65cf38cd731c8683721891d52,5,0.5,4,1538971120923,Sports,0.5,0.51
q4nbm2WNrgHHuYfAK,aaf4d03092d08abf84f5d7ee3db07413185e93f65cf38cd731c8683721891d52,6,0.5,4,1538971120923,Sports,0.5,0.545
eDpkobGW9xg87Mfi3,aaf4d03092d08abf84f5d7ee3db07413185e93f65cf38cd731c8683721891d52,7,0.72,4,1538971153813,Politics,1.0368,0.51
aYj9pL8JzLeAp5psx,aaf4d03092d08abf84f5d7ee3db07413185e93f65cf38cd731c8683721891d52,8,0.5,4,1538971153814,Politics,0.5,0.565
G4EgxitGZG9He8tTB,aaf4d03092d08abf84f5d7ee3db07413185e93f65cf38cd731c8683721891d52,9,0.64,4,1538971153815,Politics,0.8192,0.41
oYtWhN6rDLrF6Bski,aaf4d03092d08abf84f5d7ee3db07413185e93f65cf38cd731c8683721891d52,10,0.64,4,1538971153815,Politics,0.8192,0.315
ukPC5PwofmDLMMkP8,aaf4d03092d08abf84f5d7ee3db07413185e93f65cf38cd731c8683721891d52,11,0.3,4,1538971153816,Politics,0.18,0.565
t4P9gChk8aF3YoFzc,aaf4d03092d08abf84f5d7ee3db07413185e93f65cf38cd731c8683721891d52,12,0.24,4,1538971153816,Politics,0.1152,0.345
SXT4GgwEichXnMgwe,aaf4d03092d08abf84f5d7ee3db07413185e93f65cf38cd731c8683721891d52,13,0.54,4,1538971176855,Entertainment,0.5832,0.535
Wp8yBjT27WwEpdXpA,aaf4d03092d08abf84f5d7ee3db07413185e93f65cf38cd731c8683721891d52,14,0.48,4,1538971176856,Entertainment,0.5408000000000001,0.585
hdvzpXc2yc9WrGLY6,aaf4d03092d08abf84f5d7ee3db07413185e93f65cf38cd731c8683721891d52,15,0.53,4,1538971176857,Entertainment,0.5618000000000001,0.545
7dfGj7t3a823yjXHy,aaf4d03092d08abf84f5d7ee3db07413185e93f65cf38cd731c8683721891d52,16,0.53,4,1538971176858,Entertainment,0.44179999999999997,0.53
NFWcrhkqZjobm2Kgi,aaf4d03092d08abf84f5d7ee3db07413185e93f65cf38cd731c8683721891d52,17,0.52,4,1538971176859,Entertainment,0.5408000000000001,0.495
ksfHjebwdYZskThh8,aaf4d03092d08abf84f5d7ee3db07413185e93f65cf38cd731c8683721891d52,18,0.52,4,1538971176859,Entertainment,0.5408000000000001,0.52
oynogJ8gWWy49Dwiu,e939f332cac5c3b6a929c47793d607acae5eea4747f51cbaced6e0f929108eac,1,0.69,4,1538971412906,Sports,0.19220000000000007,0.51
kxF8CDXJptzb4P6J4,e939f332cac5c3b6a929c47793d607acae5eea4747f51cbaced6e0f929108eac,2,0.31,4,1538971412907,Sports,0.1922,0.62
2apzPwNTAx7wY5GxT,e939f332cac5c3b6a929c47793d607acae5eea4747f51cbaced6e0f929108eac,3,0.61,4,1538971412907,Sports,0.7442,0.38
S9bySwNFytauGFvZc,e939f332cac5c3b6a929c47793d607acae5eea4747f51cbaced6e0f929108eac,4,0.69,4,1538971412908,Sports,0.19220000000000007,0.605
68iw27BjB7jPjEZAw,e939f332cac5c3b6a929c47793d607acae5eea4747f51cbaced6e0f929108eac,5,0.58,4,1538971412908,Sports,0.6728,0.505
J4B4kkich6sB3A5gE,e939f332cac5c3b6a929c47793d607acae5eea4747f51cbaced6e0f929108eac,6,0.5,4,1538971412909,Sports,0.5,0.58
ugk4YgMi77JoshM7P,e939f332cac5c3b6a929c47793d607acae5eea4747f51cbaced6e0f929108eac,7,0.2,4,1538971431916,Politics,0.08000000000000002,0.255
Mg8534dWbFTFGCGh5,e939f332cac5c3b6a929c47793d607acae5eea4747f51cbaced6e0f929108eac,8,0.55,4,1538971431916,Politics,0.4049999999999999,0.52
sppJGn2tBztz4SaQ7,e939f332cac5c3b6a929c47793d607acae5eea4747f51cbaced6e0f929108eac,9,0.5,4,1538971431916,Politics,0.5,0.495
FY4NhTN26nwWnxYy2,e939f332cac5c3b6a929c47793d607acae5eea4747f51cbaced6e0f929108eac,10,0.5,4,1538971431916,Politics,0.5,0.34
nkGbQ2bgBNwXTuKux,e939f332cac5c3b6a929c47793d607acae5eea4747f51cbaced6e0f929108eac,11,0.5,4,1538971431916,Politics,0.5,0.45
kJ9F9Tfh57i5MWcwM,e939f332cac5c3b6a929c47793d607acae5eea4747f51cbaced6e0f929108eac,12,0.5,4,1538971431917,Politics,0.5,0.42
N26fRvC3XJFbBAEHv,e939f332cac5c3b6a929c47793d607acae5eea4747f51cbaced6e0f929108eac,13,0.7,4,1538971443303,Entertainment,0.9799999999999999,0.5
CaYBTfCgnwDirvStT,e939f332cac5c3b6a929c47793d607acae5eea4747f51cbaced6e0f929108eac,14,0.5,4,1538971443305,Entertainment,0.5,0.595
KEr6CfyapkZ46y4wy,e939f332cac5c3b6a929c47793d607acae5eea4747f51cbaced6e0f929108eac,15,0.3,4,1538971443306,Entertainment,0.18,0.585
oE9pYeyfj4TqzSQPB,e939f332cac5c3b6a929c47793d607acae5eea4747f51cbaced6e0f929108eac,16,0.5,4,1538971443308,Entertainment,0.5,0.56
7zgGwj8tCEbGEhbuv,e939f332cac5c3b6a929c47793d607acae5eea4747f51cbaced6e0f929108eac,17,0.5,4,1538971443313,Entertainment,0.5,0.475
me6NpKQGNBf6KtXdS,e939f332cac5c3b6a929c47793d607acae5eea4747f51cbaced6e0f929108eac,18,0.5,4,1538971443314,Entertainment,0.5,0.545
xzc4xB7XaBTudgQLJ,393872d6bbb7d3f168fe19bfd203b21f7fb08997223ef534536a7ea64b45b03c,1,0.3,4,1538971906318,Sports,0.9799999999999999,0.68
6nXrYr6cCzcixgA8p,393872d6bbb7d3f168fe19bfd203b21f7fb08997223ef534536a7ea64b45b03c,2,0.3,4,1538971906324,Sports,0.18,0.68
8EDbgT4DK3C3mZGDR,393872d6bbb7d3f168fe19bfd203b21f7fb08997223ef534536a7ea64b45b03c,3,0.75,4,1538971906328,Sports,1.125,0.49
q6YqkESvgaPjkoh9p,393872d6bbb7d3f168fe19bfd203b21f7fb08997223ef534536a7ea64b45b03c,4,0.746,4,1538971906331,Sports,0.129032,0.595
PQMAGwi9TYniPMRnn,393872d6bbb7d3f168fe19bfd203b21f7fb08997223ef534536a7ea64b45b03c,5,0.9,4,1538971906335,Sports,1.62,0.475
oZq2jygeeQ3oDqbbD,393872d6bbb7d3f168fe19bfd203b21f7fb08997223ef534536a7ea64b45b03c,6,0.6,4,1538971906338,Sports,0.72,0.57
D9Cm4B4nM684kPoAr,393872d6bbb7d3f168fe19bfd203b21f7fb08997223ef534536a7ea64b45b03c,7,0.77,4,1538971943533,Politics,1.1858,0.585
yki4SzDFxtyjhT2kj,393872d6bbb7d3f168fe19bfd203b21f7fb08997223ef534536a7ea64b45b03c,8,0.29,4,1538971943537,Politics,1.0082,0.455
PeDbbJqERKeoGspLF,393872d6bbb7d3f168fe19bfd203b21f7fb08997223ef534536a7ea64b45b03c,9,0.2,4,1538971943541,Politics,0.08000000000000002,0.525
B6mCi5zXLgt84Z7by,393872d6bbb7d3f168fe19bfd203b21f7fb08997223ef534536a7ea64b45b03c,10,0.798,4,1538971943543,Politics,1.273608,0.43
67QsrGmuXrHCDoqoX,393872d6bbb7d3f168fe19bfd203b21f7fb08997223ef534536a7ea64b45b03c,11,0.15,4,1538971943545,Politics,0.045,0.415
xg9yNoQJzJh8bXTZs,393872d6bbb7d3f168fe19bfd203b21f7fb08997223ef534536a7ea64b45b03c,12,0.1,4,1538971943546,Politics,0.020000000000000004,0.48
CDqrxfo6PYNPNGtqq,393872d6bbb7d3f168fe19bfd203b21f7fb08997223ef534536a7ea64b45b03c,13,0.7,4,1538971986728,Entertainment,0.9799999999999999,0.515
cXyBRNBznNyE9qkXr,393872d6bbb7d3f168fe19bfd203b21f7fb08997223ef534536a7ea64b45b03c,14,0.6,4,1538971986745,Entertainment,0.32000000000000006,0.62
nM9TwhCqe2JQCbzSu,393872d6bbb7d3f168fe19bfd203b21f7fb08997223ef534536a7ea64b45b03c,15,0.2,4,1538971986758,Entertainment,0.08000000000000002,0.47
fS7BuBcZcASed9bfR,393872d6bbb7d3f168fe19bfd203b21f7fb08997223ef534536a7ea64b45b03c,16,0.797,4,1538971986761,Entertainment,0.08241799999999996,0.545
TbbWiHQ38wCEc5fGH,393872d6bbb7d3f168fe19bfd203b21f7fb08997223ef534536a7ea64b45b03c,17,0.8,4,1538971986762,Entertainment,1.2800000000000002,0.5
hKX6jQtKx8htoKots,393872d6bbb7d3f168fe19bfd203b21f7fb08997223ef534536a7ea64b45b03c,18,0.1,4,1538971986769,Entertainment,0.020000000000000004,0.43
NEMS5n29EgMbRdqfC,822814b2e380e74e6bb76b4d6dddca03f064cf694c0029598f7c5029aa2e0968,1,0.7,4,1538972209603,Sports,0.18000000000000005,0.515
RPxDYSH9rpsEB7cyc,822814b2e380e74e6bb76b4d6dddca03f064cf694c0029598f7c5029aa2e0968,2,0.5,4,1538972209609,Sports,0.5,0.59
fGeHKEt4wi55HpbZg,822814b2e380e74e6bb76b4d6dddca03f064cf694c0029598f7c5029aa2e0968,3,0.5,4,1538972209614,Sports,0.5,0.49
DwPb8X2HiapG5pQKM,822814b2e380e74e6bb76b4d6dddca03f064cf694c0029598f7c5029aa2e0968,4,0.2,4,1538972209619,Sports,1.2800000000000002,0.345
NtL86gwiAyn7mQM4q,822814b2e380e74e6bb76b4d6dddca03f064cf694c0029598f7c5029aa2e0968,5,0.5,4,1538972209622,Sports,0.5,0.525
r572kXnNB2k2pv4ed,822814b2e380e74e6bb76b4d6dddca03f064cf694c0029598f7c5029aa2e0968,6,0.5,4,1538972209624,Sports,0.5,0.58
H5Tyo9wzbLYe7pkki,822814b2e380e74e6bb76b4d6dddca03f064cf694c0029598f7c5029aa2e0968,7,0.7,4,1538972225827,Politics,0.9799999999999999,0.555
mRZ7DHhX6GQS6Ddf7,822814b2e380e74e6bb76b4d6dddca03f064cf694c0029598f7c5029aa2e0968,8,0.7,4,1538972225832,Politics,0.18000000000000005,0.525
6ygQsWK8naMsGbJ5s,822814b2e380e74e6bb76b4d6dddca03f064cf694c0029598f7c5029aa2e0968,9,0.2,4,1538972225836,Politics,0.08000000000000002,0.455
AdvDJ4QuuQWjw3tsJ,822814b2e380e74e6bb76b4d6dddca03f064cf694c0029598f7c5029aa2e0968,10,0.2,4,1538972225838,Politics,0.08000000000000002,0.335
af9PjbRkdsQxqDRgL,822814b2e380e74e6bb76b4d6dddca03f064cf694c0029598f7c5029aa2e0968,11,0.3,4,1538972225841,Politics,0.18,0.58
xY5ybxpLkPxsKPQTv,822814b2e380e74e6bb76b4d6dddca03f064cf694c0029598f7c5029aa2e0968,12,0.1,4,1538972225850,Politics,0.020000000000000004,0.435
AwNoorXELWHydRYd9,822814b2e380e74e6bb76b4d6dddca03f064cf694c0029598f7c5029aa2e0968,13,0.5,4,1538972235811,Entertainment,0.5,0.565
kqSbcpFH3PXvnT4my,822814b2e380e74e6bb76b4d6dddca03f064cf694c0029598f7c5029aa2e0968,14,0.5,4,1538972235812,Entertainment,0.5,0.585
3jfDvsCMyDJ6pu8se,822814b2e380e74e6bb76b4d6dddca03f064cf694c0029598f7c5029aa2e0968,15,0.5,4,1538972235815,Entertainment,0.5,0.58
9NN9m2ubgSMD7Qufn,822814b2e380e74e6bb76b4d6dddca03f064cf694c0029598f7c5029aa2e0968,16,0.5,4,1538972235817,Entertainment,0.5,0.635
7XexGSvp9WFX9JTDs,822814b2e380e74e6bb76b4d6dddca03f064cf694c0029598f7c5029aa2e0968,17,0.5,4,1538972235818,Entertainment,0.5,0.535
deN5EnSnypd5vApu8,822814b2e380e74e6bb76b4d6dddca03f064cf694c0029598f7c5029aa2e0968,18,0.5,4,1538972235820,Entertainment,0.5,0.575
h4Wq5tCCJdZYBFryA,aac304f43da36ba41fce2580e6b193ee5060977b9eda87f72f58977e26d53ad4,1,0.65,4,1538974441244,Sports,0.24499999999999997,0.505
FuhDmHc69nx7QGc5X,aac304f43da36ba41fce2580e6b193ee5060977b9eda87f72f58977e26d53ad4,2,0.58,4,1538974441245,Sports,0.6728,0.525
2TXyNpwqfxy348bna,aac304f43da36ba41fce2580e6b193ee5060977b9eda87f72f58977e26d53ad4,3,0.7,4,1538974441245,Sports,0.9799999999999999,0.43
h2SbYYmnQ2FSCXfjr,aac304f43da36ba41fce2580e6b193ee5060977b9eda87f72f58977e26d53ad4,4,0.6,4,1538974441246,Sports,0.32000000000000006,0.585
pSxKNAj3aepJGimKo,aac304f43da36ba41fce2580e6b193ee5060977b9eda87f72f58977e26d53ad4,5,0.48,4,1538974441246,Sports,0.4608,0.515
xK2gBdTzYkk6KkwBH,aac304f43da36ba41fce2580e6b193ee5060977b9eda87f72f58977e26d53ad4,6,0.65,4,1538974441247,Sports,0.8450000000000001,0.545
okf4xWsbv6jFRSSqP,aac304f43da36ba41fce2580e6b193ee5060977b9eda87f72f58977e26d53ad4,7,0.6,4,1538974456426,Politics,0.72,0.555
FMF4RgQxRvMjJuJou,aac304f43da36ba41fce2580e6b193ee5060977b9eda87f72f58977e26d53ad4,8,0.41,4,1538974456427,Politics,0.6962000000000002,0.565
HKFo79mQxWfwBTbj9,aac304f43da36ba41fce2580e6b193ee5060977b9eda87f72f58977e26d53ad4,9,0.67,4,1538974456428,Politics,0.8978000000000002,0.505
sRvbcAzZqaz7Nb3eu,aac304f43da36ba41fce2580e6b193ee5060977b9eda87f72f58977e26d53ad4,10,0.58,4,1538974456428,Politics,0.6728,0.39
SxQZwBXQhv3vEQJBE,aac304f43da36ba41fce2580e6b193ee5060977b9eda87f72f58977e26d53ad4,11,0.38,4,1538974456429,Politics,0.2888,0.545
rk2cDiNfyh8Ym85gy,aac304f43da36ba41fce2580e6b193ee5060977b9eda87f72f58977e26d53ad4,12,0.6,4,1538974456429,Politics,0.72,0.395
gCwFQXYJYtj5yguaf,aac304f43da36ba41fce2580e6b193ee5060977b9eda87f72f58977e26d53ad4,13,0.67,4,1538974463673,Entertainment,0.8978000000000002,0.465
su5b69qbTmmQZ278Y,aac304f43da36ba41fce2580e6b193ee5060977b9eda87f72f58977e26d53ad4,14,0.65,4,1538974463674,Entertainment,0.24499999999999997,0.53
AEudyQspbbmKGzuae,aac304f43da36ba41fce2580e6b193ee5060977b9eda87f72f58977e26d53ad4,15,0.63,4,1538974463675,Entertainment,0.7938000000000001,0.445
Fzjt9M35Tc7jhpcJE,aac304f43da36ba41fce2580e6b193ee5060977b9eda87f72f58977e26d53ad4,16,0.6,4,1538974463675,Entertainment,0.32000000000000006,0.49
GBJYS7EPB28gMtZ3C,aac304f43da36ba41fce2580e6b193ee5060977b9eda87f72f58977e26d53ad4,17,0.34,4,1538974463676,Entertainment,0.23120000000000004,0.545
yc3rSaZiEF8X2EdQH,aac304f43da36ba41fce2580e6b193ee5060977b9eda87f72f58977e26d53ad4,18,0.73,4,1538974463676,Entertainment,1.0657999999999999,0.475
qTBxymMRjdALYTHnM,f94f1cfc7b203b8346e1fc08a565f2065e5c1c44cc0d229080ba106d8cb06ec6,1,0.6,4,1538974801092,Sports,0.32000000000000006,0.52
dGF7WfeM5kTLgXeMz,f94f1cfc7b203b8346e1fc08a565f2065e5c1c44cc0d229080ba106d8cb06ec6,2,0.3,4,1538974801106,Sports,0.18,0.635
kjY86AwdiQaYi3HDN,f94f1cfc7b203b8346e1fc08a565f2065e5c1c44cc0d229080ba106d8cb06ec6,3,0.6,4,1538974801113,Sports,0.72,0.46
CHfRqHdpj97p57hBR,f94f1cfc7b203b8346e1fc08a565f2065e5c1c44cc0d229080ba106d8cb06ec6,4,0.3,4,1538974801118,Sports,0.9799999999999999,0.62
Pf6fKXt4NX3Bs8XdG,f94f1cfc7b203b8346e1fc08a565f2065e5c1c44cc0d229080ba106d8cb06ec6,5,0.5,4,1538974801124,Sports,0.5,0.56
8T2iSHYCfntswe5H8,f94f1cfc7b203b8346e1fc08a565f2065e5c1c44cc0d229080ba106d8cb06ec6,6,0.7,4,1538974801127,Sports,0.9799999999999999,0.49
nLa2XGTTK6AFCtdJA,486d85e4e42576f52ec392ca4dc83f027d00ddc09f9368ff53234848bf648f0a,1,0.55,4,1538974811838,Sports,0.4049999999999999,0.62
mccZARMJ4hFfvY3q8,486d85e4e42576f52ec392ca4dc83f027d00ddc09f9368ff53234848bf648f0a,2,0.6,4,1538974811848,Sports,0.72,0.565
j5CdA8hAQoiWDw6LL,486d85e4e42576f52ec392ca4dc83f027d00ddc09f9368ff53234848bf648f0a,3,0.4,4,1538974811853,Sports,0.32000000000000006,0.515
Py3YWH3k3aQS4Ea5J,486d85e4e42576f52ec392ca4dc83f027d00ddc09f9368ff53234848bf648f0a,4,0.3,4,1538974811862,Sports,0.9799999999999999,0.68
Ap5vANiRw6irnpeQY,486d85e4e42576f52ec392ca4dc83f027d00ddc09f9368ff53234848bf648f0a,5,0.5,4,1538974811867,Sports,0.5,0.565
eAM2WpWC6nQ6wqY8c,486d85e4e42576f52ec392ca4dc83f027d00ddc09f9368ff53234848bf648f0a,6,0.5,4,1538974811872,Sports,0.5,0.545
cBHQQ8fJBMX2XZfGJ,486d85e4e42576f52ec392ca4dc83f027d00ddc09f9368ff53234848bf648f0a,7,0.8,4,1538974823926,Politics,1.2800000000000002,0.535
6dgWXk2nQvY2ekxf4,486d85e4e42576f52ec392ca4dc83f027d00ddc09f9368ff53234848bf648f0a,8,0.8,4,1538974823935,Politics,0.07999999999999996,0.53
6K5iqR2GkhGLGpNN2,486d85e4e42576f52ec392ca4dc83f027d00ddc09f9368ff53234848bf648f0a,9,0.2,4,1538974823938,Politics,0.08000000000000002,0.415
FqwK7H4nzrQHE4Mmc,486d85e4e42576f52ec392ca4dc83f027d00ddc09f9368ff53234848bf648f0a,10,0.2,4,1538974823943,Politics,0.08000000000000002,0.385
esADSFafcqujS2juH,486d85e4e42576f52ec392ca4dc83f027d00ddc09f9368ff53234848bf648f0a,11,0.1,4,1538974823945,Politics,0.020000000000000004,0.435
cMQpAjbCdcpuM9ATS,486d85e4e42576f52ec392ca4dc83f027d00ddc09f9368ff53234848bf648f0a,12,0.1,4,1538974823952,Politics,0.020000000000000004,0.41
pNtCDZZY2csm2qjmY,f94f1cfc7b203b8346e1fc08a565f2065e5c1c44cc0d229080ba106d8cb06ec6,7,0.6,4,1538974834179,Politics,0.72,0.55
4ZQspAht7GgtwC7TR,f94f1cfc7b203b8346e1fc08a565f2065e5c1c44cc0d229080ba106d8cb06ec6,8,0.6,4,1538974834187,Politics,0.32000000000000006,0.55
fgemcuG3cEvW7uNE9,f94f1cfc7b203b8346e1fc08a565f2065e5c1c44cc0d229080ba106d8cb06ec6,9,0.4,4,1538974834192,Politics,0.32000000000000006,0.555
a3b64aticgoZNTJG3,f94f1cfc7b203b8346e1fc08a565f2065e5c1c44cc0d229080ba106d8cb06ec6,10,0.3,4,1538974834194,Politics,0.18,0.53
8Z5mLGWg5BX7PxzN9,f94f1cfc7b203b8346e1fc08a565f2065e5c1c44cc0d229080ba106d8cb06ec6,11,0.2,4,1538974834198,Politics,0.08000000000000002,0.48
nAmKqabKW2NSWu8uX,f94f1cfc7b203b8346e1fc08a565f2065e5c1c44cc0d229080ba106d8cb06ec6,12,0,4,1538974834210,Politics,0,0.34
jjHNNe7EPfdSuGiwE,f94f1cfc7b203b8346e1fc08a565f2065e5c1c44cc0d229080ba106d8cb06ec6,13,0.5,4,1538974842420,Entertainment,0.5,0.565
RoF8eyhhHA73KgkW6,f94f1cfc7b203b8346e1fc08a565f2065e5c1c44cc0d229080ba106d8cb06ec6,14,0.5,4,1538974842430,Entertainment,0.5,0.535
PLdAEeC48x35qvrtw,f94f1cfc7b203b8346e1fc08a565f2065e5c1c44cc0d229080ba106d8cb06ec6,15,0.5,4,1538974842437,Entertainment,0.5,0.56
HbwbhsSNER8Bddaiy,f94f1cfc7b203b8346e1fc08a565f2065e5c1c44cc0d229080ba106d8cb06ec6,16,0.5,4,1538974842441,Entertainment,0.5,0.54
fx2m9pAAjxdecLhgp,f94f1cfc7b203b8346e1fc08a565f2065e5c1c44cc0d229080ba106d8cb06ec6,17,0.5,4,1538974842443,Entertainment,0.5,0.5
5ptkA3Tet8Wgj97XB,f94f1cfc7b203b8346e1fc08a565f2065e5c1c44cc0d229080ba106d8cb06ec6,18,0.5,4,1538974842444,Entertainment,0.5,0.59
2BvgEZt8ZEnWh36tW,486d85e4e42576f52ec392ca4dc83f027d00ddc09f9368ff53234848bf648f0a,13,0.35,4,1538974854737,Entertainment,0.24499999999999997,0.62
t6tHDYih36hPLmrrd,486d85e4e42576f52ec392ca4dc83f027d00ddc09f9368ff53234848bf648f0a,14,0.3,4,1538974854746,Entertainment,0.9799999999999999,0.625
xajiTE8fCouLBtGbS,486d85e4e42576f52ec392ca4dc83f027d00ddc09f9368ff53234848bf648f0a,15,0.26,4,1538974854750,Entertainment,0.13520000000000001,0.4
hx27a395dkTfTThxa,486d85e4e42576f52ec392ca4dc83f027d00ddc09f9368ff53234848bf648f0a,16,0.29,4,1538974854756,Entertainment,1.0082,0.37
jiur2hk6RtTDR4rbe,486d85e4e42576f52ec392ca4dc83f027d00ddc09f9368ff53234848bf648f0a,17,0.35,4,1538974854760,Entertainment,0.24499999999999997,0.595
hLYZQQkfi9ZTtaTs7,486d85e4e42576f52ec392ca4dc83f027d00ddc09f9368ff53234848bf648f0a,18,0.39,4,1538974854762,Entertainment,0.3042,0.585
j43LyfvkQaTnyBrGg,2cf7571fee3c800a951185bd0a9a83d3443460922cd03ac70f5cab2a29f36381,1,0.5,4,1538975613459,Sports,0.5,0.57
LKe7uabnLdXr552LK,2cf7571fee3c800a951185bd0a9a83d3443460922cd03ac70f5cab2a29f36381,2,0.5,4,1538975613463,Sports,0.5,0.565
skW55DNNsyMxu3uKn,2cf7571fee3c800a951185bd0a9a83d3443460922cd03ac70f5cab2a29f36381,3,0.3,4,1538975613464,Sports,0.18,0.61
kxRWthL4cgj9co5mr,2cf7571fee3c800a951185bd0a9a83d3443460922cd03ac70f5cab2a29f36381,4,0.3,4,1538975613465,Sports,0.9799999999999999,0.61
AzgmPEbLiW8Tbbrnf,2cf7571fee3c800a951185bd0a9a83d3443460922cd03ac70f5cab2a29f36381,5,0.7,4,1538975613467,Sports,0.9799999999999999,0.43
m8zLBLEPgXj9gqu6F,2cf7571fee3c800a951185bd0a9a83d3443460922cd03ac70f5cab2a29f36381,6,0.3,4,1538975613472,Sports,0.18,0.565
JHH5wEPAvB4axASD2,2cf7571fee3c800a951185bd0a9a83d3443460922cd03ac70f5cab2a29f36381,7,0.5,4,1538975636747,Politics,0.5,0.6
MySsAnMXZj29v9mEn,2cf7571fee3c800a951185bd0a9a83d3443460922cd03ac70f5cab2a29f36381,8,0.6,4,1538975636749,Politics,0.32000000000000006,0.51
mF6g78y5rJGe2hWef,2cf7571fee3c800a951185bd0a9a83d3443460922cd03ac70f5cab2a29f36381,9,0.1,4,1538975636750,Politics,0.020000000000000004,0.325
p3h43GmoKsdkhMp4r,2cf7571fee3c800a951185bd0a9a83d3443460922cd03ac70f5cab2a29f36381,10,0.3,4,1538975636753,Politics,0.18,0.51
LTLtzFvXdmE4f8dJc,2cf7571fee3c800a951185bd0a9a83d3443460922cd03ac70f5cab2a29f36381,11,0.5,4,1538975636754,Politics,0.5,0.45
ndFkfokaMu5Rta2G9,2cf7571fee3c800a951185bd0a9a83d3443460922cd03ac70f5cab2a29f36381,12,0.1,4,1538975636755,Politics,0.020000000000000004,0.375
L4Gqmo9mYFQBu7BfC,2cf7571fee3c800a951185bd0a9a83d3443460922cd03ac70f5cab2a29f36381,13,0.5,4,1538975655182,Entertainment,0.5,0.525
4C3Tz9z7e4rPRDeYZ,2cf7571fee3c800a951185bd0a9a83d3443460922cd03ac70f5cab2a29f36381,14,0.5,4,1538975655189,Entertainment,0.5,0.515
MGHoR94C8PD5LN4PX,2cf7571fee3c800a951185bd0a9a83d3443460922cd03ac70f5cab2a29f36381,15,0.6,4,1538975655191,Entertainment,0.72,0.475
ywrptPg7WCtipsBdc,2cf7571fee3c800a951185bd0a9a83d3443460922cd03ac70f5cab2a29f36381,16,0.6,4,1538975655194,Entertainment,0.32000000000000006,0.435
XeAx8Q5rWz6hFwSSX,2cf7571fee3c800a951185bd0a9a83d3443460922cd03ac70f5cab2a29f36381,17,0.4,4,1538975655196,Entertainment,0.32000000000000006,0.505
3Lapu2CbRrBsm5QLk,2cf7571fee3c800a951185bd0a9a83d3443460922cd03ac70f5cab2a29f36381,18,0.3,4,1538975655197,Entertainment,0.18,0.525
LirsxpgYNZbCYY6b4,9fbc370b2140b98df65f55d8664b4a0f9bdc31656bdafb91e57fef6063ac6bb4,1,0.93,4,1538978892283,Sports,0.009799999999999986,0.545
baKJE42eGSRaNAfMF,9fbc370b2140b98df65f55d8664b4a0f9bdc31656bdafb91e57fef6063ac6bb4,2,0.33,4,1538978892284,Sports,0.21780000000000002,0.64
7xGyD6oa8aQfk7s23,9fbc370b2140b98df65f55d8664b4a0f9bdc31656bdafb91e57fef6063ac6bb4,3,0.32,4,1538978892284,Sports,0.2048,0.56
tZEYacrm8P7WJPLjL,9fbc370b2140b98df65f55d8664b4a0f9bdc31656bdafb91e57fef6063ac6bb4,4,0.89,4,1538978892284,Sports,0.024199999999999996,0.65
D9e4qAw26tKRTNFmJ,9fbc370b2140b98df65f55d8664b4a0f9bdc31656bdafb91e57fef6063ac6bb4,5,0.24,4,1538978892285,Sports,0.1152,0.42
ayt6FGeaP82BQzGoL,9fbc370b2140b98df65f55d8664b4a0f9bdc31656bdafb91e57fef6063ac6bb4,6,0.16,4,1538978892286,Sports,0.0512,0.36
dP5pYhcdmXYZ5a3MB,9fbc370b2140b98df65f55d8664b4a0f9bdc31656bdafb91e57fef6063ac6bb4,7,0.71,4,1538978936430,Politics,1.0082,0.58
kX5b7mRrju6SDEmXy,9fbc370b2140b98df65f55d8664b4a0f9bdc31656bdafb91e57fef6063ac6bb4,8,0.908,4,1538978936430,Politics,0.016927999999999988,0.515
d8oj7jyBPMr3DxaTn,9fbc370b2140b98df65f55d8664b4a0f9bdc31656bdafb91e57fef6063ac6bb4,9,0.49,4,1538978936431,Politics,0.48019999999999996,0.56
EYwXTzAP3aL5SPGWu,9fbc370b2140b98df65f55d8664b4a0f9bdc31656bdafb91e57fef6063ac6bb4,10,0.06,4,1538978936431,Politics,0.0072,0.35
oqMWnNRKnA8K3mgkt,9fbc370b2140b98df65f55d8664b4a0f9bdc31656bdafb91e57fef6063ac6bb4,11,0.53,4,1538978936431,Politics,0.5618000000000001,0.455
WnEZJKDrgekaARpJX,9fbc370b2140b98df65f55d8664b4a0f9bdc31656bdafb91e57fef6063ac6bb4,12,0.4,4,1538978936432,Politics,0.32000000000000006,0.415
jX9GNHSvE3hesoC7X,9fbc370b2140b98df65f55d8664b4a0f9bdc31656bdafb91e57fef6063ac6bb4,13,0.89,4,1538978963078,Entertainment,1.5842,0.53
Y7vFYkSWcyQactN6r,9fbc370b2140b98df65f55d8664b4a0f9bdc31656bdafb91e57fef6063ac6bb4,14,0.89,4,1538978963078,Entertainment,0.024199999999999996,0.555
nvH9d8WpP47Jbemza,9fbc370b2140b98df65f55d8664b4a0f9bdc31656bdafb91e57fef6063ac6bb4,15,0.77,4,1538978963079,Entertainment,1.1858,0.52
sm9jyePdHNsXboyre,9fbc370b2140b98df65f55d8664b4a0f9bdc31656bdafb91e57fef6063ac6bb4,16,0.74,4,1538978963079,Entertainment,0.13520000000000001,0.45
2tfiaehKFjPdfBZH6,9fbc370b2140b98df65f55d8664b4a0f9bdc31656bdafb91e57fef6063ac6bb4,17,0.25,4,1538978963079,Entertainment,0.125,0.415
gLNrQXTmZ6XCsSKhX,9fbc370b2140b98df65f55d8664b4a0f9bdc31656bdafb91e57fef6063ac6bb4,18,0.37,4,1538978963079,Entertainment,0.2738,0.61
qSZH5w7g8kmQP9RH9,5bd0a735bac05c9c894cad6728f1de3e31c96c9da568d521a9a1d6dab62a065f,1,0.6,4,1538980610909,Sports,0.32000000000000006,0.57
paHaSMfkMrYREN3kn,5bd0a735bac05c9c894cad6728f1de3e31c96c9da568d521a9a1d6dab62a065f,2,0.3,4,1538980610915,Sports,0.18,0.67
pxzN7BMMiHJY9pyA4,5bd0a735bac05c9c894cad6728f1de3e31c96c9da568d521a9a1d6dab62a065f,3,0.3,4,1538980610922,Sports,0.18,0.615
P3xdQ22W3zSwzF5ba,5bd0a735bac05c9c894cad6728f1de3e31c96c9da568d521a9a1d6dab62a065f,4,0.9,4,1538980610926,Sports,0.01999999999999999,0.625
Jksy9qmSGB239WreA,5bd0a735bac05c9c894cad6728f1de3e31c96c9da568d521a9a1d6dab62a065f,5,0.5,4,1538980610930,Sports,0.5,0.59
qtqknTwAqS8iWNrBw,5bd0a735bac05c9c894cad6728f1de3e31c96c9da568d521a9a1d6dab62a065f,6,0.5,4,1538980610934,Sports,0.5,0.64
8uBXN7QegsuhGop3S,5bd0a735bac05c9c894cad6728f1de3e31c96c9da568d521a9a1d6dab62a065f,7,0.8,4,1538980707203,Politics,1.2800000000000002,0.625
f6k3ksyu6pnQyviKo,5bd0a735bac05c9c894cad6728f1de3e31c96c9da568d521a9a1d6dab62a065f,8,0.6,4,1538980707207,Politics,0.32000000000000006,0.54
SHryWmtXtpiTpgrhC,5bd0a735bac05c9c894cad6728f1de3e31c96c9da568d521a9a1d6dab62a065f,9,0.7,4,1538980707210,Politics,0.9799999999999999,0.475
QhGWEeJMB8kLHuG25,5bd0a735bac05c9c894cad6728f1de3e31c96c9da568d521a9a1d6dab62a065f,10,0.1,4,1538980707213,Politics,0.020000000000000004,0.51
hegL8JqwzYAJ6qyqE,5bd0a735bac05c9c894cad6728f1de3e31c96c9da568d521a9a1d6dab62a065f,11,0.5,4,1538980707215,Politics,0.5,0.545
mQhz4RT8ng8rBzXWm,5bd0a735bac05c9c894cad6728f1de3e31c96c9da568d521a9a1d6dab62a065f,12,0.1,4,1538980707218,Politics,0.020000000000000004,0.435
AcNS2pHQrkE3ezD8W,5bd0a735bac05c9c894cad6728f1de3e31c96c9da568d521a9a1d6dab62a065f,13,0.8,4,1538980725257,Entertainment,1.2800000000000002,0.505
YyyTXuizbx99XdxwB,5bd0a735bac05c9c894cad6728f1de3e31c96c9da568d521a9a1d6dab62a065f,14,0.8,4,1538980725260,Entertainment,0.07999999999999996,0.575
XFLNBRui2kfYXyDtY,5bd0a735bac05c9c894cad6728f1de3e31c96c9da568d521a9a1d6dab62a065f,15,0.55,4,1538980725265,Entertainment,0.6050000000000001,0.565
GpsLyjQChe9zZveSP,5bd0a735bac05c9c894cad6728f1de3e31c96c9da568d521a9a1d6dab62a065f,16,0.1,4,1538980725268,Entertainment,1.62,0.36
5Xnt6yeu8SkuTQhH8,5bd0a735bac05c9c894cad6728f1de3e31c96c9da568d521a9a1d6dab62a065f,17,0.1,4,1538980725270,Entertainment,0.020000000000000004,0.355
EXdbvdJsxPdrweXdN,5bd0a735bac05c9c894cad6728f1de3e31c96c9da568d521a9a1d6dab62a065f,18,0.2,4,1538980725272,Entertainment,0.08000000000000002,0.435
gKxppLoEJNERvhGbt,4b5fcd38f751a0f0ddb2369c94cc49f1d8b0b01baac35c4d33d4a9bf1729bfd2,1,0.16,4,1538981961852,Sports,1.4111999999999998,0.235
Ys2smbv2nbNSo3mCk,4b5fcd38f751a0f0ddb2369c94cc49f1d8b0b01baac35c4d33d4a9bf1729bfd2,2,1,4,1538981961870,Sports,2,0.62
3mHJfdjZSyE3robhm,4b5fcd38f751a0f0ddb2369c94cc49f1d8b0b01baac35c4d33d4a9bf1729bfd2,3,0.71,4,1538981961887,Sports,1.0082,0.5
FhhD5jZZQvfsosRw9,4b5fcd38f751a0f0ddb2369c94cc49f1d8b0b01baac35c4d33d4a9bf1729bfd2,4,1,4,1538981961892,Sports,0,0.615
ZWQJ9bqCzhqRSGCw6,4b5fcd38f751a0f0ddb2369c94cc49f1d8b0b01baac35c4d33d4a9bf1729bfd2,5,0.28,4,1538981961897,Sports,0.15680000000000002,0.46
cY5uP7NZmMnaZ3A3u,4b5fcd38f751a0f0ddb2369c94cc49f1d8b0b01baac35c4d33d4a9bf1729bfd2,6,0.14,4,1538981961900,Sports,0.039200000000000006,0.27
sBkC7uAuKQyMwBvx5,4b5fcd38f751a0f0ddb2369c94cc49f1d8b0b01baac35c4d33d4a9bf1729bfd2,7,0.42,4,1538982046709,Politics,0.35279999999999995,0.655
rNJG3HXL8KtFhde6C,4b5fcd38f751a0f0ddb2369c94cc49f1d8b0b01baac35c4d33d4a9bf1729bfd2,8,0.74,4,1538982046713,Politics,0.13520000000000001,0.545
ZKTCCPggT4K9HJgH6,4b5fcd38f751a0f0ddb2369c94cc49f1d8b0b01baac35c4d33d4a9bf1729bfd2,9,0.88,4,1538982046717,Politics,1.5488,0.52
e7jRYrNGu8PH5cuyF,4b5fcd38f751a0f0ddb2369c94cc49f1d8b0b01baac35c4d33d4a9bf1729bfd2,10,0.77,4,1538982046723,Politics,1.1858,0.37
jKYTgjRNFRdx8NN3P,4b5fcd38f751a0f0ddb2369c94cc49f1d8b0b01baac35c4d33d4a9bf1729bfd2,11,0.76,4,1538982046726,Politics,1.1552,0.49
kr6Gr97jiieCkqawf,4b5fcd38f751a0f0ddb2369c94cc49f1d8b0b01baac35c4d33d4a9bf1729bfd2,12,0.72,4,1538982046729,Politics,1.0368,0.47
PqQJzsr7LKPPuPJi6,4b5fcd38f751a0f0ddb2369c94cc49f1d8b0b01baac35c4d33d4a9bf1729bfd2,13,0.76,4,1538982100350,Entertainment,1.1552,0.525
5we6z4zdpZWCZNCLZ,4b5fcd38f751a0f0ddb2369c94cc49f1d8b0b01baac35c4d33d4a9bf1729bfd2,14,0.4,4,1538982100353,Entertainment,0.72,0.665
dNJW9zb9eapSTHGin,4b5fcd38f751a0f0ddb2369c94cc49f1d8b0b01baac35c4d33d4a9bf1729bfd2,15,0.86,4,1538982100355,Entertainment,1.4791999999999998,0.5
Kn8WgZsqx7A5Lpr8A,4b5fcd38f751a0f0ddb2369c94cc49f1d8b0b01baac35c4d33d4a9bf1729bfd2,16,0.23,4,1538982100358,Entertainment,1.1858,0.44
6QRRAMQfKhMac6qqq,4b5fcd38f751a0f0ddb2369c94cc49f1d8b0b01baac35c4d33d4a9bf1729bfd2,17,0.88,4,1538982100360,Entertainment,1.5488,0.495
q9XcLjC6BE98w42zc,4b5fcd38f751a0f0ddb2369c94cc49f1d8b0b01baac35c4d33d4a9bf1729bfd2,18,0.1,4,1538982100363,Entertainment,0.020000000000000004,0.445
KBcrGphXTmtzrXggE,6201b94d681c3b067a3454da28d26ad41894a93b6ee49018a185b20e7a39a7c8,1,0.7,4,1538983357665,Sports,0.18000000000000005,0.575
6icgHXr6hoiGdSiib,6201b94d681c3b067a3454da28d26ad41894a93b6ee49018a185b20e7a39a7c8,2,0.56,4,1538983357665,Sports,0.6272000000000001,0.58
hAxZWuFSa7o6vGab4,6201b94d681c3b067a3454da28d26ad41894a93b6ee49018a185b20e7a39a7c8,3,0.45,4,1538983357665,Sports,0.405,0.5
NP2vuDCnEQqPLRudB,6201b94d681c3b067a3454da28d26ad41894a93b6ee49018a185b20e7a39a7c8,4,0.7,4,1538983357666,Sports,0.18000000000000005,0.535
ybyM8cm7oXYbfQpH8,6201b94d681c3b067a3454da28d26ad41894a93b6ee49018a185b20e7a39a7c8,5,0.41,4,1538983357666,Sports,0.33619999999999994,0.51
fZaWZWhQutnpwD6zj,6201b94d681c3b067a3454da28d26ad41894a93b6ee49018a185b20e7a39a7c8,6,0.65,4,1538983357666,Sports,0.8450000000000001,0.51
vvNZaTmojNRT7biCD,6201b94d681c3b067a3454da28d26ad41894a93b6ee49018a185b20e7a39a7c8,7,0.65,4,1538983397862,Politics,0.8450000000000001,0.55
iywNGXENqJkcFKSD5,6201b94d681c3b067a3454da28d26ad41894a93b6ee49018a185b20e7a39a7c8,8,0.35,4,1538983397862,Politics,0.8450000000000001,0.6
sRsvRiLnrK2kRbvxZ,6201b94d681c3b067a3454da28d26ad41894a93b6ee49018a185b20e7a39a7c8,9,0.68,4,1538983397863,Politics,0.9248000000000002,0.455
RAgH9fQZhN8qeMxbk,6201b94d681c3b067a3454da28d26ad41894a93b6ee49018a185b20e7a39a7c8,10,0.41,4,1538983397863,Politics,0.33619999999999994,0.415
gzjRrwbrnAGeCzCkK,6201b94d681c3b067a3454da28d26ad41894a93b6ee49018a185b20e7a39a7c8,11,0.66,4,1538983397863,Politics,0.8712000000000001,0.4
FkMog3stRALqQ7Wrj,6201b94d681c3b067a3454da28d26ad41894a93b6ee49018a185b20e7a39a7c8,12,0.71,4,1538983397863,Politics,1.0082,0.34
3CnuNQ9fGbnFGHDCQ,6201b94d681c3b067a3454da28d26ad41894a93b6ee49018a185b20e7a39a7c8,13,0.77,4,1538983672730,Entertainment,1.1858,0.485
a25Y3SR8FBEGBPet7,6201b94d681c3b067a3454da28d26ad41894a93b6ee49018a185b20e7a39a7c8,14,0.6,4,1538983672731,Entertainment,0.32000000000000006,0.47
KaBYPSkXt76MM3SHX,6201b94d681c3b067a3454da28d26ad41894a93b6ee49018a185b20e7a39a7c8,15,0.44,4,1538983672731,Entertainment,0.3872,0.54
pf7DQD8eKvDRh9qtv,6201b94d681c3b067a3454da28d26ad41894a93b6ee49018a185b20e7a39a7c8,16,0.78,4,1538983672731,Entertainment,0.09679999999999998,0.46
b7y3675GoHLvtujoP,6201b94d681c3b067a3454da28d26ad41894a93b6ee49018a185b20e7a39a7c8,17,0.57,4,1538983672732,Entertainment,0.6497999999999999,0.505
Xx8yCiWcoEvTtZBE6,6201b94d681c3b067a3454da28d26ad41894a93b6ee49018a185b20e7a39a7c8,18,0.64,4,1538983672732,Entertainment,0.8192,0.53
qk5eMsXjcYSy24JRY,2a074fcc2bf05a8b5fd6a365abe261fa6e529b3549dc79d7303dc7e1f69a93d4,1,0.3,4,1538985007923,Sports,0.9799999999999999,0.66
SdS7dpfuHLCSurMbz,2a074fcc2bf05a8b5fd6a365abe261fa6e529b3549dc79d7303dc7e1f69a93d4,2,0.65,4,1538985007927,Sports,0.8450000000000001,0.6
mZqTY6AqEhWMgCzHg,2a074fcc2bf05a8b5fd6a365abe261fa6e529b3549dc79d7303dc7e1f69a93d4,3,0.35,4,1538985007930,Sports,0.24499999999999997,0.565
HN7PwoY42cnEfhpJJ,2a074fcc2bf05a8b5fd6a365abe261fa6e529b3549dc79d7303dc7e1f69a93d4,4,0.75,4,1538985007932,Sports,0.125,0.66
xdE9BfpqS4LpmBsTe,2a074fcc2bf05a8b5fd6a365abe261fa6e529b3549dc79d7303dc7e1f69a93d4,5,0.6,4,1538985007935,Sports,0.72,0.565
9nvekqtmz2vtPeAHt,2a074fcc2bf05a8b5fd6a365abe261fa6e529b3549dc79d7303dc7e1f69a93d4,6,0.4,4,1538985007936,Sports,0.32000000000000006,0.6
C83Qbjf4GuetjjWNN,2a074fcc2bf05a8b5fd6a365abe261fa6e529b3549dc79d7303dc7e1f69a93d4,7,0.35,4,1538985199350,Politics,0.24499999999999997,0.685
jbcea95CtNzwN8Peu,2a074fcc2bf05a8b5fd6a365abe261fa6e529b3549dc79d7303dc7e1f69a93d4,8,0.6,4,1538985199353,Politics,0.32000000000000006,0.58
FfXyDz8s6EEjewjbn,2a074fcc2bf05a8b5fd6a365abe261fa6e529b3549dc79d7303dc7e1f69a93d4,9,0.7,4,1538985199354,Politics,0.9799999999999999,0.495
pG5GgH5jGfDNL7GoW,2a074fcc2bf05a8b5fd6a365abe261fa6e529b3549dc79d7303dc7e1f69a93d4,10,0.05,4,1538985199356,Politics,0.005000000000000001,0.43
XyygrgWCCttk6Lcya,2a074fcc2bf05a8b5fd6a365abe261fa6e529b3549dc79d7303dc7e1f69a93d4,11,0.07,4,1538985199362,Politics,0.009800000000000001,0.37
qNFex5ZYNRt34idSr,2a074fcc2bf05a8b5fd6a365abe261fa6e529b3549dc79d7303dc7e1f69a93d4,12,0.06,4,1538985199363,Politics,0.0072,0.39
cFx2HTfYWnSgDP2u5,98190ea8791160125d1f887be8b57220ef1c2d9fbe1929e67c4dcb9235f2568c,1,0,4,1538985379447,Sports,2,0.305
2A464aaih9AFCKSAC,98190ea8791160125d1f887be8b57220ef1c2d9fbe1929e67c4dcb9235f2568c,2,0,4,1538985379449,Sports,0,0.31
whzX749xWSPL6zEkA,98190ea8791160125d1f887be8b57220ef1c2d9fbe1929e67c4dcb9235f2568c,3,1,4,1538985379449,Sports,2,0.67
bWdSSGeKXaYGfom4t,98190ea8791160125d1f887be8b57220ef1c2d9fbe1929e67c4dcb9235f2568c,4,1,4,1538985379449,Sports,0,0.67
yFZcPi39jjS2hYd27,98190ea8791160125d1f887be8b57220ef1c2d9fbe1929e67c4dcb9235f2568c,5,0,4,1538985379449,Sports,0,0.365
EwiTt5Hqp5QnMMvrG,98190ea8791160125d1f887be8b57220ef1c2d9fbe1929e67c4dcb9235f2568c,6,0,4,1538985379451,Sports,0,0.325
jpiyc7tqAjqeycr6s,2a074fcc2bf05a8b5fd6a365abe261fa6e529b3549dc79d7303dc7e1f69a93d4,13,0.15,4,1538985414259,Entertainment,0.045,0.3
RyfxBhyzNXEiGxcCz,2a074fcc2bf05a8b5fd6a365abe261fa6e529b3549dc79d7303dc7e1f69a93d4,14,0.85,4,1538985414260,Entertainment,0.04500000000000001,0.615
TZjYJaMH6wtY5EMoy,2a074fcc2bf05a8b5fd6a365abe261fa6e529b3549dc79d7303dc7e1f69a93d4,15,0.73,4,1538985414261,Entertainment,1.0657999999999999,0.56
rRLQnwiGXBGmX6hhT,2a074fcc2bf05a8b5fd6a365abe261fa6e529b3549dc79d7303dc7e1f69a93d4,16,0.51,4,1538985414262,Entertainment,0.48019999999999996,0.625
jkCBtnTWAAGY7mKDT,2a074fcc2bf05a8b5fd6a365abe261fa6e529b3549dc79d7303dc7e1f69a93d4,17,0.03,4,1538985414264,Entertainment,0.0018,0.295
SHZzX3fpaMN8aPKnd,2a074fcc2bf05a8b5fd6a365abe261fa6e529b3549dc79d7303dc7e1f69a93d4,18,0.37,4,1538985414266,Entertainment,0.2738,0.62
otmfhnjMEptktidR5,98190ea8791160125d1f887be8b57220ef1c2d9fbe1929e67c4dcb9235f2568c,7,1,4,1538985460963,Politics,2,0.685
sHWKm7Xp28s6xpmmP,98190ea8791160125d1f887be8b57220ef1c2d9fbe1929e67c4dcb9235f2568c,8,1,4,1538985460963,Politics,0,0.665
KpXJjmQBaL5ibGEB3,98190ea8791160125d1f887be8b57220ef1c2d9fbe1929e67c4dcb9235f2568c,9,0,4,1538985460964,Politics,0,0.31
TfnrzPS46Pdxy8uGF,98190ea8791160125d1f887be8b57220ef1c2d9fbe1929e67c4dcb9235f2568c,10,0,4,1538985460964,Politics,0,0.44
5qcNZchkq4qvGK9mW,98190ea8791160125d1f887be8b57220ef1c2d9fbe1929e67c4dcb9235f2568c,11,1,4,1538985460965,Politics,2,0.515
mpaau4CbkbY5HiMSP,98190ea8791160125d1f887be8b57220ef1c2d9fbe1929e67c4dcb9235f2568c,12,0,4,1538985460965,Politics,0,0.5
qxAEPbqve9gobgCLp,620d53975e2e89a53dd9b1f50c0350984ccf1637056581e810b7a3ed288c7099,1,0.71,4,1538985813067,Sports,0.16820000000000004,0.605
vCuwoFfoaax6Wed3v,620d53975e2e89a53dd9b1f50c0350984ccf1637056581e810b7a3ed288c7099,2,0.15,4,1538985813067,Sports,0.045,0.295
9fP73tCnk7D9k5APv,620d53975e2e89a53dd9b1f50c0350984ccf1637056581e810b7a3ed288c7099,3,0.26,4,1538985813067,Sports,0.13520000000000001,0.445
z9kQbotBopdcwATjt,620d53975e2e89a53dd9b1f50c0350984ccf1637056581e810b7a3ed288c7099,4,0.71,4,1538985813068,Sports,0.16820000000000004,0.63
Ezn7uEdrYooJsYAt6,620d53975e2e89a53dd9b1f50c0350984ccf1637056581e810b7a3ed288c7099,5,0.61,4,1538985813068,Sports,0.7442,0.505
dnFimSQJ3T3Eo8gDR,620d53975e2e89a53dd9b1f50c0350984ccf1637056581e810b7a3ed288c7099,6,0.29,4,1538985813068,Sports,0.1682,0.465
zNRJgc3h96NgWpAZy,98190ea8791160125d1f887be8b57220ef1c2d9fbe1929e67c4dcb9235f2568c,13,1,4,1538985852529,Entertainment,2,0.58
7QC6kAdcfYmJ5MthY,98190ea8791160125d1f887be8b57220ef1c2d9fbe1929e67c4dcb9235f2568c,14,1,4,1538985852530,Entertainment,0,0.72
GKnD4j6mN7yCnMWk6,98190ea8791160125d1f887be8b57220ef1c2d9fbe1929e67c4dcb9235f2568c,15,0,4,1538985852530,Entertainment,0,0.35
QZEwANjJEugznD9zH,98190ea8791160125d1f887be8b57220ef1c2d9fbe1929e67c4dcb9235f2568c,16,1,4,1538985852530,Entertainment,0,0.625
GPR3oG93wBEM24yJ6,98190ea8791160125d1f887be8b57220ef1c2d9fbe1929e67c4dcb9235f2568c,17,0,4,1538985852531,Entertainment,0,0.37
6ucDJboZdLZmrwS9C,98190ea8791160125d1f887be8b57220ef1c2d9fbe1929e67c4dcb9235f2568c,18,1,4,1538985852532,Entertainment,2,0.7
7iMy3dTyowMQexMXo,620d53975e2e89a53dd9b1f50c0350984ccf1637056581e810b7a3ed288c7099,7,0.86,4,1538985866598,Politics,1.4791999999999998,0.63
PX49qu7gcYJ47QbMt,620d53975e2e89a53dd9b1f50c0350984ccf1637056581e810b7a3ed288c7099,8,0.3,4,1538985866599,Politics,0.9799999999999999,0.65
u5Sah2ZnSvkEtfvSc,620d53975e2e89a53dd9b1f50c0350984ccf1637056581e810b7a3ed288c7099,9,0.34,4,1538985866599,Politics,0.23120000000000004,0.63
gQTeXcveRMXdjoZkE,620d53975e2e89a53dd9b1f50c0350984ccf1637056581e810b7a3ed288c7099,10,0.77,4,1538985866600,Politics,1.1858,0.365
cvurDHEoA86Ye4MMa,620d53975e2e89a53dd9b1f50c0350984ccf1637056581e810b7a3ed288c7099,11,0.88,4,1538985866600,Politics,1.5488,0.45
x4P5htnDqraytuY2o,620d53975e2e89a53dd9b1f50c0350984ccf1637056581e810b7a3ed288c7099,12,0.82,4,1538985866600,Politics,1.3447999999999998,0.37
S8vpZAt3PrFJqHvES,620d53975e2e89a53dd9b1f50c0350984ccf1637056581e810b7a3ed288c7099,13,0.64,4,1538985884779,Entertainment,0.8192,0.53
9ZH2x9dFrippBqMwr,620d53975e2e89a53dd9b1f50c0350984ccf1637056581e810b7a3ed288c7099,14,0.91,4,1538985884779,Entertainment,0.01619999999999999,0.555
mTsELbGra6jcyPv3t,620d53975e2e89a53dd9b1f50c0350984ccf1637056581e810b7a3ed288c7099,15,0.22,4,1538985884780,Entertainment,0.0968,0.41
7JWZxojkTkMwM53cE,620d53975e2e89a53dd9b1f50c0350984ccf1637056581e810b7a3ed288c7099,16,0.17,4,1538985884780,Entertainment,1.3778,0.33
saDsMa8XtTk66ZxH2,620d53975e2e89a53dd9b1f50c0350984ccf1637056581e810b7a3ed288c7099,17,0.64,4,1538985884780,Entertainment,0.8192,0.605
6RboF4XQT7XjetBQr,620d53975e2e89a53dd9b1f50c0350984ccf1637056581e810b7a3ed288c7099,18,0.32,4,1538985884780,Entertainment,0.2048,0.7
o5qYgwQPsaDaquqif,09acb0071ad216c4517ed0ae41fc5770aab8c57799b81dcfd1b199e40b2f10cd,1,0.69,4,1538989763332,Sports,0.19220000000000007,0.545
amHKfhQRii74otoQj,09acb0071ad216c4517ed0ae41fc5770aab8c57799b81dcfd1b199e40b2f10cd,2,0.55,4,1538989763334,Sports,0.6050000000000001,0.605
pu2GAx3YtCyanTWTW,09acb0071ad216c4517ed0ae41fc5770aab8c57799b81dcfd1b199e40b2f10cd,3,0.4,4,1538989763335,Sports,0.32000000000000006,0.49
Yz8y8KfbsQDswLaMk,09acb0071ad216c4517ed0ae41fc5770aab8c57799b81dcfd1b199e40b2f10cd,4,0.7,4,1538989763335,Sports,0.18000000000000005,0.595
3XKEvdinH6Qmj4ap4,09acb0071ad216c4517ed0ae41fc5770aab8c57799b81dcfd1b199e40b2f10cd,5,0.65,4,1538989763335,Sports,0.8450000000000001,0.475
hSrDaA76wqsNqxKiN,09acb0071ad216c4517ed0ae41fc5770aab8c57799b81dcfd1b199e40b2f10cd,6,0.45,4,1538989763336,Sports,0.405,0.585
Gyn7k3kohicXN4266,09acb0071ad216c4517ed0ae41fc5770aab8c57799b81dcfd1b199e40b2f10cd,7,0.65,4,1538989812571,Politics,0.8450000000000001,0.605
sCrHGgrkCwTaCiNXA,09acb0071ad216c4517ed0ae41fc5770aab8c57799b81dcfd1b199e40b2f10cd,8,0.4,4,1538989812571,Politics,0.72,0.585
ecZgXS5bsKnfnC9MK,09acb0071ad216c4517ed0ae41fc5770aab8c57799b81dcfd1b199e40b2f10cd,9,0.4,4,1538989812572,Politics,0.32000000000000006,0.57
9GxdLhivBAjDXeaDz,09acb0071ad216c4517ed0ae41fc5770aab8c57799b81dcfd1b199e40b2f10cd,10,0.7,4,1538989812573,Politics,0.9799999999999999,0.335
8j85CCjNXgLyYmwx9,09acb0071ad216c4517ed0ae41fc5770aab8c57799b81dcfd1b199e40b2f10cd,11,0.6,4,1538989812574,Politics,0.72,0.35
oPfKCWMSfP4DiPdP4,09acb0071ad216c4517ed0ae41fc5770aab8c57799b81dcfd1b199e40b2f10cd,12,0.4,4,1538989812574,Politics,0.32000000000000006,0.45
2ott9AHmiMzQHeXf4,09acb0071ad216c4517ed0ae41fc5770aab8c57799b81dcfd1b199e40b2f10cd,13,0.8,4,1538990186425,Entertainment,1.2800000000000002,0.505
spTed6fCPpmthvwWM,09acb0071ad216c4517ed0ae41fc5770aab8c57799b81dcfd1b199e40b2f10cd,14,0.75,4,1538990186426,Entertainment,0.125,0.48
TgQ8qvSNedwLs2gNv,09acb0071ad216c4517ed0ae41fc5770aab8c57799b81dcfd1b199e40b2f10cd,15,0.85,4,1538990186427,Entertainment,1.4449999999999998,0.47
vHgr6vQ3ofLZNbM9F,09acb0071ad216c4517ed0ae41fc5770aab8c57799b81dcfd1b199e40b2f10cd,16,0.6,4,1538990186427,Entertainment,0.32000000000000006,0.52
9d9RQLvqA73i7NeFq,09acb0071ad216c4517ed0ae41fc5770aab8c57799b81dcfd1b199e40b2f10cd,17,0.55,4,1538990186428,Entertainment,0.6050000000000001,0.495
Ji4LRG8yRomiEGaEx,09acb0071ad216c4517ed0ae41fc5770aab8c57799b81dcfd1b199e40b2f10cd,18,0.6,4,1538990186428,Entertainment,0.72,0.495
vzNeB3o7PWxT2Jvwm,9ec1c1c0b6cbc6af41a17548c4bff540c367b925e1a87b27c561339a7b56a917,1,0.72,4,1538992621955,Sports,0.15680000000000002,0.65
vN2Mtbx8hBzMXd342,9ec1c1c0b6cbc6af41a17548c4bff540c367b925e1a87b27c561339a7b56a917,2,0.52,4,1538992621955,Sports,0.5408000000000001,0.72
KchWC6bLtB5tbMX9y,9ec1c1c0b6cbc6af41a17548c4bff540c367b925e1a87b27c561339a7b56a917,3,0.78,4,1538992621955,Sports,1.2168,0.555
4JZQREDyHXMwYe7zb,9ec1c1c0b6cbc6af41a17548c4bff540c367b925e1a87b27c561339a7b56a917,4,0.73,4,1538992621956,Sports,0.1458,0.655
Zy3qoF8Mcmv2hGxE9,9ec1c1c0b6cbc6af41a17548c4bff540c367b925e1a87b27c561339a7b56a917,5,0.5,4,1538992621956,Sports,0.5,0.65
JQ7tFXNyeDK5PYvQD,9ec1c1c0b6cbc6af41a17548c4bff540c367b925e1a87b27c561339a7b56a917,6,0.27,4,1538992621956,Sports,0.1458,0.54
YNfhhFhRsgwEsi5xh,9ec1c1c0b6cbc6af41a17548c4bff540c367b925e1a87b27c561339a7b56a917,7,0.5,4,1538992695621,Politics,0.5,0.73
CxbgKcHZMMNbuyZvK,9ec1c1c0b6cbc6af41a17548c4bff540c367b925e1a87b27c561339a7b56a917,8,0,4,1538992695623,Politics,2,0.295
3fpm7vm9dM7nNANnw,9ec1c1c0b6cbc6af41a17548c4bff540c367b925e1a87b27c561339a7b56a917,9,0.33,4,1538992695623,Politics,0.21780000000000002,0.705
qXvdNzeDyBRzPMrb9,9ec1c1c0b6cbc6af41a17548c4bff540c367b925e1a87b27c561339a7b56a917,10,0,4,1538992695623,Politics,0,0.44
pE35ghbdehfETQQDC,9ec1c1c0b6cbc6af41a17548c4bff540c367b925e1a87b27c561339a7b56a917,11,0,4,1538992695623,Politics,0,0.37
Y6pmqQcLXse8Tkuz7,9ec1c1c0b6cbc6af41a17548c4bff540c367b925e1a87b27c561339a7b56a917,12,0,4,1538992695623,Politics,0,0.45
7WgQjvyneX9K2qehd,9ec1c1c0b6cbc6af41a17548c4bff540c367b925e1a87b27c561339a7b56a917,13,1,4,1538994776241,Entertainment,2,0.54
5ckXC3XsEGwttnLyD,9ec1c1c0b6cbc6af41a17548c4bff540c367b925e1a87b27c561339a7b56a917,14,1,4,1538994776241,Entertainment,0,0.62
YktMjiaApjdkbAP5F,9ec1c1c0b6cbc6af41a17548c4bff540c367b925e1a87b27c561339a7b56a917,15,1,4,1538994776242,Entertainment,2,0.56
38bihJKTrmtn42FMj,9ec1c1c0b6cbc6af41a17548c4bff540c367b925e1a87b27c561339a7b56a917,16,1,4,1538994776242,Entertainment,0,0.61
aqzBhJq4fwMuKcJG9,9ec1c1c0b6cbc6af41a17548c4bff540c367b925e1a87b27c561339a7b56a917,17,0,4,1538994776243,Entertainment,0,0.305
mfPeMFTj7m29AwjSM,9ec1c1c0b6cbc6af41a17548c4bff540c367b925e1a87b27c561339a7b56a917,18,0,4,1538994776243,Entertainment,0,0.285
EL8nN9rcANq8mQNkM,3e76218adc3d10bf17621c7d95e4061d223be31a5edd99d9405a3cbbdffadb92,1,0.5,4,1538999347318,Sports,0.5,0.725
aQhXv4rBBjF7c7oy5,3e76218adc3d10bf17621c7d95e4061d223be31a5edd99d9405a3cbbdffadb92,2,1,4,1538999347319,Sports,2,0.58
odf94wJmEedbCJSpQ,3e76218adc3d10bf17621c7d95e4061d223be31a5edd99d9405a3cbbdffadb92,3,0,4,1538999347319,Sports,0,0.32
hLDFAnx5ynCvd2Lsb,3e76218adc3d10bf17621c7d95e4061d223be31a5edd99d9405a3cbbdffadb92,4,1,4,1538999347319,Sports,0,0.695
9LsF22qts7KiZgfw2,3e76218adc3d10bf17621c7d95e4061d223be31a5edd99d9405a3cbbdffadb92,5,0,4,1538999347319,Sports,0,0.315
mwBgtT4hYdsucBuwj,3e76218adc3d10bf17621c7d95e4061d223be31a5edd99d9405a3cbbdffadb92,6,0,4,1538999347320,Sports,0,0.255
6LLzGFRXocF8W6TRA,3e76218adc3d10bf17621c7d95e4061d223be31a5edd99d9405a3cbbdffadb92,7,1,4,1538999404986,Politics,2,0.645
NYxfNDfrnr2PFhMGn,3e76218adc3d10bf17621c7d95e4061d223be31a5edd99d9405a3cbbdffadb92,8,1,4,1538999404987,Politics,0,0.565
xsw7u2G77oyohFnnF,3e76218adc3d10bf17621c7d95e4061d223be31a5edd99d9405a3cbbdffadb92,9,0.84,4,1538999404988,Politics,1.4111999999999998,0.54
98SPE6vDGt6dFp2Px,3e76218adc3d10bf17621c7d95e4061d223be31a5edd99d9405a3cbbdffadb92,10,0.25,4,1538999404988,Politics,0.125,0.46
cwLfrsn8WLpX2do4r,3e76218adc3d10bf17621c7d95e4061d223be31a5edd99d9405a3cbbdffadb92,11,0,4,1538999404988,Politics,0,0.335
ADgcXnBobhJeSKyBM,3e76218adc3d10bf17621c7d95e4061d223be31a5edd99d9405a3cbbdffadb92,12,0.5,4,1538999404988,Politics,0.5,0.54
ixp6P6JiYtDRkA9H5,3e76218adc3d10bf17621c7d95e4061d223be31a5edd99d9405a3cbbdffadb92,13,1,4,1538999492571,Entertainment,2,0.63
chXp4JqjTwfhRbXix,3e76218adc3d10bf17621c7d95e4061d223be31a5edd99d9405a3cbbdffadb92,14,1,4,1538999492571,Entertainment,0,0.645
fsRMN5eH8TTKf7Hxx,3e76218adc3d10bf17621c7d95e4061d223be31a5edd99d9405a3cbbdffadb92,15,0.91,4,1538999492572,Entertainment,1.6562000000000001,0.575
DzvFdpnnWhgFWYbv5,3e76218adc3d10bf17621c7d95e4061d223be31a5edd99d9405a3cbbdffadb92,16,1,4,1538999492572,Entertainment,0,0.565
9bNiqnbDQ8rsXyT92,3e76218adc3d10bf17621c7d95e4061d223be31a5edd99d9405a3cbbdffadb92,17,0,4,1538999492573,Entertainment,0,0.235
ThBJzKRxQJujXEh5B,3e76218adc3d10bf17621c7d95e4061d223be31a5edd99d9405a3cbbdffadb92,18,1,4,1538999492573,Entertainment,2,0.56
v4qxW6NjEnNR27Dmf,96720fc02b9ada206a60c37713a89e081c54b50e7b46bac649e3eef84b463182,1,0.2,4,1539000173608,Sports,1.2800000000000002,0.41
8HQbE8gYwYYpMe7F6,96720fc02b9ada206a60c37713a89e081c54b50e7b46bac649e3eef84b463182,2,0.85,4,1539000173608,Sports,1.4449999999999998,0.62
him4JimEtw93YeJwi,96720fc02b9ada206a60c37713a89e081c54b50e7b46bac649e3eef84b463182,3,0.2,4,1539000173608,Sports,0.08000000000000002,0.43
yEh88tf6KB7qpTs9a,96720fc02b9ada206a60c37713a89e081c54b50e7b46bac649e3eef84b463182,4,0.66,4,1539000173608,Sports,0.23119999999999996,0.575
CqpTtLHSaieMHSTLD,96720fc02b9ada206a60c37713a89e081c54b50e7b46bac649e3eef84b463182,5,0.23,4,1539000173610,Sports,0.1058,0.445
fM8vmqecSqeojjsyW,96720fc02b9ada206a60c37713a89e081c54b50e7b46bac649e3eef84b463182,6,0.79,4,1539000173610,Sports,1.2482000000000002,0.45
XT7jZQc6GsmTK52gz,96720fc02b9ada206a60c37713a89e081c54b50e7b46bac649e3eef84b463182,7,1,4,1539000190747,Politics,2,0.66
BzvTxRhmkT8T8TjgH,96720fc02b9ada206a60c37713a89e081c54b50e7b46bac649e3eef84b463182,8,0.81,4,1539000190747,Politics,0.07219999999999996,0.46
TqW7RM7nuyE4WWqZg,96720fc02b9ada206a60c37713a89e081c54b50e7b46bac649e3eef84b463182,9,0,4,1539000190747,Politics,0,0.195
b6HwTkouT2SZJQxvS,96720fc02b9ada206a60c37713a89e081c54b50e7b46bac649e3eef84b463182,10,0.33,4,1539000190747,Politics,0.21780000000000002,0.5
u5WxSh7taXCuGXsYF,96720fc02b9ada206a60c37713a89e081c54b50e7b46bac649e3eef84b463182,11,0.35,4,1539000190748,Politics,0.24499999999999997,0.625
bZv4Hcw6XD2wPPJ9X,96720fc02b9ada206a60c37713a89e081c54b50e7b46bac649e3eef84b463182,12,0.26,4,1539000190748,Politics,0.13520000000000001,0.37
a3rsxPtAK4ubfrwuq,96720fc02b9ada206a60c37713a89e081c54b50e7b46bac649e3eef84b463182,13,0.38,4,1539000208197,Entertainment,0.2888,0.61
xdsasGTo7Jq7BEQ2x,96720fc02b9ada206a60c37713a89e081c54b50e7b46bac649e3eef84b463182,14,1,4,1539000208198,Entertainment,0,0.515
5QEnGq5yYKGRDJW3q,96720fc02b9ada206a60c37713a89e081c54b50e7b46bac649e3eef84b463182,15,0.38,4,1539000208199,Entertainment,0.2888,0.645
8oHBHXwB3kM9pTtSh,96720fc02b9ada206a60c37713a89e081c54b50e7b46bac649e3eef84b463182,16,0.25,4,1539000208201,Entertainment,1.125,0.435
ahdujCL3ecE3au8gm,96720fc02b9ada206a60c37713a89e081c54b50e7b46bac649e3eef84b463182,17,0.33,4,1539000208201,Entertainment,0.21780000000000002,0.63
rseyo3NZ76xhfYm6w,96720fc02b9ada206a60c37713a89e081c54b50e7b46bac649e3eef84b463182,18,0.38,4,1539000208201,Entertainment,0.2888,0.615
Bz5peES4sNRf7zhwF,b5364f711e3e56a23470669934ad0c6b8a58f4728c8fd862bd9313bb73f1a32b,1,0.35,4,1539000837367,Sports,0.8450000000000001,0.67
RdLrbv9aqcTL5QtH6,b5364f711e3e56a23470669934ad0c6b8a58f4728c8fd862bd9313bb73f1a32b,2,0.71,4,1539000837368,Sports,1.0082,0.545
FWhgiKJYe5z8SXLmC,b5364f711e3e56a23470669934ad0c6b8a58f4728c8fd862bd9313bb73f1a32b,3,0.52,4,1539000837370,Sports,0.5408000000000001,0.525
krpFiH29AZttKvmo5,b5364f711e3e56a23470669934ad0c6b8a58f4728c8fd862bd9313bb73f1a32b,4,0.57,4,1539000837370,Sports,0.3698000000000001,0.695
SeqeX8M6kv4hf6t9E,b5364f711e3e56a23470669934ad0c6b8a58f4728c8fd862bd9313bb73f1a32b,5,0.27,4,1539000837371,Sports,0.1458,0.455
euwxePFDNggWpYCvM,b5364f711e3e56a23470669934ad0c6b8a58f4728c8fd862bd9313bb73f1a32b,6,0.34,4,1539000837372,Sports,0.23120000000000004,0.6
jE42xqjhrkyDhieZq,b5364f711e3e56a23470669934ad0c6b8a58f4728c8fd862bd9313bb73f1a32b,7,0.59,4,1539000881041,Politics,0.6961999999999999,0.6
xmunANwwJSLXMP73P,b5364f711e3e56a23470669934ad0c6b8a58f4728c8fd862bd9313bb73f1a32b,8,0.4,4,1539000881042,Politics,0.72,0.61
6Fbk7FyvfC7q9jKE3,b5364f711e3e56a23470669934ad0c6b8a58f4728c8fd862bd9313bb73f1a32b,9,0.7,4,1539000881043,Politics,0.9799999999999999,0.505
hLgYxuuD48t4YeWaf,b5364f711e3e56a23470669934ad0c6b8a58f4728c8fd862bd9313bb73f1a32b,10,0.1,4,1539000881043,Politics,0.020000000000000004,0.52
JEhFtt9GoY4TK2hWQ,b5364f711e3e56a23470669934ad0c6b8a58f4728c8fd862bd9313bb73f1a32b,11,0.18,4,1539000881044,Politics,0.0648,0.44
CokF3EacXdwoiipYY,b5364f711e3e56a23470669934ad0c6b8a58f4728c8fd862bd9313bb73f1a32b,12,0.11,4,1539000881045,Politics,0.0242,0.41
wfRCeJowJinsy2Y2g,b5364f711e3e56a23470669934ad0c6b8a58f4728c8fd862bd9313bb73f1a32b,13,0.69,4,1539001038509,Entertainment,0.9521999999999998,0.475
gCSW2WBrx3Himvkjx,b5364f711e3e56a23470669934ad0c6b8a58f4728c8fd862bd9313bb73f1a32b,14,0.89,4,1539001038510,Entertainment,0.024199999999999996,0.635
ZrzDbiexFNHxfxXqa,b5364f711e3e56a23470669934ad0c6b8a58f4728c8fd862bd9313bb73f1a32b,15,0.69,4,1539001038510,Entertainment,0.9521999999999998,0.485
xKbwq4g9eanEsjCd3,b5364f711e3e56a23470669934ad0c6b8a58f4728c8fd862bd9313bb73f1a32b,16,0.17,4,1539001038511,Entertainment,1.3778,0.32
x2dCswLefAqJv2wAN,b5364f711e3e56a23470669934ad0c6b8a58f4728c8fd862bd9313bb73f1a32b,17,0.76,4,1539001038513,Entertainment,1.1552,0.535
z2cgTebTnZc6xgSKt,b5364f711e3e56a23470669934ad0c6b8a58f4728c8fd862bd9313bb73f1a32b,18,0.32,4,1539001038514,Entertainment,0.2048,0.64
4dfJEPB8gFEpdxEZJ,a92f4d9cd7f78f14854c4cbc30b3f2f27c54603d0568ea9556a10d5903e18d2c,1,0.47,4,1539001618477,Sports,0.5618000000000001,0.55
ecH7p88su87HJnoFG,a92f4d9cd7f78f14854c4cbc30b3f2f27c54603d0568ea9556a10d5903e18d2c,2,0.65,4,1539001618477,Sports,0.8450000000000001,0.5
PfDwPZiztNn5H8m5L,a92f4d9cd7f78f14854c4cbc30b3f2f27c54603d0568ea9556a10d5903e18d2c,3,0.74,4,1539001618477,Sports,1.0952,0.405
nCELZkdwrb36u2Tmm,a92f4d9cd7f78f14854c4cbc30b3f2f27c54603d0568ea9556a10d5903e18d2c,4,0.46,4,1539001618477,Sports,0.5832,0.58
o3jDQvTNuZCqSCAFg,a92f4d9cd7f78f14854c4cbc30b3f2f27c54603d0568ea9556a10d5903e18d2c,5,0.76,4,1539001618477,Sports,1.1552,0.425
qFLuK3syPgkz43LCv,a92f4d9cd7f78f14854c4cbc30b3f2f27c54603d0568ea9556a10d5903e18d2c,6,0.68,4,1539001618477,Sports,0.9248000000000002,0.475
hgg8kp47opAq24yKk,a92f4d9cd7f78f14854c4cbc30b3f2f27c54603d0568ea9556a10d5903e18d2c,7,0.45,4,1539001679255,Politics,0.405,0.64
q5m3BSzKTrvw9ijky,a92f4d9cd7f78f14854c4cbc30b3f2f27c54603d0568ea9556a10d5903e18d2c,8,0.47,4,1539001679255,Politics,0.5618000000000001,0.53
wXH7Y5c8ocALHtYBS,a92f4d9cd7f78f14854c4cbc30b3f2f27c54603d0568ea9556a10d5903e18d2c,9,0.55,4,1539001679255,Politics,0.6050000000000001,0.555
Swy4rn3CjFMhNzezF,a92f4d9cd7f78f14854c4cbc30b3f2f27c54603d0568ea9556a10d5903e18d2c,10,0.53,4,1539001679255,Politics,0.5618000000000001,0.415
YPemtih9nLZQTsoxg,a92f4d9cd7f78f14854c4cbc30b3f2f27c54603d0568ea9556a10d5903e18d2c,11,0.5,4,1539001679255,Politics,0.5,0.415
pmniTEa46voduYZZ2,a92f4d9cd7f78f14854c4cbc30b3f2f27c54603d0568ea9556a10d5903e18d2c,12,0.49,4,1539001679255,Politics,0.48019999999999996,0.385
2u375qAjAnRypSzPN,a92f4d9cd7f78f14854c4cbc30b3f2f27c54603d0568ea9556a10d5903e18d2c,13,0.7,4,1539001723071,Entertainment,0.9799999999999999,0.455
mrnzmaPyNLavYcPCP,a92f4d9cd7f78f14854c4cbc30b3f2f27c54603d0568ea9556a10d5903e18d2c,14,0.36,4,1539001723071,Entertainment,0.8192,0.6
BdxBDHjCXYPQk8JpH,a92f4d9cd7f78f14854c4cbc30b3f2f27c54603d0568ea9556a10d5903e18d2c,15,0.55,4,1539001723071,Entertainment,0.6050000000000001,0.565
Ec8Fg2nfFFAerxE5g,a92f4d9cd7f78f14854c4cbc30b3f2f27c54603d0568ea9556a10d5903e18d2c,16,0.64,4,1539001723071,Entertainment,0.2592,0.435
qcZBCZSuh8isXpru3,a92f4d9cd7f78f14854c4cbc30b3f2f27c54603d0568ea9556a10d5903e18d2c,17,0.64,4,1539001723071,Entertainment,0.8192,0.44
FaEqA6NGpit4ETKZJ,a92f4d9cd7f78f14854c4cbc30b3f2f27c54603d0568ea9556a10d5903e18d2c,18,0.53,4,1539001723071,Entertainment,0.5618000000000001,0.475
t5k5ALgQHuKhecwC8,75c49711200163ca1bf8a64edba78f58478c743ac15bbf92b2adf911e5b0d26e,1,0.85,4,1539002454434,Sports,0.04500000000000001,0.67
CZbxz49joe8sHqjGi,75c49711200163ca1bf8a64edba78f58478c743ac15bbf92b2adf911e5b0d26e,2,0.95,4,1539002454435,Sports,1.805,0.705
wa3TPJBo8snRNfFWZ,75c49711200163ca1bf8a64edba78f58478c743ac15bbf92b2adf911e5b0d26e,3,0.89,4,1539002454435,Sports,1.5842,0.585
kzczqGPr3XuSLBnfS,75c49711200163ca1bf8a64edba78f58478c743ac15bbf92b2adf911e5b0d26e,4,0.5,4,1539002454435,Sports,0.5,0.72
PWqLn6kRR6AzYz2kS,75c49711200163ca1bf8a64edba78f58478c743ac15bbf92b2adf911e5b0d26e,5,0.09,4,1539002454435,Sports,0.0162,0.29
XRydS7KsmcLnuo9gY,75c49711200163ca1bf8a64edba78f58478c743ac15bbf92b2adf911e5b0d26e,6,0,4,1539002454436,Sports,0,0.325
ti4TZ6v7GWimBzNLk,75c49711200163ca1bf8a64edba78f58478c743ac15bbf92b2adf911e5b0d26e,7,0.63,4,1539002645765,Politics,0.7938000000000001,0.7
hAoXejBgWwdZioExg,75c49711200163ca1bf8a64edba78f58478c743ac15bbf92b2adf911e5b0d26e,8,0.75,4,1539002645766,Politics,0.125,0.64
Su7Rvt339BmpXGWTf,75c49711200163ca1bf8a64edba78f58478c743ac15bbf92b2adf911e5b0d26e,9,0.2,4,1539002645767,Politics,0.08000000000000002,0.51
Xy3xkZEgCNesS6Xre,75c49711200163ca1bf8a64edba78f58478c743ac15bbf92b2adf911e5b0d26e,10,0.09,4,1539002645767,Politics,0.0162,0.435
84S7bPpajJiFBoqXL,75c49711200163ca1bf8a64edba78f58478c743ac15bbf92b2adf911e5b0d26e,11,0.26,4,1539002645767,Politics,0.13520000000000001,0.56
Gd3MR4aowqCLRb2TH,75c49711200163ca1bf8a64edba78f58478c743ac15bbf92b2adf911e5b0d26e,12,0.09,4,1539002645768,Politics,0.0162,0.48
nX59Xi8HtkE2wpYoh,75c49711200163ca1bf8a64edba78f58478c743ac15bbf92b2adf911e5b0d26e,13,0.52,4,1539002782324,Entertainment,0.5408000000000001,0.655
imNwXRE23JeqpAjQ6,75c49711200163ca1bf8a64edba78f58478c743ac15bbf92b2adf911e5b0d26e,14,0.9,4,1539002782325,Entertainment,0.01999999999999999,0.655
Yd7ELJZ3aATWeL9bv,75c49711200163ca1bf8a64edba78f58478c743ac15bbf92b2adf911e5b0d26e,15,0.2,4,1539002782325,Entertainment,0.08000000000000002,0.505
pXDwksBJiH797FDT8,75c49711200163ca1bf8a64edba78f58478c743ac15bbf92b2adf911e5b0d26e,16,0.55,4,1539002782325,Entertainment,0.4049999999999999,0.685
oybSZg9rgcKFDKudS,75c49711200163ca1bf8a64edba78f58478c743ac15bbf92b2adf911e5b0d26e,17,0.09,4,1539002782325,Entertainment,0.0162,0.305
faJPmi2GHLYxAaHjo,75c49711200163ca1bf8a64edba78f58478c743ac15bbf92b2adf911e5b0d26e,18,0.15,4,1539002782325,Entertainment,0.045,0.485
vFSisu8vz4abhzHQ4,6b6e4e4b53e294843584b29cd4e1a56bc2a5e834133c01f03ad998ad06396211,1,0.66,4,1539003064770,Sports,0.23119999999999996,0.585
Gre73ZtmH9gkE5eWb,6b6e4e4b53e294843584b29cd4e1a56bc2a5e834133c01f03ad998ad06396211,2,0.38,4,1539003064770,Sports,0.2888,0.62
5zPtXqNzCWazh8hra,6b6e4e4b53e294843584b29cd4e1a56bc2a5e834133c01f03ad998ad06396211,3,0.3,4,1539003064771,Sports,0.18,0.595
KywXpNpDxDz7FS44Y,6b6e4e4b53e294843584b29cd4e1a56bc2a5e834133c01f03ad998ad06396211,4,0.75,4,1539003064771,Sports,0.125,0.64
D4w4fnwfpFNZp5uvN,6b6e4e4b53e294843584b29cd4e1a56bc2a5e834133c01f03ad998ad06396211,5,0.69,4,1539003064772,Sports,0.9521999999999998,0.48
df5n66yHQLfShsYRp,6b6e4e4b53e294843584b29cd4e1a56bc2a5e834133c01f03ad998ad06396211,6,0.35,4,1539003064772,Sports,0.24499999999999997,0.64
KwTbzGZ4B9ppnEMLd,6b6e4e4b53e294843584b29cd4e1a56bc2a5e834133c01f03ad998ad06396211,7,0.88,4,1539003115895,Politics,1.5488,0.6
tSQRYbqorLSTMpZfM,6b6e4e4b53e294843584b29cd4e1a56bc2a5e834133c01f03ad998ad06396211,8,0.44,4,1539003115896,Politics,0.6272000000000001,0.62
P62TqTRXqgGbRrMhv,6b6e4e4b53e294843584b29cd4e1a56bc2a5e834133c01f03ad998ad06396211,9,0.7,4,1539003115897,Politics,0.9799999999999999,0.47
mQ2avfu8H32TbSApB,6b6e4e4b53e294843584b29cd4e1a56bc2a5e834133c01f03ad998ad06396211,10,0.2,4,1539003115897,Politics,0.08000000000000002,0.35
mJkvbZJSSrgBxDehX,6b6e4e4b53e294843584b29cd4e1a56bc2a5e834133c01f03ad998ad06396211,11,0.09,4,1539003115898,Politics,0.0162,0.305
sbX8KMkF29yPrraDT,6b6e4e4b53e294843584b29cd4e1a56bc2a5e834133c01f03ad998ad06396211,12,0.12,4,1539003115898,Politics,0.0288,0.515
PZMBsygdEHhbT8wj6,6b6e4e4b53e294843584b29cd4e1a56bc2a5e834133c01f03ad998ad06396211,13,0.88,4,1539003143628,Entertainment,1.5488,0.49
svX9HBbKW4fe75JEb,6b6e4e4b53e294843584b29cd4e1a56bc2a5e834133c01f03ad998ad06396211,14,0.62,4,1539003143630,Entertainment,0.2888,0.545
s3bEJMreyJGQfDSZJ,6b6e4e4b53e294843584b29cd4e1a56bc2a5e834133c01f03ad998ad06396211,15,0.72,4,1539003143630,Entertainment,1.0368,0.475
6sN7jayiF89rqGEQC,6b6e4e4b53e294843584b29cd4e1a56bc2a5e834133c01f03ad998ad06396211,16,0.63,4,1539003143630,Entertainment,0.2738,0.525
QDY4jcRgrXgAEiqLN,6b6e4e4b53e294843584b29cd4e1a56bc2a5e834133c01f03ad998ad06396211,17,0.44,4,1539003143630,Entertainment,0.3872,0.555
hDJvMrzyTMRR7nhmE,6b6e4e4b53e294843584b29cd4e1a56bc2a5e834133c01f03ad998ad06396211,18,0.47,4,1539003143630,Entertainment,0.44179999999999997,0.565
z7PTPrWyJS2yEKSFG,760b5256dcda6819e03d00c43807847abea26767c20f5a28caed89f58590ac5d,1,0.6,4,1539004350523,Sports,0.32000000000000006,0.505
PgvzzW7dHKGR43XXa,760b5256dcda6819e03d00c43807847abea26767c20f5a28caed89f58590ac5d,2,0.4,4,1539004350525,Sports,0.32000000000000006,0.6
o3hfXNS5RjagS6vQX,760b5256dcda6819e03d00c43807847abea26767c20f5a28caed89f58590ac5d,3,0.6,4,1539004350527,Sports,0.72,0.465
qvtYH6tqiCSEmfiDH,760b5256dcda6819e03d00c43807847abea26767c20f5a28caed89f58590ac5d,4,0.3,4,1539004350528,Sports,0.9799999999999999,0.645
Smdvadf2hFAoCfQQA,760b5256dcda6819e03d00c43807847abea26767c20f5a28caed89f58590ac5d,5,0.5,4,1539004350529,Sports,0.5,0.52
MhabCjGjKKuGNZboZ,760b5256dcda6819e03d00c43807847abea26767c20f5a28caed89f58590ac5d,6,0.5,4,1539004350530,Sports,0.5,0.59
Gm8iFACterALLw5jG,760b5256dcda6819e03d00c43807847abea26767c20f5a28caed89f58590ac5d,7,0.7,4,1539004386366,Politics,0.9799999999999999,0.55
tKQsjqJ4QSYEKr7Td,760b5256dcda6819e03d00c43807847abea26767c20f5a28caed89f58590ac5d,8,0.5,4,1539004386366,Politics,0.5,0.595
hi7FrZSFxgoBrD2AN,760b5256dcda6819e03d00c43807847abea26767c20f5a28caed89f58590ac5d,9,0.5,4,1539004386367,Politics,0.5,0.545
2qNcY6NsoukZPL2C6,760b5256dcda6819e03d00c43807847abea26767c20f5a28caed89f58590ac5d,10,0.3,4,1539004386367,Politics,0.18,0.53
uX62whifzgpg33jv6,760b5256dcda6819e03d00c43807847abea26767c20f5a28caed89f58590ac5d,11,0.5,4,1539004386367,Politics,0.5,0.46
uBxqhCJmcowuYKSeL,760b5256dcda6819e03d00c43807847abea26767c20f5a28caed89f58590ac5d,12,0.1,4,1539004386378,Politics,0.020000000000000004,0.38
riaQXm9oEu9dWiCjA,760b5256dcda6819e03d00c43807847abea26767c20f5a28caed89f58590ac5d,13,0.6,4,1539004394422,Entertainment,0.72,0.465
b5ZFhqPYdh6Jeskno,760b5256dcda6819e03d00c43807847abea26767c20f5a28caed89f58590ac5d,14,0.5,4,1539004394427,Entertainment,0.5,0.555
CZLgN54Qzz6YHsgoJ,760b5256dcda6819e03d00c43807847abea26767c20f5a28caed89f58590ac5d,15,0.5,4,1539004394427,Entertainment,0.5,0.56
uNcdHuSthvux3wa82,760b5256dcda6819e03d00c43807847abea26767c20f5a28caed89f58590ac5d,16,0.5,4,1539004394429,Entertainment,0.5,0.54
QAQzXziaQ3CiFgtpj,760b5256dcda6819e03d00c43807847abea26767c20f5a28caed89f58590ac5d,17,0.3,4,1539004394429,Entertainment,0.18,0.555
kWLWrvTdgrLWY6YPX,760b5256dcda6819e03d00c43807847abea26767c20f5a28caed89f58590ac5d,18,0.2,4,1539004394431,Entertainment,0.08000000000000002,0.495
7e6arBxoPMoCqbFyf,9ffed130893cb54311a8020e01ba7c37d5c6364f67b6ab50d5f5a7e59c46fca7,1,0.5,4,1539004591751,Sports,0.5,0.57
dqe9YTDWzaLZLqEgj,9ffed130893cb54311a8020e01ba7c37d5c6364f67b6ab50d5f5a7e59c46fca7,2,0.4,4,1539004591751,Sports,0.32000000000000006,0.575
rMGPHZFqmvzZdcnRJ,9ffed130893cb54311a8020e01ba7c37d5c6364f67b6ab50d5f5a7e59c46fca7,3,0.3,4,1539004591753,Sports,0.18,0.575
wAojfrYYeKePThKwH,9ffed130893cb54311a8020e01ba7c37d5c6364f67b6ab50d5f5a7e59c46fca7,4,0.5,4,1539004591753,Sports,0.5,0.625
oavREcu8kF6gAD5As,9ffed130893cb54311a8020e01ba7c37d5c6364f67b6ab50d5f5a7e59c46fca7,5,0.6,4,1539004591754,Sports,0.72,0.45
X67wwtDddwt9YNYrb,9ffed130893cb54311a8020e01ba7c37d5c6364f67b6ab50d5f5a7e59c46fca7,6,0.5,4,1539004591754,Sports,0.5,0.54
i5XSJ7DhkeNwkRFxK,9ffed130893cb54311a8020e01ba7c37d5c6364f67b6ab50d5f5a7e59c46fca7,7,0.7,4,1539004617098,Politics,0.9799999999999999,0.6
JFvydhkYYgfpiFLak,9ffed130893cb54311a8020e01ba7c37d5c6364f67b6ab50d5f5a7e59c46fca7,8,0.6,4,1539004617098,Politics,0.32000000000000006,0.51
hPTYXCEyPSgTGG9iP,9ffed130893cb54311a8020e01ba7c37d5c6364f67b6ab50d5f5a7e59c46fca7,9,0.3,4,1539004617099,Politics,0.18,0.61
nRZ5f3wdda66pDnDX,9ffed130893cb54311a8020e01ba7c37d5c6364f67b6ab50d5f5a7e59c46fca7,10,0.2,4,1539004617099,Politics,0.08000000000000002,0.44
5tpbFJHQuJokkppNa,9ffed130893cb54311a8020e01ba7c37d5c6364f67b6ab50d5f5a7e59c46fca7,11,0.2,4,1539004617100,Politics,0.08000000000000002,0.46
FBKMzdcsGqwitxkCD,9ffed130893cb54311a8020e01ba7c37d5c6364f67b6ab50d5f5a7e59c46fca7,12,0.1,4,1539004617100,Politics,0.020000000000000004,0.43
3zj9QsnmJBQfxiYeL,9ffed130893cb54311a8020e01ba7c37d5c6364f67b6ab50d5f5a7e59c46fca7,13,0.5,4,1539004643335,Entertainment,0.5,0.565
yYyFoYQ9ezaJdWrLv,9ffed130893cb54311a8020e01ba7c37d5c6364f67b6ab50d5f5a7e59c46fca7,14,0.5,4,1539004643335,Entertainment,0.5,0.615
sDYMCLcWWCqCbZzmN,9ffed130893cb54311a8020e01ba7c37d5c6364f67b6ab50d5f5a7e59c46fca7,15,0.6,4,1539004643336,Entertainment,0.72,0.465
fKKa4AJJ8qq78ucY2,9ffed130893cb54311a8020e01ba7c37d5c6364f67b6ab50d5f5a7e59c46fca7,16,0.5,4,1539004643337,Entertainment,0.5,0.48
QZZ7FyHAws5qDBcRr,9ffed130893cb54311a8020e01ba7c37d5c6364f67b6ab50d5f5a7e59c46fca7,17,0.5,4,1539004643338,Entertainment,0.5,0.505
RQj49Boh4rTNuCgKA,9ffed130893cb54311a8020e01ba7c37d5c6364f67b6ab50d5f5a7e59c46fca7,18,0.5,4,1539004643339,Entertainment,0.5,0.56
jR6AKvf36mGSbwn6L,0082a7c202feb7ca9a02ac24eea6d645e110735616a8f0b058c807523b8c43ac,1,0.7,4,1539005066492,Sports,0.18000000000000005,0.57
SsJdnMCeKjGGitcQr,0082a7c202feb7ca9a02ac24eea6d645e110735616a8f0b058c807523b8c43ac,2,0.3,4,1539005066497,Sports,0.18,0.635
r7BANrJpPMcxtNPng,0082a7c202feb7ca9a02ac24eea6d645e110735616a8f0b058c807523b8c43ac,3,0.5,4,1539005066504,Sports,0.5,0.54
Jvpmguk5pT6E7nJ35,0082a7c202feb7ca9a02ac24eea6d645e110735616a8f0b058c807523b8c43ac,4,0.2,4,1539005066507,Sports,1.2800000000000002,0.32
ys5GrzkE4gLrutGdS,0082a7c202feb7ca9a02ac24eea6d645e110735616a8f0b058c807523b8c43ac,5,0.5,4,1539005066513,Sports,0.5,0.525
shBZBdG76ihz66ru5,0082a7c202feb7ca9a02ac24eea6d645e110735616a8f0b058c807523b8c43ac,6,0.6,4,1539005066518,Sports,0.72,0.465
Dd8ErtGsP6JkPejDR,0082a7c202feb7ca9a02ac24eea6d645e110735616a8f0b058c807523b8c43ac,7,0.6,4,1539005082912,Politics,0.72,0.55
yMetxmJXmY6HsXjfK,0082a7c202feb7ca9a02ac24eea6d645e110735616a8f0b058c807523b8c43ac,8,0.5,4,1539005082914,Politics,0.5,0.545
sCjX54bkorrMTR8EW,0082a7c202feb7ca9a02ac24eea6d645e110735616a8f0b058c807523b8c43ac,9,0.4,4,1539005082917,Politics,0.32000000000000006,0.55
3qnkxiyKHHxKkEyvt,0082a7c202feb7ca9a02ac24eea6d645e110735616a8f0b058c807523b8c43ac,10,0.3,4,1539005082922,Politics,0.18,0.495
rEQR7PckGwTP2PCTC,0082a7c202feb7ca9a02ac24eea6d645e110735616a8f0b058c807523b8c43ac,11,0.1,4,1539005082923,Politics,0.020000000000000004,0.405
xJj6Y5yRxRpk3KkmW,0082a7c202feb7ca9a02ac24eea6d645e110735616a8f0b058c807523b8c43ac,12,0.1,4,1539005082924,Politics,0.020000000000000004,0.445
Po9bcJTKvLBt3HZey,0082a7c202feb7ca9a02ac24eea6d645e110735616a8f0b058c807523b8c43ac,13,0.5,4,1539005100475,Entertainment,0.5,0.54
5NorEWDQeb2ArGFvC,0082a7c202feb7ca9a02ac24eea6d645e110735616a8f0b058c807523b8c43ac,14,0.5,4,1539005100478,Entertainment,0.5,0.595
unHuDcRZXfKKhjo75,0082a7c202feb7ca9a02ac24eea6d645e110735616a8f0b058c807523b8c43ac,15,0.4,4,1539005100480,Entertainment,0.32000000000000006,0.565
MWtXnKJmB5w3ZEFSa,0082a7c202feb7ca9a02ac24eea6d645e110735616a8f0b058c807523b8c43ac,16,0.5,4,1539005100482,Entertainment,0.5,0.555
Sv38bsv6G8miTYock,0082a7c202feb7ca9a02ac24eea6d645e110735616a8f0b058c807523b8c43ac,17,0.5,4,1539005100483,Entertainment,0.5,0.555
gxBsGJHfAzPv26ZpS,0082a7c202feb7ca9a02ac24eea6d645e110735616a8f0b058c807523b8c43ac,18,0.6,4,1539005100484,Entertainment,0.72,0.46
qgAHaXrKKYoKfFLfs,54d6175be0d749a8010db8564bf123c75ee0e23bb0064b954902b01aa1b1e0bd,1,0.38,4,1539005802636,Sports,0.7688,0.69
SToL8CGXCZBipWDjm,54d6175be0d749a8010db8564bf123c75ee0e23bb0064b954902b01aa1b1e0bd,2,0.08,4,1539005802637,Sports,0.0128,0.225
siLZmK3BaMLFqtRvk,54d6175be0d749a8010db8564bf123c75ee0e23bb0064b954902b01aa1b1e0bd,3,0,4,1539005802637,Sports,0,0.41
8h9ZvuxvqEgvzQF4P,54d6175be0d749a8010db8564bf123c75ee0e23bb0064b954902b01aa1b1e0bd,4,0.81,4,1539005802638,Sports,0.07219999999999996,0.61
3AXooH8EDRM4P9ME4,54d6175be0d749a8010db8564bf123c75ee0e23bb0064b954902b01aa1b1e0bd,5,0.05,4,1539005802639,Sports,0.005000000000000001,0.21
fPsMFNx6fsJn6r4Sv,54d6175be0d749a8010db8564bf123c75ee0e23bb0064b954902b01aa1b1e0bd,6,0.12,4,1539005802639,Sports,0.0288,0.445
PnuhqEpJSzBEsGAjZ,54d6175be0d749a8010db8564bf123c75ee0e23bb0064b954902b01aa1b1e0bd,7,0.71,4,1539005817788,Politics,1.0082,0.65
PrQA5SiyJTNZCtagx,54d6175be0d749a8010db8564bf123c75ee0e23bb0064b954902b01aa1b1e0bd,8,0.62,4,1539005817788,Politics,0.2888,0.645
dASbScyBQ4zjDE7YZ,54d6175be0d749a8010db8564bf123c75ee0e23bb0064b954902b01aa1b1e0bd,9,0.72,4,1539005817789,Politics,1.0368,0.53
NF8LMu3Xf327GqQ5F,54d6175be0d749a8010db8564bf123c75ee0e23bb0064b954902b01aa1b1e0bd,10,0.1,4,1539005817789,Politics,0.020000000000000004,0.59
7iq2h9ihLwzHh3qZd,54d6175be0d749a8010db8564bf123c75ee0e23bb0064b954902b01aa1b1e0bd,11,0.67,4,1539005817789,Politics,0.8978000000000002,0.445
MbexjoBy7o9buGhx2,54d6175be0d749a8010db8564bf123c75ee0e23bb0064b954902b01aa1b1e0bd,12,0.15,4,1539005817790,Politics,0.045,0.575
mnfEnbDZWkqQaXetu,54d6175be0d749a8010db8564bf123c75ee0e23bb0064b954902b01aa1b1e0bd,13,0.78,4,1539005834619,Entertainment,1.2168,0.59
XzEfgqAS3TTpdM4md,54d6175be0d749a8010db8564bf123c75ee0e23bb0064b954902b01aa1b1e0bd,14,0.87,4,1539005834620,Entertainment,0.033800000000000004,0.655
go8JGfqnYXN3aXvhn,54d6175be0d749a8010db8564bf123c75ee0e23bb0064b954902b01aa1b1e0bd,15,0.3,4,1539005834620,Entertainment,0.18,0.695
zNWPKaLPMFxzXddy5,54d6175be0d749a8010db8564bf123c75ee0e23bb0064b954902b01aa1b1e0bd,16,0.21,4,1539005834621,Entertainment,1.2482000000000002,0.455
bYTb5i2X5HRzrFEe9,54d6175be0d749a8010db8564bf123c75ee0e23bb0064b954902b01aa1b1e0bd,17,0.93,4,1539005834622,Entertainment,1.7298000000000002,0.595
q6dbProsB7HkBA43S,54d6175be0d749a8010db8564bf123c75ee0e23bb0064b954902b01aa1b1e0bd,18,0.35,4,1539005834622,Entertainment,0.24499999999999997,0.665
A49cNWbthPqTpCgD7,8df59f49bdb649c6e6d9c94247aaf3df810501827217345ac1126cf23312c6e2,1,0.76,4,1539006433223,Sports,0.1152,0.61
RSzssyXh8nrxuuPGs,8df59f49bdb649c6e6d9c94247aaf3df810501827217345ac1126cf23312c6e2,2,1,4,1539006433227,Sports,2,0.63
q2uXJG7nWXSBnsRPk,8df59f49bdb649c6e6d9c94247aaf3df810501827217345ac1126cf23312c6e2,3,0.18,4,1539006433231,Sports,0.0648,0.41
5tJsasGGSCCCYzFjw,8df59f49bdb649c6e6d9c94247aaf3df810501827217345ac1126cf23312c6e2,4,0.62,4,1539006433233,Sports,0.2888,0.585
k8Y8xzMjpad27nu4a,8df59f49bdb649c6e6d9c94247aaf3df810501827217345ac1126cf23312c6e2,5,0.3,4,1539006433234,Sports,0.18,0.68
57ZvdxtsdZXEP4Z6K,8df59f49bdb649c6e6d9c94247aaf3df810501827217345ac1126cf23312c6e2,6,0.69,4,1539006433236,Sports,0.9521999999999998,0.53
cF3eoW4GGBABJwg4i,8df59f49bdb649c6e6d9c94247aaf3df810501827217345ac1126cf23312c6e2,7,0.3,4,1539006453254,Politics,0.18,0.695
hsobqGjSkra4R7ktH,8df59f49bdb649c6e6d9c94247aaf3df810501827217345ac1126cf23312c6e2,8,0.41,4,1539006453255,Politics,0.6962000000000002,0.65
haSHr7ebpBJsRfgBv,8df59f49bdb649c6e6d9c94247aaf3df810501827217345ac1126cf23312c6e2,9,0.39,4,1539006453258,Politics,0.3042,0.665
4bgWSiCdBXRqWZrBi,8df59f49bdb649c6e6d9c94247aaf3df810501827217345ac1126cf23312c6e2,10,0.83,4,1539006453260,Politics,1.3778,0.38
bD5XARramzgY3SmQT,8df59f49bdb649c6e6d9c94247aaf3df810501827217345ac1126cf23312c6e2,11,0,4,1539006453262,Politics,0,0.34
gANqBmsi4T8pmfwXw,8df59f49bdb649c6e6d9c94247aaf3df810501827217345ac1126cf23312c6e2,12,0.16,4,1539006453265,Politics,0.0512,0.495
M66WggXipa6nagTBC,8df59f49bdb649c6e6d9c94247aaf3df810501827217345ac1126cf23312c6e2,13,0.24,4,1539006474425,Entertainment,0.1152,0.295
gAua2HNw2PngPZi7C,8df59f49bdb649c6e6d9c94247aaf3df810501827217345ac1126cf23312c6e2,14,0.28,4,1539006474428,Entertainment,1.0368,0.34
DWomdo4Hd8ko8QT83,8df59f49bdb649c6e6d9c94247aaf3df810501827217345ac1126cf23312c6e2,15,0.71,4,1539006474430,Entertainment,1.0082,0.535
najqtQ2eb8KTZkwHJ,8df59f49bdb649c6e6d9c94247aaf3df810501827217345ac1126cf23312c6e2,16,0.86,4,1539006474432,Entertainment,0.039200000000000006,0.58
MrxYC6PfBzE3fF49d,8df59f49bdb649c6e6d9c94247aaf3df810501827217345ac1126cf23312c6e2,17,0.27,4,1539006474433,Entertainment,0.1458,0.47
9mgsmPJ3mYJRWr5Xi,8df59f49bdb649c6e6d9c94247aaf3df810501827217345ac1126cf23312c6e2,18,0.18,4,1539006474435,Entertainment,0.0648,0.365
7Mk9srZBQfJXpCELR,86cdbd4a6d759feac7dcb322d1090fbe5e2d7bd82adc32c07d5482687d292a71,1,0.28,4,1539010383415,Sports,1.0368,0.42
aRekGcPH7qFge6BMe,86cdbd4a6d759feac7dcb322d1090fbe5e2d7bd82adc32c07d5482687d292a71,2,1,4,1539010383415,Sports,2,0.635
YYtbk7e2xoWYDcYpK,86cdbd4a6d759feac7dcb322d1090fbe5e2d7bd82adc32c07d5482687d292a71,3,0.72,4,1539010383415,Sports,1.0368,0.505
ha7MCD6B9W8Q8qGzx,86cdbd4a6d759feac7dcb322d1090fbe5e2d7bd82adc32c07d5482687d292a71,4,0.34,4,1539010383416,Sports,0.8711999999999998,0.7
bzofcCxFkfLXwhSRQ,86cdbd4a6d759feac7dcb322d1090fbe5e2d7bd82adc32c07d5482687d292a71,5,1,4,1539010383416,Sports,2,0.53
oDMBZBQsyirM3vyi3,86cdbd4a6d759feac7dcb322d1090fbe5e2d7bd82adc32c07d5482687d292a71,6,0.86,4,1539010383416,Sports,1.4791999999999998,0.57
PjD6XNzsompGhDcpL,86cdbd4a6d759feac7dcb322d1090fbe5e2d7bd82adc32c07d5482687d292a71,7,0.98,4,1539010391500,Politics,1.9207999999999998,0.635
CuPeZzuLWWX8hbqFL,86cdbd4a6d759feac7dcb322d1090fbe5e2d7bd82adc32c07d5482687d292a71,8,0.72,4,1539010391500,Politics,0.15680000000000002,0.545
TwiZt5ADwu8kcacnA,86cdbd4a6d759feac7dcb322d1090fbe5e2d7bd82adc32c07d5482687d292a71,9,0.14,4,1539010391501,Politics,0.039200000000000006,0.415
tHuXAfdeCawNyXL3W,86cdbd4a6d759feac7dcb322d1090fbe5e2d7bd82adc32c07d5482687d292a71,10,1,4,1539010391501,Politics,2,0.385
r8PNKNQ8EPBnCX6Pf,86cdbd4a6d759feac7dcb322d1090fbe5e2d7bd82adc32c07d5482687d292a71,11,0.27,4,1539010391501,Politics,0.1458,0.53
pBm4nMReBBPf7uyKD,86cdbd4a6d759feac7dcb322d1090fbe5e2d7bd82adc32c07d5482687d292a71,12,0.12,4,1539010391502,Politics,0.0288,0.535
FWqKdy6TpufZvgtrc,ec121080222dbef0adca749b2c1d8b9ab292d8849b57ce923180e03f42a538ca,1,0.56,4,1539011308948,Sports,0.38719999999999993,0.58
5SSnQkoFsYtEQpHaW,ec121080222dbef0adca749b2c1d8b9ab292d8849b57ce923180e03f42a538ca,2,0.56,4,1539011308953,Sports,0.6272000000000001,0.575
H8RMKHJyqZbR8ag6b,ec121080222dbef0adca749b2c1d8b9ab292d8849b57ce923180e03f42a538ca,3,0.67,4,1539011308957,Sports,0.8978000000000002,0.41
baWm7f9g2ByQNEmPo,ec121080222dbef0adca749b2c1d8b9ab292d8849b57ce923180e03f42a538ca,4,0.42,4,1539011308959,Sports,0.6728000000000002,0.585
bN9whCxDfrvwEbgQ3,ec121080222dbef0adca749b2c1d8b9ab292d8849b57ce923180e03f42a538ca,5,0.65,4,1539011308961,Sports,0.8450000000000001,0.48
r2CqmYuzFemg4qzk4,ec121080222dbef0adca749b2c1d8b9ab292d8849b57ce923180e03f42a538ca,6,0.41,4,1539011308963,Sports,0.33619999999999994,0.575
fbQfK4g9uCQ66dmBz,7d56e11e4a1791ec62c896451903e89fca77d7d9121a2f06580207af257c7742,1,0.5,4,1539011917621,Sports,0.5,0.655
vj7Kz9T58YqJLeFuB,7d56e11e4a1791ec62c896451903e89fca77d7d9121a2f06580207af257c7742,2,0.75,4,1539011917623,Sports,1.125,0.625
4jfeqeNzxfr8bwnwS,7d56e11e4a1791ec62c896451903e89fca77d7d9121a2f06580207af257c7742,3,0.75,4,1539011917623,Sports,1.125,0.51
wBkhRWxAB49dqx4KN,7d56e11e4a1791ec62c896451903e89fca77d7d9121a2f06580207af257c7742,4,0.25,4,1539011917623,Sports,1.125,0.43
69PxxoTaRsuETLRtY,7d56e11e4a1791ec62c896451903e89fca77d7d9121a2f06580207af257c7742,5,0.25,4,1539011917623,Sports,0.125,0.495
SgfoWjrtjTgJzpAS7,7d56e11e4a1791ec62c896451903e89fca77d7d9121a2f06580207af257c7742,6,0.25,4,1539011917623,Sports,0.125,0.545
5m5yg3m9hssMMysRY,7d56e11e4a1791ec62c896451903e89fca77d7d9121a2f06580207af257c7742,7,0.75,4,1539011945402,Politics,1.125,0.56
t7Xjy3vjEsT69Qohb,7d56e11e4a1791ec62c896451903e89fca77d7d9121a2f06580207af257c7742,8,0.5,4,1539011945403,Politics,0.5,0.665
xpdn3DPpWs5JkxxQp,7d56e11e4a1791ec62c896451903e89fca77d7d9121a2f06580207af257c7742,9,0.5,4,1539011945403,Politics,0.5,0.655
52PDQJPDzfHbnFSvZ,7d56e11e4a1791ec62c896451903e89fca77d7d9121a2f06580207af257c7742,10,0.25,4,1539011945403,Politics,0.125,0.44
Bf66BwmgznhvSSeKL,7d56e11e4a1791ec62c896451903e89fca77d7d9121a2f06580207af257c7742,11,0.25,4,1539011945403,Politics,0.125,0.535
xzbEFZ8ATe5kQ6ZuH,7d56e11e4a1791ec62c896451903e89fca77d7d9121a2f06580207af257c7742,12,0,4,1539011945403,Politics,0,0.39
tKacvranwRT22n6SE,7d56e11e4a1791ec62c896451903e89fca77d7d9121a2f06580207af257c7742,13,0.25,4,1539011977433,Entertainment,0.125,0.39
vxEbWzP8v7tniPg22,7d56e11e4a1791ec62c896451903e89fca77d7d9121a2f06580207af257c7742,14,0.1,4,1539011977433,Entertainment,1.62,0.34
psWA9BB7d7duWrHoM,7d56e11e4a1791ec62c896451903e89fca77d7d9121a2f06580207af257c7742,15,0.2,4,1539011977434,Entertainment,0.08000000000000002,0.545
e2Jz995fAXK3pm6sA,122661f46e76aa926f1e17a812948e0b69b298d220188ea02df01ffcc08a3448,1,0.7,4,1539014345932,Sports,0.18000000000000005,0.69
AfwyqBgZYa7Wed8ra,122661f46e76aa926f1e17a812948e0b69b298d220188ea02df01ffcc08a3448,2,0.3,4,1539014345932,Sports,0.18,0.74
ZhZNyW5kmhmie4NcS,122661f46e76aa926f1e17a812948e0b69b298d220188ea02df01ffcc08a3448,3,0.14,4,1539014345932,Sports,0.039200000000000006,0.45
JYz3Mr6GqCHDLKXHs,122661f46e76aa926f1e17a812948e0b69b298d220188ea02df01ffcc08a3448,4,0.89,4,1539014345932,Sports,0.024199999999999996,0.665
bY2uz9RjkqroAXwhj,122661f46e76aa926f1e17a812948e0b69b298d220188ea02df01ffcc08a3448,5,0.28,4,1539014345933,Sports,0.15680000000000002,0.48
nN53NEYa4AScAhw38,122661f46e76aa926f1e17a812948e0b69b298d220188ea02df01ffcc08a3448,6,0.86,4,1539014345933,Sports,1.4791999999999998,0.64
kyne4PZ43YpsmYAgB,122661f46e76aa926f1e17a812948e0b69b298d220188ea02df01ffcc08a3448,7,0.9,4,1539014436148,Politics,1.62,0.69
d2LeKFM59nRLrpWAo,122661f46e76aa926f1e17a812948e0b69b298d220188ea02df01ffcc08a3448,8,0.85,4,1539014436148,Politics,0.04500000000000001,0.635
Zo7Fnk5EytGnEN4hQ,122661f46e76aa926f1e17a812948e0b69b298d220188ea02df01ffcc08a3448,9,0,4,1539014436148,Politics,0,0.305
WAsKhKgkeGY86ELkD,122661f46e76aa926f1e17a812948e0b69b298d220188ea02df01ffcc08a3448,10,0,4,1539014436149,Politics,0,0.46
p4a3Y68BrNrnwhZP5,122661f46e76aa926f1e17a812948e0b69b298d220188ea02df01ffcc08a3448,11,0.45,4,1539014436149,Politics,0.405,0.59
z8t39S5qatB3dLaSf,122661f46e76aa926f1e17a812948e0b69b298d220188ea02df01ffcc08a3448,12,0,4,1539014436150,Politics,0,0.455
wcqBeb6fBHSFdAThh,122661f46e76aa926f1e17a812948e0b69b298d220188ea02df01ffcc08a3448,13,1,4,1539014591345,Entertainment,2,0.57
PvMTDaq4MTaTrZM3N,122661f46e76aa926f1e17a812948e0b69b298d220188ea02df01ffcc08a3448,14,1,4,1539014591346,Entertainment,0,0.65
bKYH4bjthEm9EQXNA,122661f46e76aa926f1e17a812948e0b69b298d220188ea02df01ffcc08a3448,15,0.3,4,1539014591346,Entertainment,0.18,0.655
RxatrSMmzr4NCQfer,122661f46e76aa926f1e17a812948e0b69b298d220188ea02df01ffcc08a3448,16,0,4,1539014591346,Entertainment,2,0.305
uZe6okkKgJZrCAHw5,122661f46e76aa926f1e17a812948e0b69b298d220188ea02df01ffcc08a3448,17,0,4,1539014591346,Entertainment,0,0.335
Yd33aupzDSKvDiwby,122661f46e76aa926f1e17a812948e0b69b298d220188ea02df01ffcc08a3448,18,0.25,4,1539014591347,Entertainment,0.125,0.605
bhZwbGPnGmMPP6D9p,5916a6f2162e5ee504a25d88509ceed82f587cf26d14c4af0eddecca493363ad,1,0.58,4,1539015685332,Sports,0.35280000000000006,0.72
BTG4bcDWYkrQLX6hs,5916a6f2162e5ee504a25d88509ceed82f587cf26d14c4af0eddecca493363ad,2,1,4,1539015685333,Sports,2,0.66
p7d4C6kMwBBnevKXt,5916a6f2162e5ee504a25d88509ceed82f587cf26d14c4af0eddecca493363ad,3,1,4,1539015685333,Sports,2,0.595
7e3ALZyQSk9rDZKZh,5916a6f2162e5ee504a25d88509ceed82f587cf26d14c4af0eddecca493363ad,4,0.29,4,1539015685333,Sports,1.0082,0.475
erH4iznqacgitgraB,5916a6f2162e5ee504a25d88509ceed82f587cf26d14c4af0eddecca493363ad,5,0,4,1539015685333,Sports,0,0.385
Bz2uJs5mYEiv3XaXB,5916a6f2162e5ee504a25d88509ceed82f587cf26d14c4af0eddecca493363ad,6,0.28,4,1539015685333,Sports,0.15680000000000002,0.54
uzGdMEKSLBMjwv8yk,5916a6f2162e5ee504a25d88509ceed82f587cf26d14c4af0eddecca493363ad,7,0,4,1539015708252,Politics,0,0.225
N4nRupgwNFqmKqA9N,5916a6f2162e5ee504a25d88509ceed82f587cf26d14c4af0eddecca493363ad,8,1,4,1539015708252,Politics,0,0.68
zph7HNtJRp74AMQce,5916a6f2162e5ee504a25d88509ceed82f587cf26d14c4af0eddecca493363ad,9,0,4,1539015708253,Politics,0,0.34
TQjZw5EbocAXEDtcq,5916a6f2162e5ee504a25d88509ceed82f587cf26d14c4af0eddecca493363ad,10,0,4,1539015708253,Politics,0,0.54
HAaMX44QCS4KbXusm,5916a6f2162e5ee504a25d88509ceed82f587cf26d14c4af0eddecca493363ad,11,0.76,4,1539015708253,Politics,1.1552,0.565
2i2oCPGeCYQsRD35F,5916a6f2162e5ee504a25d88509ceed82f587cf26d14c4af0eddecca493363ad,12,0,4,1539015708253,Politics,0,0.45
WbwD2Tpow8YcTLXpR,5916a6f2162e5ee504a25d88509ceed82f587cf26d14c4af0eddecca493363ad,13,0.25,4,1539015765131,Entertainment,0.125,0.475
HYoypwNYjp8A2CyqE,5916a6f2162e5ee504a25d88509ceed82f587cf26d14c4af0eddecca493363ad,14,1,4,1539015765132,Entertainment,0,0.69
ZCCGNR76mGtvg9Z4J,5916a6f2162e5ee504a25d88509ceed82f587cf26d14c4af0eddecca493363ad,15,0,4,1539015765132,Entertainment,0,0.295
g5yMWNGb5v2JsRuTg,5916a6f2162e5ee504a25d88509ceed82f587cf26d14c4af0eddecca493363ad,16,0.34,4,1539015765132,Entertainment,0.8711999999999998,0.71
WePfbd6oSvAjvWR6F,5916a6f2162e5ee504a25d88509ceed82f587cf26d14c4af0eddecca493363ad,17,0,4,1539015765133,Entertainment,0,0.35
djEtpJfKHLTbi7DTz,5916a6f2162e5ee504a25d88509ceed82f587cf26d14c4af0eddecca493363ad,18,0.25,4,1539015765133,Entertainment,0.125,0.53
RWFFoAgTawxLSTWoy,47deabd48cd731087d67ed1b5a8fbecc23d8cf31fe39a1583ff959b2b68f730f,1,0.25,4,1539016322813,Sports,1.125,0.42
mE5mE53mhweYWNSRJ,47deabd48cd731087d67ed1b5a8fbecc23d8cf31fe39a1583ff959b2b68f730f,2,0.65,4,1539016322815,Sports,0.8450000000000001,0.63
K3BBsYveKxjz3GbXm,47deabd48cd731087d67ed1b5a8fbecc23d8cf31fe39a1583ff959b2b68f730f,3,0.11,4,1539016322817,Sports,0.0242,0.405
wwD5m6dCn7Axfipej,47deabd48cd731087d67ed1b5a8fbecc23d8cf31fe39a1583ff959b2b68f730f,4,0.9,4,1539016322818,Sports,0.01999999999999999,0.68
y5rt8hscnkATgMhLw,47deabd48cd731087d67ed1b5a8fbecc23d8cf31fe39a1583ff959b2b68f730f,5,0.26,4,1539016322819,Sports,0.13520000000000001,0.425
J9mGe2yAQK5HEwCmq,47deabd48cd731087d67ed1b5a8fbecc23d8cf31fe39a1583ff959b2b68f730f,6,0.14,4,1539016322820,Sports,0.039200000000000006,0.33
N797BQbEngLMgW6WJ,47deabd48cd731087d67ed1b5a8fbecc23d8cf31fe39a1583ff959b2b68f730f,7,0.84,4,1539016373453,Politics,1.4111999999999998,0.595
dX5EQjjsJhiufCez7,47deabd48cd731087d67ed1b5a8fbecc23d8cf31fe39a1583ff959b2b68f730f,8,0.75,4,1539016373454,Politics,0.125,0.56
Gh489nm2cTMd9SCBm,47deabd48cd731087d67ed1b5a8fbecc23d8cf31fe39a1583ff959b2b68f730f,9,0.11,4,1539016373455,Politics,0.0242,0.475
bXKrqdyvacoaWMzX7,47deabd48cd731087d67ed1b5a8fbecc23d8cf31fe39a1583ff959b2b68f730f,10,0.15,4,1539016373455,Politics,0.045,0.475
9F7upwpQCe7vwGxZu,47deabd48cd731087d67ed1b5a8fbecc23d8cf31fe39a1583ff959b2b68f730f,11,0.3,4,1539016373457,Politics,0.18,0.66
t7kFwMNpQ3Gkd8hga,47deabd48cd731087d67ed1b5a8fbecc23d8cf31fe39a1583ff959b2b68f730f,12,0.1,4,1539016373457,Politics,0.020000000000000004,0.48
vzZeFuXv3zZ9vFjs5,47deabd48cd731087d67ed1b5a8fbecc23d8cf31fe39a1583ff959b2b68f730f,13,0.3,4,1539016451988,Entertainment,0.18,0.655
EMrJh6TjnPvPy29fx,47deabd48cd731087d67ed1b5a8fbecc23d8cf31fe39a1583ff959b2b68f730f,14,0.85,4,1539016451988,Entertainment,0.04500000000000001,0.565
RN9RTSPouGZjpYbDp,47deabd48cd731087d67ed1b5a8fbecc23d8cf31fe39a1583ff959b2b68f730f,15,0.2,4,1539016451990,Entertainment,0.08000000000000002,0.475
owj2zzPZsuwQatuJd,47deabd48cd731087d67ed1b5a8fbecc23d8cf31fe39a1583ff959b2b68f730f,16,0.33,4,1539016451991,Entertainment,0.8977999999999998,0.625
mGDDmuE5RY9nvJ2QM,47deabd48cd731087d67ed1b5a8fbecc23d8cf31fe39a1583ff959b2b68f730f,17,0.41,4,1539016451992,Entertainment,0.33619999999999994,0.615
5Zehq75PhHX6yiTwr,47deabd48cd731087d67ed1b5a8fbecc23d8cf31fe39a1583ff959b2b68f730f,18,0.6,4,1539016451993,Entertainment,0.72,0.55
xwZ5HipPtPjqom4oP,8b3689120fa5e6a9668a9007dea49d5d1a411cac3f068b1419c048edcfaa5163,1,0.29,4,1539019714997,Sports,1.0082,0.54
uKyk3nRas88iTgiRm,8b3689120fa5e6a9668a9007dea49d5d1a411cac3f068b1419c048edcfaa5163,2,0.17,4,1539019715e3,Sports,0.05780000000000001,0.415
GFnznRoPAebB8pLMy,8b3689120fa5e6a9668a9007dea49d5d1a411cac3f068b1419c048edcfaa5163,3,0.08,4,1539019715001,Sports,0.0128,0.455
p3Jv4hpv822LGDqwg,8b3689120fa5e6a9668a9007dea49d5d1a411cac3f068b1419c048edcfaa5163,4,0.48,4,1539019715003,Sports,0.5408000000000001,0.74
cMu786Maxkw55Kbb4,8b3689120fa5e6a9668a9007dea49d5d1a411cac3f068b1419c048edcfaa5163,5,0.26,4,1539019715005,Sports,0.13520000000000001,0.55
WCQbrrczA7rN9SRMd,8b3689120fa5e6a9668a9007dea49d5d1a411cac3f068b1419c048edcfaa5163,6,0.24,4,1539019715005,Sports,0.1152,0.645
8adeaJpAjELET9vDz,8b3689120fa5e6a9668a9007dea49d5d1a411cac3f068b1419c048edcfaa5163,7,0.89,4,1539019852223,Politics,1.5842,0.69
hBqgy4b2wgJMcEKWa,8b3689120fa5e6a9668a9007dea49d5d1a411cac3f068b1419c048edcfaa5163,8,0.94,4,1539019852223,Politics,0.007200000000000013,0.67
FBmYhBTxiE2YdFAaT,8b3689120fa5e6a9668a9007dea49d5d1a411cac3f068b1419c048edcfaa5163,9,0.02,4,1539019852224,Politics,8e-4,0.37
TkZYnLZhtsDeXSagm,8b3689120fa5e6a9668a9007dea49d5d1a411cac3f068b1419c048edcfaa5163,10,0,4,1539019852225,Politics,0,0.48
JgzmcEtocSv7KGdXy,8b3689120fa5e6a9668a9007dea49d5d1a411cac3f068b1419c048edcfaa5163,11,0,4,1539019852226,Politics,0,0.465
vNSxXRctqLomaR2W4,8b3689120fa5e6a9668a9007dea49d5d1a411cac3f068b1419c048edcfaa5163,12,0,4,1539019852226,Politics,0,0.48
ix6wfmwFCRjpTDSaf,8b3689120fa5e6a9668a9007dea49d5d1a411cac3f068b1419c048edcfaa5163,13,0,4,1539020027864,Entertainment,0,0.355
PMeHAwrdou4btqXiB,8b3689120fa5e6a9668a9007dea49d5d1a411cac3f068b1419c048edcfaa5163,14,1,4,1539020027867,Entertainment,0,0.72
F2hsLctrYXyvfmALE,8b3689120fa5e6a9668a9007dea49d5d1a411cac3f068b1419c048edcfaa5163,15,0.81,4,1539020027868,Entertainment,1.3122000000000003,0.615
rS4jebWbGSitF46yq,8b3689120fa5e6a9668a9007dea49d5d1a411cac3f068b1419c048edcfaa5163,16,0.07,4,1539020027870,Entertainment,1.7297999999999998,0.355
cKcDq4LJTLHySCXur,8b3689120fa5e6a9668a9007dea49d5d1a411cac3f068b1419c048edcfaa5163,17,0,4,1539020027870,Entertainment,0,0.385
9Rr7BiPM4R3dsLnEA,8b3689120fa5e6a9668a9007dea49d5d1a411cac3f068b1419c048edcfaa5163,18,1,4,1539020027870,Entertainment,2,0.675
Djactf7qGDDqyf994,71e6630c0b42747ef44b2ef70a74fd187fce561fac550967654b361231665e73,1,0.73,4,1539021250650,Sports,0.1458,0.53
eJYtYZbCXwSN8Niyu,71e6630c0b42747ef44b2ef70a74fd187fce561fac550967654b361231665e73,2,0.33,4,1539021250651,Sports,0.21780000000000002,0.655
RaL24Fx8hWMNyknGq,71e6630c0b42747ef44b2ef70a74fd187fce561fac550967654b361231665e73,3,0,4,1539021250652,Sports,0,0.245
hLWRrFQkgpGuey3Rz,71e6630c0b42747ef44b2ef70a74fd187fce561fac550967654b361231665e73,4,0.94,4,1539021250652,Sports,0.007200000000000013,0.625
3eD4Z2zYe9u6x4cKv,71e6630c0b42747ef44b2ef70a74fd187fce561fac550967654b361231665e73,5,0.24,4,1539021250653,Sports,0.1152,0.435
m6ESeXn6YmB3sqNvD,71e6630c0b42747ef44b2ef70a74fd187fce561fac550967654b361231665e73,6,0.35,4,1539021250653,Sports,0.24499999999999997,0.675
xMQgZGjGJ8oXXzsYY,71e6630c0b42747ef44b2ef70a74fd187fce561fac550967654b361231665e73,7,0,4,1539021305322,Politics,0,0.175
gSYWb7ShkRMwSAfKu,71e6630c0b42747ef44b2ef70a74fd187fce561fac550967654b361231665e73,8,0.27,4,1539021305324,Politics,1.0657999999999999,0.4
bi72S5huMAmghsFeg,71e6630c0b42747ef44b2ef70a74fd187fce561fac550967654b361231665e73,9,0.23,4,1539021305324,Politics,0.1058,0.42
px2h5ef7mqq6NJsiJ,71e6630c0b42747ef44b2ef70a74fd187fce561fac550967654b361231665e73,10,0.35,4,1539021305326,Politics,0.24499999999999997,0.57
2fEeuxhM3JEbhprrE,71e6630c0b42747ef44b2ef70a74fd187fce561fac550967654b361231665e73,11,0.52,4,1539021305326,Politics,0.5408000000000001,0.49
EPNsB9Q9wu6G9JgQv,71e6630c0b42747ef44b2ef70a74fd187fce561fac550967654b361231665e73,12,0.09,4,1539021305327,Politics,0.0162,0.365
4badZbbMyL5DqskfA,90a276620e9e98a0b42a135616a87bcd8194538f71506582e5d55cde0589cdfc,1,0.02,4,1539021325919,Sports,1.9207999999999998,0.29
bxmrNtj5dndhRvyp7,90a276620e9e98a0b42a135616a87bcd8194538f71506582e5d55cde0589cdfc,2,0.5,4,1539021325920,Sports,0.5,0.71
RKMouGcNHT4XBmrPa,90a276620e9e98a0b42a135616a87bcd8194538f71506582e5d55cde0589cdfc,3,0.01,4,1539021325923,Sports,2e-4,0.42
LJWpGJQctyZSwh92x,90a276620e9e98a0b42a135616a87bcd8194538f71506582e5d55cde0589cdfc,4,0.25,4,1539021325927,Sports,1.125,0.375
Fk3NxC7FW3jEtn5di,90a276620e9e98a0b42a135616a87bcd8194538f71506582e5d55cde0589cdfc,5,0.1,4,1539021325928,Sports,0.020000000000000004,0.43
psM6wGftWs36HDBy5,90a276620e9e98a0b42a135616a87bcd8194538f71506582e5d55cde0589cdfc,6,0.5,4,1539021325931,Sports,0.5,0.67
LwZ2yi562pj4HaabB,90a276620e9e98a0b42a135616a87bcd8194538f71506582e5d55cde0589cdfc,7,0.31,4,1539021341324,Politics,0.1922,0.755
ZpWtTLTqCzE7fGMfS,90a276620e9e98a0b42a135616a87bcd8194538f71506582e5d55cde0589cdfc,8,0.25,4,1539021341325,Politics,1.125,0.515
prTNrQ9TRxS5BFwQX,90a276620e9e98a0b42a135616a87bcd8194538f71506582e5d55cde0589cdfc,9,0.1,4,1539021341327,Politics,0.020000000000000004,0.49
xBrTuWkLiSdYAZduv,90a276620e9e98a0b42a135616a87bcd8194538f71506582e5d55cde0589cdfc,10,0.01,4,1539021341328,Politics,2e-4,0.43
RB5fSdnkecSo76i7C,90a276620e9e98a0b42a135616a87bcd8194538f71506582e5d55cde0589cdfc,11,0.01,4,1539021341330,Politics,2e-4,0.38
yaCp6HtGjBbhFag3m,90a276620e9e98a0b42a135616a87bcd8194538f71506582e5d55cde0589cdfc,12,0,4,1539021341331,Politics,0,0.45
FCwkfdnNQQJg8viEk,90a276620e9e98a0b42a135616a87bcd8194538f71506582e5d55cde0589cdfc,13,1,4,1539021362446,Entertainment,2,0.615
ifCRkTJ9SBSd72iXj,90a276620e9e98a0b42a135616a87bcd8194538f71506582e5d55cde0589cdfc,14,0.05,4,1539021362447,Entertainment,1.805,0.27
vcFyPNBybs2F728EZ,90a276620e9e98a0b42a135616a87bcd8194538f71506582e5d55cde0589cdfc,15,1,4,1539021362448,Entertainment,2,0.575
wTmK77a4gXoSGzkLH,90a276620e9e98a0b42a135616a87bcd8194538f71506582e5d55cde0589cdfc,16,0.5,4,1539021362450,Entertainment,0.5,0.66
CfXypxSBTBJGQHujD,90a276620e9e98a0b42a135616a87bcd8194538f71506582e5d55cde0589cdfc,17,0.55,4,1539021362451,Entertainment,0.6050000000000001,0.59
nxkwHyCASeK2QGAyT,90a276620e9e98a0b42a135616a87bcd8194538f71506582e5d55cde0589cdfc,18,1,4,1539021362453,Entertainment,2,0.605
Av3fzFjdbodM2BBfi,71e6630c0b42747ef44b2ef70a74fd187fce561fac550967654b361231665e73,13,0.66,4,1539021369524,Entertainment,0.8712000000000001,0.595
hnXpEsMuCoMjLdk9v,71e6630c0b42747ef44b2ef70a74fd187fce561fac550967654b361231665e73,14,0.81,4,1539021369525,Entertainment,0.07219999999999996,0.615
p6zhDqbw884mgZRJK,71e6630c0b42747ef44b2ef70a74fd187fce561fac550967654b361231665e73,15,0.57,4,1539021369526,Entertainment,0.6497999999999999,0.645
guyCfCJmzrFYFrAbd,71e6630c0b42747ef44b2ef70a74fd187fce561fac550967654b361231665e73,16,0.3,4,1539021369527,Entertainment,0.9799999999999999,0.665
yCZx6zARvXERmRd99,71e6630c0b42747ef44b2ef70a74fd187fce561fac550967654b361231665e73,17,0.7,4,1539021369528,Entertainment,0.9799999999999999,0.555
wKCM6i3c5ui7RLFp5,71e6630c0b42747ef44b2ef70a74fd187fce561fac550967654b361231665e73,18,0.59,4,1539021369529,Entertainment,0.6961999999999999,0.615
Ta6oT2teX3njWnbod,f621e74634ff471d80c44e5783db92c3aebff69b950c990c3a5e5fd26a0d020f,1,0.56,4,1539022415975,Sports,0.38719999999999993,0.63
DG9rsHL5bPk5zGSiG,f621e74634ff471d80c44e5783db92c3aebff69b950c990c3a5e5fd26a0d020f,2,0.75,4,1539022415975,Sports,1.125,0.555
gb6duzH4YFBrLhN5d,f621e74634ff471d80c44e5783db92c3aebff69b950c990c3a5e5fd26a0d020f,3,0.64,4,1539022415975,Sports,0.8192,0.475
tD3vEr6qyJZnfenJD,f621e74634ff471d80c44e5783db92c3aebff69b950c990c3a5e5fd26a0d020f,4,0.78,4,1539022415976,Sports,0.09679999999999998,0.54
Q4zLLdekEAaGoY6oJ,f621e74634ff471d80c44e5783db92c3aebff69b950c990c3a5e5fd26a0d020f,5,0.26,4,1539022415976,Sports,0.13520000000000001,0.375
pmaobZA9ngwdw56Zo,f621e74634ff471d80c44e5783db92c3aebff69b950c990c3a5e5fd26a0d020f,6,0.33,4,1539022415977,Sports,0.21780000000000002,0.64
Hstk5vB5NbdmYv5Da,f621e74634ff471d80c44e5783db92c3aebff69b950c990c3a5e5fd26a0d020f,7,0.79,4,1539022442342,Politics,1.2482000000000002,0.575
w8JvrjZP4inZDkYN2,f621e74634ff471d80c44e5783db92c3aebff69b950c990c3a5e5fd26a0d020f,8,0.71,4,1539022442342,Politics,0.16820000000000004,0.565
vMPcTJnDvYvtABbxR,f621e74634ff471d80c44e5783db92c3aebff69b950c990c3a5e5fd26a0d020f,9,0.33,4,1539022442343,Politics,0.21780000000000002,0.63
LcwhNTCRd8kBSFkJn,f621e74634ff471d80c44e5783db92c3aebff69b950c990c3a5e5fd26a0d020f,10,0.22,4,1539022442344,Politics,0.0968,0.41
28JcNidLSdcTvHQ6p,f621e74634ff471d80c44e5783db92c3aebff69b950c990c3a5e5fd26a0d020f,11,0.13,4,1539022442344,Politics,0.033800000000000004,0.445
r4txLfGj4ZkMc8qXz,f621e74634ff471d80c44e5783db92c3aebff69b950c990c3a5e5fd26a0d020f,12,0.86,4,1539022442344,Politics,1.4791999999999998,0.375
Fv8fPaQuBBuJSA2WT,f621e74634ff471d80c44e5783db92c3aebff69b950c990c3a5e5fd26a0d020f,13,0.82,4,1539022523724,Entertainment,1.3447999999999998,0.53
aBxLKhkuRMZJA44Mr,f621e74634ff471d80c44e5783db92c3aebff69b950c990c3a5e5fd26a0d020f,14,0.93,4,1539022523724,Entertainment,0.009799999999999986,0.575
F5LPAuaZHyq2YmQAg,f621e74634ff471d80c44e5783db92c3aebff69b950c990c3a5e5fd26a0d020f,15,0.29,4,1539022523724,Entertainment,0.1682,0.395
oZWoWHTN6XAYEEvrw,f621e74634ff471d80c44e5783db92c3aebff69b950c990c3a5e5fd26a0d020f,16,0.36,4,1539022523725,Entertainment,0.8192,0.615
cfWMSqxACb3g8QYgJ,f621e74634ff471d80c44e5783db92c3aebff69b950c990c3a5e5fd26a0d020f,17,0.58,4,1539022523725,Entertainment,0.6728,0.575
9jafCMau2vT27Mg9E,f621e74634ff471d80c44e5783db92c3aebff69b950c990c3a5e5fd26a0d020f,18,0.72,4,1539022523725,Entertainment,1.0368,0.54
rhLAM5kDNpSQ6FY7S,4b943861862bb087e73e0b943a8d057827a39e5f5c1e737be4875e96e1b29ed3,1,0.69,4,1539023811911,Sports,0.19220000000000007,0.535
Wf6r6SXsrTS2dFagH,4b943861862bb087e73e0b943a8d057827a39e5f5c1e737be4875e96e1b29ed3,2,0.64,4,1539023811912,Sports,0.8192,0.57
2XpbhfGzvxukTKui6,4b943861862bb087e73e0b943a8d057827a39e5f5c1e737be4875e96e1b29ed3,3,0.35,4,1539023811912,Sports,0.24499999999999997,0.56
WNMzDDz2RD7yZ6GPn,4b943861862bb087e73e0b943a8d057827a39e5f5c1e737be4875e96e1b29ed3,4,0.35,4,1539023811913,Sports,0.8450000000000001,0.67
4waQQrTo2QghZo8m4,4b943861862bb087e73e0b943a8d057827a39e5f5c1e737be4875e96e1b29ed3,5,0.42,4,1539023811913,Sports,0.35279999999999995,0.555
icpsYuDsa4HnqZCYi,4b943861862bb087e73e0b943a8d057827a39e5f5c1e737be4875e96e1b29ed3,6,0.6,4,1539023811913,Sports,0.72,0.505
BhaQv8DasSj8wdfFY,4b943861862bb087e73e0b943a8d057827a39e5f5c1e737be4875e96e1b29ed3,7,0.34,4,1539023825703,Politics,0.23120000000000004,0.625
RhYLdwpdmTq7kTbwn,4b943861862bb087e73e0b943a8d057827a39e5f5c1e737be4875e96e1b29ed3,8,0.73,4,1539023825703,Politics,0.1458,0.53
tqzZrG9E279rKCKss,4b943861862bb087e73e0b943a8d057827a39e5f5c1e737be4875e96e1b29ed3,9,0.39,4,1539023825704,Politics,0.3042,0.62
PTDQNLC4nYcBhSmYN,4b943861862bb087e73e0b943a8d057827a39e5f5c1e737be4875e96e1b29ed3,10,0.29,4,1539023825704,Politics,0.1682,0.355
etrTegz8eKppXhtQ4,4b943861862bb087e73e0b943a8d057827a39e5f5c1e737be4875e96e1b29ed3,11,0.61,4,1539023825704,Politics,0.7442,0.36
xacFC4DGMPdhWMv2C,4b943861862bb087e73e0b943a8d057827a39e5f5c1e737be4875e96e1b29ed3,12,0.64,4,1539023825704,Politics,0.8192,0.375
cg4XF5uwEkcyQLRx5,4b943861862bb087e73e0b943a8d057827a39e5f5c1e737be4875e96e1b29ed3,13,0.61,4,1539023833976,Entertainment,0.7442,0.455
SPABecFtKMaKTQsFx,4b943861862bb087e73e0b943a8d057827a39e5f5c1e737be4875e96e1b29ed3,14,0.64,4,1539023833976,Entertainment,0.2592,0.55
SxGcjpFBcSmuEqbjD,4b943861862bb087e73e0b943a8d057827a39e5f5c1e737be4875e96e1b29ed3,15,0.4,4,1539023833976,Entertainment,0.32000000000000006,0.575
sk6aJRr8xuYn78a2o,4b943861862bb087e73e0b943a8d057827a39e5f5c1e737be4875e96e1b29ed3,16,0.61,4,1539023833976,Entertainment,0.3042,0.44
mrZRte4f4FoXHWMx8,4b943861862bb087e73e0b943a8d057827a39e5f5c1e737be4875e96e1b29ed3,17,0.4,4,1539023833977,Entertainment,0.32000000000000006,0.52
X7PX39yfdbPZ7XeQ3,4b943861862bb087e73e0b943a8d057827a39e5f5c1e737be4875e96e1b29ed3,18,0.64,4,1539023833978,Entertainment,0.8192,0.525
z2xXMjjtJf4zgtjFS,f03f4929b25ca9dea2668fc54338d06c4937027e3f198fa3b71cfa321d55aa91,1,0.281,4,1539024122829,Sports,1.033922,0.36
wvJM28o23gBqmDvc4,f03f4929b25ca9dea2668fc54338d06c4937027e3f198fa3b71cfa321d55aa91,2,0.35,4,1539024122829,Sports,0.24499999999999997,0.66
BYgW4ZoBsmkRwX7bB,f03f4929b25ca9dea2668fc54338d06c4937027e3f198fa3b71cfa321d55aa91,3,0.45,4,1539024122829,Sports,0.405,0.515
rxQEJmencK9fTGBDz,f03f4929b25ca9dea2668fc54338d06c4937027e3f198fa3b71cfa321d55aa91,4,0.7,4,1539024122829,Sports,0.18000000000000005,0.61
N34EqLGmqwyorucMN,f03f4929b25ca9dea2668fc54338d06c4937027e3f198fa3b71cfa321d55aa91,5,0.25,4,1539024122830,Sports,0.125,0.42
JiFnnJbM6H5rxMxWs,f03f4929b25ca9dea2668fc54338d06c4937027e3f198fa3b71cfa321d55aa91,6,0.7,4,1539024122830,Sports,0.9799999999999999,0.58
cBTuZ2TeWjrTSPKDi,f03f4929b25ca9dea2668fc54338d06c4937027e3f198fa3b71cfa321d55aa91,7,0.6,4,1539024131908,Politics,0.72,0.605
fbbgSpHojDMCDQWY7,f03f4929b25ca9dea2668fc54338d06c4937027e3f198fa3b71cfa321d55aa91,8,0.4,4,1539024131909,Politics,0.72,0.62
MJrMdGL5nJ5dmPx6D,f03f4929b25ca9dea2668fc54338d06c4937027e3f198fa3b71cfa321d55aa91,9,0.3,4,1539024131909,Politics,0.18,0.65
j6dFvCrQhePgNHLud,f03f4929b25ca9dea2668fc54338d06c4937027e3f198fa3b71cfa321d55aa91,10,0.2,4,1539024131909,Politics,0.08000000000000002,0.425
zjSFNS2b35khAho9h,f03f4929b25ca9dea2668fc54338d06c4937027e3f198fa3b71cfa321d55aa91,11,0.05,4,1539024131910,Politics,0.005000000000000001,0.265
ss2jahrXzkvT7bEfN,f03f4929b25ca9dea2668fc54338d06c4937027e3f198fa3b71cfa321d55aa91,12,0.1,4,1539024131910,Politics,0.020000000000000004,0.45
XqggecqBaf9SfGNJv,f03f4929b25ca9dea2668fc54338d06c4937027e3f198fa3b71cfa321d55aa91,13,0.21,4,1539024136243,Entertainment,0.08819999999999999,0.315
4dkQgpaoCeqnJex8C,f03f4929b25ca9dea2668fc54338d06c4937027e3f198fa3b71cfa321d55aa91,14,1,4,1539024136244,Entertainment,0,0.615
9r9N7mMkSgdN63i7u,f03f4929b25ca9dea2668fc54338d06c4937027e3f198fa3b71cfa321d55aa91,15,0.39,4,1539024136245,Entertainment,0.3042,0.705
B4HS4Yb4MyiFDjJEQ,f03f4929b25ca9dea2668fc54338d06c4937027e3f198fa3b71cfa321d55aa91,16,0.5,4,1539024136245,Entertainment,0.5,0.615
hYrxkHR28vFd9KghE,f03f4929b25ca9dea2668fc54338d06c4937027e3f198fa3b71cfa321d55aa91,17,0.11,4,1539024136246,Entertainment,0.0242,0.355
39GqCkG98y98TpPie,f03f4929b25ca9dea2668fc54338d06c4937027e3f198fa3b71cfa321d55aa91,18,0.75,4,1539024136246,Entertainment,1.125,0.57
kcf2JPbJ8Yb3Gtxaf,0870ff294083d7e1c69d90d0ff86192e3b053669b19d8850fe387339f2930801,1,0.5,4,1539024820064,Sports,0.5,0.645
Nyyioz9N5oTL2JqQ3,0870ff294083d7e1c69d90d0ff86192e3b053669b19d8850fe387339f2930801,2,0.25,4,1539024820064,Sports,0.125,0.44
qSDStqzDWPY5eWgsf,0870ff294083d7e1c69d90d0ff86192e3b053669b19d8850fe387339f2930801,3,0.15,4,1539024820065,Sports,0.045,0.47
okrTgSCmFgoXc3a7t,0870ff294083d7e1c69d90d0ff86192e3b053669b19d8850fe387339f2930801,4,0.75,4,1539024820066,Sports,0.125,0.61
WfXmrdKkBWyrCbmiC,0870ff294083d7e1c69d90d0ff86192e3b053669b19d8850fe387339f2930801,5,0.25,4,1539024820066,Sports,0.125,0.435
nguo5Wgy6svSTvMH7,0870ff294083d7e1c69d90d0ff86192e3b053669b19d8850fe387339f2930801,6,0.5,4,1539024820066,Sports,0.5,0.65
K88TNnK53ZSHz9orz,0870ff294083d7e1c69d90d0ff86192e3b053669b19d8850fe387339f2930801,7,0.81,4,1539024873643,Politics,1.3122000000000003,0.6
PC9kThgHc2YreP4Kr,0870ff294083d7e1c69d90d0ff86192e3b053669b19d8850fe387339f2930801,8,0.85,4,1539024873644,Politics,0.04500000000000001,0.605
sosrqNsrPYdw6W7zk,0870ff294083d7e1c69d90d0ff86192e3b053669b19d8850fe387339f2930801,9,0.5,4,1539024873645,Politics,0.5,0.59
JR6JYPz28cSyp4WyG,0870ff294083d7e1c69d90d0ff86192e3b053669b19d8850fe387339f2930801,10,0.2,4,1539024873646,Politics,0.08000000000000002,0.425
6zg5xJrPdBM4kooqJ,0870ff294083d7e1c69d90d0ff86192e3b053669b19d8850fe387339f2930801,11,0.55,4,1539024873646,Politics,0.6050000000000001,0.52
MTrp638GmaYQ9mDvT,0870ff294083d7e1c69d90d0ff86192e3b053669b19d8850fe387339f2930801,12,0.2,4,1539024873647,Politics,0.08000000000000002,0.51
BtwzGYkwgjtfPD5m3,0870ff294083d7e1c69d90d0ff86192e3b053669b19d8850fe387339f2930801,13,0.65,4,1539024923929,Entertainment,0.8450000000000001,0.535
SuDnfHncaKfg9hnaG,0870ff294083d7e1c69d90d0ff86192e3b053669b19d8850fe387339f2930801,14,0.85,4,1539024923930,Entertainment,0.04500000000000001,0.62
2GBCMkZYXSa9dvSDh,0870ff294083d7e1c69d90d0ff86192e3b053669b19d8850fe387339f2930801,15,0.1,4,1539024923930,Entertainment,0.020000000000000004,0.36
3YSo5FDrddK26GB56,0870ff294083d7e1c69d90d0ff86192e3b053669b19d8850fe387339f2930801,16,0.2,4,1539024923931,Entertainment,1.2800000000000002,0.44
EbJHwRRtHaR6eNoK8,0870ff294083d7e1c69d90d0ff86192e3b053669b19d8850fe387339f2930801,17,0.15,4,1539024923931,Entertainment,0.045,0.355
j5kzH2YjDr6QBtmPB,0870ff294083d7e1c69d90d0ff86192e3b053669b19d8850fe387339f2930801,18,0.1,4,1539024923933,Entertainment,0.020000000000000004,0.41
rQuc8JGS7bxFspkBT,8745d348c1e364c5277e34afe655c24beb758ab30551e302d8bc9f561644dca3,1,0.76,4,1539026275858,Sports,0.1152,0.545
yesuQnJsmT6eSr8ed,8745d348c1e364c5277e34afe655c24beb758ab30551e302d8bc9f561644dca3,2,0.72,4,1539026275862,Sports,1.0368,0.6
5nKTxzmgGPChGZpGm,8745d348c1e364c5277e34afe655c24beb758ab30551e302d8bc9f561644dca3,3,0.86,4,1539026275866,Sports,1.4791999999999998,0.52
5LmY7D4wu8gKirwZt,8745d348c1e364c5277e34afe655c24beb758ab30551e302d8bc9f561644dca3,4,0.26,4,1539026275869,Sports,1.0952,0.375
4CJYZETByAjGJLu96,8745d348c1e364c5277e34afe655c24beb758ab30551e302d8bc9f561644dca3,5,0.92,4,1539026275871,Sports,1.6928,0.48
YhZLiMqvg6AJGWwsY,8745d348c1e364c5277e34afe655c24beb758ab30551e302d8bc9f561644dca3,6,0.2,4,1539026275874,Sports,0.08000000000000002,0.47
9gmQAqLkKniErcgHo,8745d348c1e364c5277e34afe655c24beb758ab30551e302d8bc9f561644dca3,7,0.75,4,1539026298997,Politics,1.125,0.6
A8B4t5WKgNDmAxLKN,8745d348c1e364c5277e34afe655c24beb758ab30551e302d8bc9f561644dca3,8,0.2,4,1539026298999,Politics,1.2800000000000002,0.38
Dr4CyGcaz5crsvJaM,8745d348c1e364c5277e34afe655c24beb758ab30551e302d8bc9f561644dca3,9,0.44,4,1539026299005,Politics,0.3872,0.63
bf7fYuy4k4ev9Cy7B,8745d348c1e364c5277e34afe655c24beb758ab30551e302d8bc9f561644dca3,10,0.87,4,1539026299007,Politics,1.5138,0.43
GdZzMSRobgt9hEqBz,8745d348c1e364c5277e34afe655c24beb758ab30551e302d8bc9f561644dca3,11,0.2,4,1539026299009,Politics,0.08000000000000002,0.495
cEFe4QmdKzDgfX5YA,8745d348c1e364c5277e34afe655c24beb758ab30551e302d8bc9f561644dca3,12,0.24,4,1539026299012,Politics,0.1152,0.425
tYiptZDikWTwFTgqa,8745d348c1e364c5277e34afe655c24beb758ab30551e302d8bc9f561644dca3,13,0.72,4,1539026314919,Entertainment,1.0368,0.59
H8sSCJ3Wy6MA2LKWX,8745d348c1e364c5277e34afe655c24beb758ab30551e302d8bc9f561644dca3,14,0.26,4,1539026314921,Entertainment,1.0952,0.315
stGSgTZb99tKosR6J,8745d348c1e364c5277e34afe655c24beb758ab30551e302d8bc9f561644dca3,15,0.65,4,1539026314925,Entertainment,0.8450000000000001,0.575
NFjrF7pBYWrZq5sYD,8745d348c1e364c5277e34afe655c24beb758ab30551e302d8bc9f561644dca3,16,0.73,4,1539026314927,Entertainment,0.1458,0.53
Xxsgz8EFgQQoLJjQb,8745d348c1e364c5277e34afe655c24beb758ab30551e302d8bc9f561644dca3,17,0.71,4,1539026314930,Entertainment,1.0082,0.525
pphEquiLM6PK498Qw,8745d348c1e364c5277e34afe655c24beb758ab30551e302d8bc9f561644dca3,18,0.29,4,1539026314931,Entertainment,0.1682,0.465
XT9vR7wBaj2n2pcBL,452ddd4ae6a729c74bf460d07e65c6657abb66311623d1aa24dd8b2767483bf7,1,0.66,4,1539027685922,Sports,0.23119999999999996,0.6
xqh58CJdWL2Wecamx,452ddd4ae6a729c74bf460d07e65c6657abb66311623d1aa24dd8b2767483bf7,2,0.85,4,1539027685924,Sports,1.4449999999999998,0.555
Yi9r57iKxbgaLQnMw,452ddd4ae6a729c74bf460d07e65c6657abb66311623d1aa24dd8b2767483bf7,3,0.75,4,1539027685925,Sports,1.125,0.515
nHj7aNbftc3Ro8dGn,452ddd4ae6a729c74bf460d07e65c6657abb66311623d1aa24dd8b2767483bf7,4,0.75,4,1539027685925,Sports,0.125,0.54
eBeLyGkaoHpwcTh7u,452ddd4ae6a729c74bf460d07e65c6657abb66311623d1aa24dd8b2767483bf7,5,0.26,4,1539027685926,Sports,0.13520000000000001,0.395
MZAFAgCMJuJ6Xc4pd,452ddd4ae6a729c74bf460d07e65c6657abb66311623d1aa24dd8b2767483bf7,6,0.41,4,1539027685926,Sports,0.33619999999999994,0.545
RPnppjmafvdgrE7LJ,452ddd4ae6a729c74bf460d07e65c6657abb66311623d1aa24dd8b2767483bf7,7,0.78,4,1539027752785,Politics,1.2168,0.545
rKuRRSEY8nF4HphT6,452ddd4ae6a729c74bf460d07e65c6657abb66311623d1aa24dd8b2767483bf7,8,0.44,4,1539027752785,Politics,0.6272000000000001,0.54
tiWwBuWPqH4QQBL9g,452ddd4ae6a729c74bf460d07e65c6657abb66311623d1aa24dd8b2767483bf7,9,0.26,4,1539027752786,Politics,0.13520000000000001,0.42
axH6YhntvLYCbiMbi,452ddd4ae6a729c74bf460d07e65c6657abb66311623d1aa24dd8b2767483bf7,10,0.3,4,1539027752787,Politics,0.18,0.535
xLE76ByadYMuPdFLE,452ddd4ae6a729c74bf460d07e65c6657abb66311623d1aa24dd8b2767483bf7,11,0.2,4,1539027752787,Politics,0.08000000000000002,0.465
swHu7LhsHxZ6F6YCc,452ddd4ae6a729c74bf460d07e65c6657abb66311623d1aa24dd8b2767483bf7,12,0.4,4,1539027752789,Politics,0.32000000000000006,0.425
6PW2Nre3rZC8MQaGx,452ddd4ae6a729c74bf460d07e65c6657abb66311623d1aa24dd8b2767483bf7,13,0.46,4,1539027780870,Entertainment,0.4232,0.565
tPN4iaAxcWFEmE9Gf,452ddd4ae6a729c74bf460d07e65c6657abb66311623d1aa24dd8b2767483bf7,14,0.42,4,1539027780871,Entertainment,0.6728000000000002,0.575
To4npYgMjDobPgCNq,452ddd4ae6a729c74bf460d07e65c6657abb66311623d1aa24dd8b2767483bf7,15,0.64,4,1539027780871,Entertainment,0.8192,0.44
tj7es7JvLBQT6wSFh,452ddd4ae6a729c74bf460d07e65c6657abb66311623d1aa24dd8b2767483bf7,16,0.41,4,1539027780872,Entertainment,0.6962000000000002,0.605
friGCiSTah2ywE68P,452ddd4ae6a729c74bf460d07e65c6657abb66311623d1aa24dd8b2767483bf7,17,0.6,4,1539027780872,Entertainment,0.72,0.46
hG8nZSrD2vL8EzZfj,452ddd4ae6a729c74bf460d07e65c6657abb66311623d1aa24dd8b2767483bf7,18,0.35,4,1539027780873,Entertainment,0.24499999999999997,0.605
y54CBh4oGGQSH6BKQ,269025dd68ef8af553e1f9af030dfcd8301a7cb1bf18f2ef77a14ba206a48eda,1,0.39,4,1539028356272,Sports,0.7442,0.66
bSQdCrpBtjJiHp3r2,269025dd68ef8af553e1f9af030dfcd8301a7cb1bf18f2ef77a14ba206a48eda,2,0.7,4,1539028356274,Sports,0.9799999999999999,0.58
iHaJk7ptds2H7Gm4r,269025dd68ef8af553e1f9af030dfcd8301a7cb1bf18f2ef77a14ba206a48eda,3,0.74,4,1539028356275,Sports,1.0952,0.455
6ojTbfp2gmGPWjvfJ,269025dd68ef8af553e1f9af030dfcd8301a7cb1bf18f2ef77a14ba206a48eda,4,0.42,4,1539028356277,Sports,0.6728000000000002,0.65
3N7zCCjtFfbg7JgRA,269025dd68ef8af553e1f9af030dfcd8301a7cb1bf18f2ef77a14ba206a48eda,5,0.44,4,1539028356277,Sports,0.3872,0.575
Dza32bP5fMQRX4qAq,269025dd68ef8af553e1f9af030dfcd8301a7cb1bf18f2ef77a14ba206a48eda,6,0.73,4,1539028356277,Sports,1.0657999999999999,0.54
BoidCf7Wka4xdkhiW,269025dd68ef8af553e1f9af030dfcd8301a7cb1bf18f2ef77a14ba206a48eda,7,0.91,4,1539028365477,Politics,1.6562000000000001,0.62
nKTEL96QuTdDENPiY,269025dd68ef8af553e1f9af030dfcd8301a7cb1bf18f2ef77a14ba206a48eda,8,0.92,4,1539028365478,Politics,0.012799999999999987,0.575
yewWCeQJzgF8diuyA,269025dd68ef8af553e1f9af030dfcd8301a7cb1bf18f2ef77a14ba206a48eda,9,0.35,4,1539028365479,Politics,0.24499999999999997,0.645
2atiATv4JohwAb9Rx,269025dd68ef8af553e1f9af030dfcd8301a7cb1bf18f2ef77a14ba206a48eda,10,0.09,4,1539028365480,Politics,0.0162,0.28
QaeCqx5yYfu8KdEkZ,269025dd68ef8af553e1f9af030dfcd8301a7cb1bf18f2ef77a14ba206a48eda,11,0.11,4,1539028365480,Politics,0.0242,0.45
pwdrfeyQnqQZqKgRr,269025dd68ef8af553e1f9af030dfcd8301a7cb1bf18f2ef77a14ba206a48eda,12,0.65,4,1539028365481,Politics,0.8450000000000001,0.425
FbHEQmMX6TASQRnBg,269025dd68ef8af553e1f9af030dfcd8301a7cb1bf18f2ef77a14ba206a48eda,13,1,4,1539028371363,Entertainment,2,0.515
EHsjo8Pk69iAmQQ4Q,269025dd68ef8af553e1f9af030dfcd8301a7cb1bf18f2ef77a14ba206a48eda,14,1,4,1539028371364,Entertainment,0,0.595
uR5vS3M7DLDdeTaEk,269025dd68ef8af553e1f9af030dfcd8301a7cb1bf18f2ef77a14ba206a48eda,15,0.32,4,1539028371364,Entertainment,0.2048,0.655
rLmwavukHWeWatZz2,269025dd68ef8af553e1f9af030dfcd8301a7cb1bf18f2ef77a14ba206a48eda,16,0.68,4,1539028371365,Entertainment,0.20479999999999993,0.455
W8b6x8risCwPHpwFm,269025dd68ef8af553e1f9af030dfcd8301a7cb1bf18f2ef77a14ba206a48eda,17,0.82,4,1539028371365,Entertainment,1.3447999999999998,0.5
dAxTFtjFWGCBBJEYk,269025dd68ef8af553e1f9af030dfcd8301a7cb1bf18f2ef77a14ba206a48eda,18,0.22,4,1539028371366,Entertainment,0.0968,0.5
cXfDd9joqwQKu693u,acfdb5797a5dd5c1f0f3380172c465fb575c269b9221795fa5e9feea92b5f39b,1,0.69,4,1539028761342,Sports,0.19220000000000007,0.64
TJbLh2hCoEZFpqRXy,acfdb5797a5dd5c1f0f3380172c465fb575c269b9221795fa5e9feea92b5f39b,2,0.73,4,1539028761343,Sports,1.0657999999999999,0.74
NgvGKcEnpRx5ZsyEs,acfdb5797a5dd5c1f0f3380172c465fb575c269b9221795fa5e9feea92b5f39b,3,0.06,4,1539028761344,Sports,0.0072,0.315
bfu7x96Py4ikCzDFg,acfdb5797a5dd5c1f0f3380172c465fb575c269b9221795fa5e9feea92b5f39b,4,0.36,4,1539028761344,Sports,0.8192,0.755
AMksSSc9aHtZ4qt86,acfdb5797a5dd5c1f0f3380172c465fb575c269b9221795fa5e9feea92b5f39b,5,0.64,4,1539028761344,Sports,0.8192,0.49
jm6gMz98n3jW3BZ4W,acfdb5797a5dd5c1f0f3380172c465fb575c269b9221795fa5e9feea92b5f39b,6,0.56,4,1539028761344,Sports,0.6272000000000001,0.685
GCS37hpSozwLXwJAK,acfdb5797a5dd5c1f0f3380172c465fb575c269b9221795fa5e9feea92b5f39b,7,0.1,4,1539028785317,Politics,0.020000000000000004,0.32
BTb45Ba9HxHMKjhQf,acfdb5797a5dd5c1f0f3380172c465fb575c269b9221795fa5e9feea92b5f39b,8,0.38,4,1539028785317,Politics,0.7688,0.71
mvtGw3gKjJyhFbsF9,acfdb5797a5dd5c1f0f3380172c465fb575c269b9221795fa5e9feea92b5f39b,9,0.17,4,1539028785318,Politics,0.05780000000000001,0.535
Chu39hCrGaDHvWg3r,acfdb5797a5dd5c1f0f3380172c465fb575c269b9221795fa5e9feea92b5f39b,10,0.06,4,1539028785318,Politics,0.0072,0.405
ZEHSCgXo3Je5537vw,acfdb5797a5dd5c1f0f3380172c465fb575c269b9221795fa5e9feea92b5f39b,11,0.13,4,1539028785319,Politics,0.033800000000000004,0.565
YahXZ2n6HsrnZKHKB,acfdb5797a5dd5c1f0f3380172c465fb575c269b9221795fa5e9feea92b5f39b,12,0.04,4,1539028785319,Politics,0.0032,0.36
5XKrnFmvxi3TZxtpz,acfdb5797a5dd5c1f0f3380172c465fb575c269b9221795fa5e9feea92b5f39b,13,0.78,4,1539028803764,Entertainment,1.2168,0.6
nMoA8JAhhQeFZLQok,acfdb5797a5dd5c1f0f3380172c465fb575c269b9221795fa5e9feea92b5f39b,14,0.05,4,1539028803765,Entertainment,1.805,0.265
DFg3Xnh8pDBowwMjd,acfdb5797a5dd5c1f0f3380172c465fb575c269b9221795fa5e9feea92b5f39b,15,0.14,4,1539028803766,Entertainment,0.039200000000000006,0.45
qmkfgrTeh2KbJA2Rg,acfdb5797a5dd5c1f0f3380172c465fb575c269b9221795fa5e9feea92b5f39b,16,0.4,4,1539028803766,Entertainment,0.72,0.635
ci66hQ99K7Cf5teML,acfdb5797a5dd5c1f0f3380172c465fb575c269b9221795fa5e9feea92b5f39b,17,0.67,4,1539028803766,Entertainment,0.8978000000000002,0.605
xEe2jx2CCMgPMmsFw,acfdb5797a5dd5c1f0f3380172c465fb575c269b9221795fa5e9feea92b5f39b,18,0.23,4,1539028803766,Entertainment,0.1058,0.57
Js6C8HXcFLPAkioaz,a18e0e2732dafc37cfe3d6ae1785031c5a6132144a637590c50cdb3821b3ab08,1,0.15,4,1539028915561,Sports,1.4449999999999998,0.38
R8r24yH3nYgv7TeCJ,a18e0e2732dafc37cfe3d6ae1785031c5a6132144a637590c50cdb3821b3ab08,2,0.67,4,1539028915568,Sports,0.8978000000000002,0.59
4iJLxxaLF8fDBd3Z4,a18e0e2732dafc37cfe3d6ae1785031c5a6132144a637590c50cdb3821b3ab08,3,0.08,4,1539028915574,Sports,0.0128,0.31
XnJA4vc6zHCs2ZQfW,a18e0e2732dafc37cfe3d6ae1785031c5a6132144a637590c50cdb3821b3ab08,4,0.64,4,1539028915581,Sports,0.2592,0.635
2Qg2HSjC78tmRfZ52,a18e0e2732dafc37cfe3d6ae1785031c5a6132144a637590c50cdb3821b3ab08,5,0.34,4,1539028915584,Sports,0.23120000000000004,0.67
StWuxQpHoMuGxtkpK,a18e0e2732dafc37cfe3d6ae1785031c5a6132144a637590c50cdb3821b3ab08,6,0.63,4,1539028915586,Sports,0.7938000000000001,0.57
6yfGLBJfyPtCLzsEz,a18e0e2732dafc37cfe3d6ae1785031c5a6132144a637590c50cdb3821b3ab08,7,0.92,4,1539029073344,Politics,1.6928,0.685
J4eJbMxBQrEZwQJb2,a18e0e2732dafc37cfe3d6ae1785031c5a6132144a637590c50cdb3821b3ab08,8,0.71,4,1539029073353,Politics,0.16820000000000004,0.605
gkTJ53AM42KGfDAuo,a18e0e2732dafc37cfe3d6ae1785031c5a6132144a637590c50cdb3821b3ab08,9,0.23,4,1539029073361,Politics,0.1058,0.48
2CAYD8oFcjzBwNFCB,a18e0e2732dafc37cfe3d6ae1785031c5a6132144a637590c50cdb3821b3ab08,10,0.05,4,1539029073368,Politics,0.005000000000000001,0.495
sEoWuYvPM6d9zMsdE,a18e0e2732dafc37cfe3d6ae1785031c5a6132144a637590c50cdb3821b3ab08,11,0.28,4,1539029073373,Politics,0.15680000000000002,0.545
nhhdRaD4xo32pzMkC,a18e0e2732dafc37cfe3d6ae1785031c5a6132144a637590c50cdb3821b3ab08,12,0.03,4,1539029073376,Politics,0.0018,0.35
W9CuwEZbYLgJa53LJ,a18e0e2732dafc37cfe3d6ae1785031c5a6132144a637590c50cdb3821b3ab08,13,0.55,4,1539029532825,Entertainment,0.6050000000000001,0.675
CwXKr22d7pzeYf6ph,a18e0e2732dafc37cfe3d6ae1785031c5a6132144a637590c50cdb3821b3ab08,14,0.93,4,1539029532839,Entertainment,0.009799999999999986,0.635
jvyvFeJLRDER9ishH,a18e0e2732dafc37cfe3d6ae1785031c5a6132144a637590c50cdb3821b3ab08,15,0.32,4,1539029532850,Entertainment,0.2048,0.655
bhR8mf3Gr6HvMNSbE,a18e0e2732dafc37cfe3d6ae1785031c5a6132144a637590c50cdb3821b3ab08,16,0.57,4,1539029532857,Entertainment,0.3698000000000001,0.63
n4n6dgYsJuFBbET6f,a18e0e2732dafc37cfe3d6ae1785031c5a6132144a637590c50cdb3821b3ab08,17,0.18,4,1539029532863,Entertainment,0.0648,0.42
L2MdkQmPgLXJ9pB4Y,a18e0e2732dafc37cfe3d6ae1785031c5a6132144a637590c50cdb3821b3ab08,18,0.12,4,1539029532866,Entertainment,0.0288,0.475
FLaceD8hmwAQwmiEh,868ffb91b6cf6789649f0085f95505e4598cf5d566fcbb06f9c86a32124e1f1c,1,0.25,4,1539041870537,Sports,1.125,0.5
oE4CzYX9GdgMCfFFq,868ffb91b6cf6789649f0085f95505e4598cf5d566fcbb06f9c86a32124e1f1c,2,0.75,4,1539041870538,Sports,1.125,0.69
Nek8aywiR5qeseQpx,868ffb91b6cf6789649f0085f95505e4598cf5d566fcbb06f9c86a32124e1f1c,3,0.1,4,1539041870538,Sports,0.020000000000000004,0.44
Exdf4MShgTRRAjBwG,868ffb91b6cf6789649f0085f95505e4598cf5d566fcbb06f9c86a32124e1f1c,4,0.75,4,1539041870539,Sports,0.125,0.725
Ggw2NsdaiTHDGWFQm,868ffb91b6cf6789649f0085f95505e4598cf5d566fcbb06f9c86a32124e1f1c,5,0.15,4,1539041870539,Sports,0.045,0.49
NKrjMxsn2q932cbHq,868ffb91b6cf6789649f0085f95505e4598cf5d566fcbb06f9c86a32124e1f1c,6,0.21,4,1539041870539,Sports,0.08819999999999999,0.53
EWiHj8HfvDFmRoQng,868ffb91b6cf6789649f0085f95505e4598cf5d566fcbb06f9c86a32124e1f1c,7,0.4,4,1539041917657,Politics,0.32000000000000006,0.73
pY4CNyQGjk9D4Ahra,868ffb91b6cf6789649f0085f95505e4598cf5d566fcbb06f9c86a32124e1f1c,8,0.86,4,1539041917657,Politics,0.039200000000000006,0.64
W5jGcq3528JZqEnDp,868ffb91b6cf6789649f0085f95505e4598cf5d566fcbb06f9c86a32124e1f1c,9,0.14,4,1539041917658,Politics,0.039200000000000006,0.555
7bBTGpBhoEYf4yuaA,868ffb91b6cf6789649f0085f95505e4598cf5d566fcbb06f9c86a32124e1f1c,10,0.1,4,1539041917658,Politics,0.020000000000000004,0.605
L6rkDvxk6n7pTdkfx,868ffb91b6cf6789649f0085f95505e4598cf5d566fcbb06f9c86a32124e1f1c,11,0.7,4,1539041917658,Politics,0.9799999999999999,0.54
vgQbyARagTYQTSj34,868ffb91b6cf6789649f0085f95505e4598cf5d566fcbb06f9c86a32124e1f1c,12,0.15,4,1539041917659,Politics,0.045,0.56
S5BRTgFohXQNuhP8a,868ffb91b6cf6789649f0085f95505e4598cf5d566fcbb06f9c86a32124e1f1c,13,0.25,4,1539041965215,Entertainment,0.125,0.43
aq3QsnXPsJDDoSi5G,868ffb91b6cf6789649f0085f95505e4598cf5d566fcbb06f9c86a32124e1f1c,14,0.65,4,1539041965216,Entertainment,0.24499999999999997,0.635
pkiY3DbFRN6Miz7YF,868ffb91b6cf6789649f0085f95505e4598cf5d566fcbb06f9c86a32124e1f1c,15,0.8,4,1539041965216,Entertainment,1.2800000000000002,0.645
aCEMvCjc8RYsK8BfK,868ffb91b6cf6789649f0085f95505e4598cf5d566fcbb06f9c86a32124e1f1c,16,0.08,4,1539041965217,Entertainment,1.6928,0.32
qt6TnmTyihL7AJneD,868ffb91b6cf6789649f0085f95505e4598cf5d566fcbb06f9c86a32124e1f1c,17,0.06,4,1539041965218,Entertainment,0.0072,0.33
zgiQtPdBZYZRvvA6E,868ffb91b6cf6789649f0085f95505e4598cf5d566fcbb06f9c86a32124e1f1c,18,0.07,4,1539041965218,Entertainment,0.009800000000000001,0.33
auTAYuwPeuvTmoHEM,2acfc68460d900c08595ee13807bc1d66b69bf8a5f62bbcbddf5386d80f45f88,1,0.1,4,1539045235282,Sports,1.62,0.355
dCP3GDqqtR6KSgQKz,2acfc68460d900c08595ee13807bc1d66b69bf8a5f62bbcbddf5386d80f45f88,2,0.5,4,1539045235286,Sports,0.5,0.69
KzFrNb88S2jdwKJvj,2acfc68460d900c08595ee13807bc1d66b69bf8a5f62bbcbddf5386d80f45f88,3,0.25,4,1539045235287,Sports,0.125,0.5
ztzHtpgMk5beuYQGo,2acfc68460d900c08595ee13807bc1d66b69bf8a5f62bbcbddf5386d80f45f88,4,0.9,4,1539045235287,Sports,0.01999999999999999,0.655
zEJ3GZhkq2HiNMjzE,2acfc68460d900c08595ee13807bc1d66b69bf8a5f62bbcbddf5386d80f45f88,5,0.58,4,1539045235288,Sports,0.6728,0.66
ZNqQSkAzpvBGxWMZt,2acfc68460d900c08595ee13807bc1d66b69bf8a5f62bbcbddf5386d80f45f88,6,0.36,4,1539045235289,Sports,0.2592,0.715
4a9KEcT5gEDqzBAR4,2acfc68460d900c08595ee13807bc1d66b69bf8a5f62bbcbddf5386d80f45f88,7,0.85,4,1539045252249,Politics,1.4449999999999998,0.61
8eMXdTc52TXuwAyvp,2acfc68460d900c08595ee13807bc1d66b69bf8a5f62bbcbddf5386d80f45f88,8,0.6,4,1539045252250,Politics,0.32000000000000006,0.61
Z5QiLKZmTCd7WmjPZ,2acfc68460d900c08595ee13807bc1d66b69bf8a5f62bbcbddf5386d80f45f88,9,0.39,4,1539045252251,Politics,0.3042,0.685
ihzRC2PpWWGtiZnSs,2acfc68460d900c08595ee13807bc1d66b69bf8a5f62bbcbddf5386d80f45f88,10,0.1,4,1539045252252,Politics,0.020000000000000004,0.59
RhC8WvjbRQboMKC7C,2acfc68460d900c08595ee13807bc1d66b69bf8a5f62bbcbddf5386d80f45f88,11,0.1,4,1539045252254,Politics,0.020000000000000004,0.505
BBpaR65XREjKmkiNZ,2acfc68460d900c08595ee13807bc1d66b69bf8a5f62bbcbddf5386d80f45f88,12,0.02,4,1539045252255,Politics,8e-4,0.39
Y7CLpAsXFo3Jsox76,2acfc68460d900c08595ee13807bc1d66b69bf8a5f62bbcbddf5386d80f45f88,13,0.14,4,1539045356450,Entertainment,0.039200000000000006,0.355
Q9B6EZDY46vXuWjMT,2acfc68460d900c08595ee13807bc1d66b69bf8a5f62bbcbddf5386d80f45f88,14,1,4,1539045356451,Entertainment,0,0.6
6nLCfjcdNLcvAWqNh,2acfc68460d900c08595ee13807bc1d66b69bf8a5f62bbcbddf5386d80f45f88,15,0.1,4,1539045356452,Entertainment,0.020000000000000004,0.44
pZeqR6Y7qxumoG9J2,2acfc68460d900c08595ee13807bc1d66b69bf8a5f62bbcbddf5386d80f45f88,16,0,4,1539045356453,Entertainment,2,0.275
ipRkoYbijJiteJCLJ,2acfc68460d900c08595ee13807bc1d66b69bf8a5f62bbcbddf5386d80f45f88,17,0,4,1539045356456,Entertainment,0,0.35
pwqvAYSbhYENZb96c,2acfc68460d900c08595ee13807bc1d66b69bf8a5f62bbcbddf5386d80f45f88,18,0.33,4,1539045356456,Entertainment,0.21780000000000002,0.7
BzGQiCYtJpnWwvBpZ,8a99f2e0be8dcc28cc88a81a63c8b498286539e7cbe7602d461dbaa68fe6d021,1,1,4,1539047854244,Sports,0,0.6
zoiMeASTSj5dWMvfq,8a99f2e0be8dcc28cc88a81a63c8b498286539e7cbe7602d461dbaa68fe6d021,2,1,4,1539047854248,Sports,2,0.645
jCZwKn6efvdL7cWmN,8a99f2e0be8dcc28cc88a81a63c8b498286539e7cbe7602d461dbaa68fe6d021,3,0.5,4,1539047854252,Sports,0.5,0.585
WKennMLiNY9fPLpBw,8a99f2e0be8dcc28cc88a81a63c8b498286539e7cbe7602d461dbaa68fe6d021,4,1,4,1539047854254,Sports,0,0.635
6T2R4C2ktBSbtQnS8,8a99f2e0be8dcc28cc88a81a63c8b498286539e7cbe7602d461dbaa68fe6d021,5,1,4,1539047854256,Sports,2,0.525
Xd3JgxMs3XyKzMotw,8a99f2e0be8dcc28cc88a81a63c8b498286539e7cbe7602d461dbaa68fe6d021,6,0.25,4,1539047854256,Sports,0.125,0.515
XoGXZ9PvqSPHjc9oB,8a99f2e0be8dcc28cc88a81a63c8b498286539e7cbe7602d461dbaa68fe6d021,7,0,4,1539047900066,Politics,0,0.23
b9QcA7F2cKfJ4omZf,8a99f2e0be8dcc28cc88a81a63c8b498286539e7cbe7602d461dbaa68fe6d021,8,1,4,1539047900070,Politics,0,0.64
NWHvTShAq3sTXc4Wp,8a99f2e0be8dcc28cc88a81a63c8b498286539e7cbe7602d461dbaa68fe6d021,9,0,4,1539047900072,Politics,0,0.315
nJxCcZsaAfmZeTfSg,8a99f2e0be8dcc28cc88a81a63c8b498286539e7cbe7602d461dbaa68fe6d021,10,0.61,4,1539047900072,Politics,0.7442,0.475
dJs4ZdqgXxRMJDSJa,8a99f2e0be8dcc28cc88a81a63c8b498286539e7cbe7602d461dbaa68fe6d021,11,0.2,4,1539047900074,Politics,0.08000000000000002,0.55
3tvCKHswDRryECdtu,8a99f2e0be8dcc28cc88a81a63c8b498286539e7cbe7602d461dbaa68fe6d021,12,0.26,4,1539047900076,Politics,0.13520000000000001,0.42
aififJw7ij4cR5ucY,8a99f2e0be8dcc28cc88a81a63c8b498286539e7cbe7602d461dbaa68fe6d021,13,1,4,1539047936028,Entertainment,2,0.585
BsK5WANvGXAL3uWX4,8a99f2e0be8dcc28cc88a81a63c8b498286539e7cbe7602d461dbaa68fe6d021,14,1,4,1539047936032,Entertainment,0,0.595
ZQEDac7E3Wph7uPjF,8a99f2e0be8dcc28cc88a81a63c8b498286539e7cbe7602d461dbaa68fe6d021,15,0,4,1539047936034,Entertainment,0,0.33
ucxNjfAyfyS2QLXwC,8a99f2e0be8dcc28cc88a81a63c8b498286539e7cbe7602d461dbaa68fe6d021,16,1,4,1539047936036,Entertainment,0,0.565
gE63vQPbrv5cEnEDC,8a99f2e0be8dcc28cc88a81a63c8b498286539e7cbe7602d461dbaa68fe6d021,17,1,4,1539047936038,Entertainment,2,0.51
LapEhL5AL6D3CkLAA,8a99f2e0be8dcc28cc88a81a63c8b498286539e7cbe7602d461dbaa68fe6d021,18,0,4,1539047936040,Entertainment,0,0.255
fYPK5SEk7zksPguHu,8cd0a1582e7d481af8f1b5bccd4c2b601edd0617a03a000adc57c5433cb7e6d5,1,0.5,4,1539051931271,Sports,0.5,0.655
D9Mx42ShruYzwHnfh,8cd0a1582e7d481af8f1b5bccd4c2b601edd0617a03a000adc57c5433cb7e6d5,2,0.5,4,1539051931273,Sports,0.5,0.57
L9MmAoW9MFwQWEuHE,8cd0a1582e7d481af8f1b5bccd4c2b601edd0617a03a000adc57c5433cb7e6d5,3,0.5,4,1539051931273,Sports,0.5,0.47
bFdJfHAJxWt44txcF,8cd0a1582e7d481af8f1b5bccd4c2b601edd0617a03a000adc57c5433cb7e6d5,4,0.5,4,1539051931273,Sports,0.5,0.625
HyTk7Bt2zA5gtrYbB,8cd0a1582e7d481af8f1b5bccd4c2b601edd0617a03a000adc57c5433cb7e6d5,5,0.5,4,1539051931273,Sports,0.5,0.585
FmjoNjnBED4MZibW8,8cd0a1582e7d481af8f1b5bccd4c2b601edd0617a03a000adc57c5433cb7e6d5,6,0.5,4,1539051931274,Sports,0.5,0.55
pajJCSfokoqocYk9y,8cd0a1582e7d481af8f1b5bccd4c2b601edd0617a03a000adc57c5433cb7e6d5,7,0.75,4,1539051942025,Politics,1.125,0.575
9WpdXe8MXQHbHdvj3,8cd0a1582e7d481af8f1b5bccd4c2b601edd0617a03a000adc57c5433cb7e6d5,8,0.5,4,1539051942025,Politics,0.5,0.63
F85Pgju9SQZJP2K7E,8cd0a1582e7d481af8f1b5bccd4c2b601edd0617a03a000adc57c5433cb7e6d5,9,0.75,4,1539051942025,Politics,1.125,0.47
JvSrRvwbDSLiLQMtA,8cd0a1582e7d481af8f1b5bccd4c2b601edd0617a03a000adc57c5433cb7e6d5,10,0.25,4,1539051942025,Politics,0.125,0.475
sdt2qcWSS2G5uk2SY,8cd0a1582e7d481af8f1b5bccd4c2b601edd0617a03a000adc57c5433cb7e6d5,11,0.5,4,1539051942026,Politics,0.5,0.52
5QDC7D7x82qwKw5Nu,8cd0a1582e7d481af8f1b5bccd4c2b601edd0617a03a000adc57c5433cb7e6d5,12,0.3,4,1539051942026,Politics,0.18,0.47
65pPAi3ER9WdpQAHN,8cd0a1582e7d481af8f1b5bccd4c2b601edd0617a03a000adc57c5433cb7e6d5,13,0.25,4,1539051952013,Entertainment,0.125,0.3
yWBCScdDMKGfvMubL,8cd0a1582e7d481af8f1b5bccd4c2b601edd0617a03a000adc57c5433cb7e6d5,14,0.25,4,1539051952013,Entertainment,1.125,0.295
cgpmdATbiTST6r4LS,8cd0a1582e7d481af8f1b5bccd4c2b601edd0617a03a000adc57c5433cb7e6d5,15,0.25,4,1539051952014,Entertainment,0.125,0.4
WjAHYWiS7p2T2ka7y,8cd0a1582e7d481af8f1b5bccd4c2b601edd0617a03a000adc57c5433cb7e6d5,16,0.4,4,1539051952014,Entertainment,0.72,0.575
EnMJMSQci7GYWzGJ6,8cd0a1582e7d481af8f1b5bccd4c2b601edd0617a03a000adc57c5433cb7e6d5,17,0.5,4,1539051952015,Entertainment,0.5,0.54
tsW4oqYWhra7c5iJC,8cd0a1582e7d481af8f1b5bccd4c2b601edd0617a03a000adc57c5433cb7e6d5,18,0.25,4,1539051952015,Entertainment,0.125,0.47
Dttetey4eqw5jsz4Q,8aa1df11e279e4048df968db08fdeadf0ef58005d97f2b45379c5ff4add5039a,1,0.15,4,1539051987360,Sports,1.4449999999999998,0.39
sTsmwTbPahqx2mWjW,8aa1df11e279e4048df968db08fdeadf0ef58005d97f2b45379c5ff4add5039a,2,0.65,4,1539051987370,Sports,0.8450000000000001,0.65
WE3SzsRmXkxSLMJRH,8aa1df11e279e4048df968db08fdeadf0ef58005d97f2b45379c5ff4add5039a,3,0.7,4,1539051987372,Sports,0.9799999999999999,0.575
iZwEH58TJcTqccEov,8aa1df11e279e4048df968db08fdeadf0ef58005d97f2b45379c5ff4add5039a,4,0.3,4,1539051987375,Sports,0.9799999999999999,0.735
3FwXEB29nZ6HGLtdX,8aa1df11e279e4048df968db08fdeadf0ef58005d97f2b45379c5ff4add5039a,5,0.1,4,1539051987377,Sports,0.020000000000000004,0.44
MhDkdLvDttkq4Q8q9,8aa1df11e279e4048df968db08fdeadf0ef58005d97f2b45379c5ff4add5039a,6,0.6,4,1539051987378,Sports,0.72,0.66
2gmsoREsQweTusdSc,8aa1df11e279e4048df968db08fdeadf0ef58005d97f2b45379c5ff4add5039a,7,0.8,4,1539052008700,Politics,1.2800000000000002,0.7
vhMQbjR4JxpComBuW,8aa1df11e279e4048df968db08fdeadf0ef58005d97f2b45379c5ff4add5039a,8,0.45,4,1539052008704,Politics,0.6050000000000001,0.685
graJbKHP4JmGiJcYp,8aa1df11e279e4048df968db08fdeadf0ef58005d97f2b45379c5ff4add5039a,9,0.35,4,1539052008707,Politics,0.24499999999999997,0.725
4aHHBmhPMR3wParYu,8aa1df11e279e4048df968db08fdeadf0ef58005d97f2b45379c5ff4add5039a,10,0.05,4,1539052008709,Politics,0.005000000000000001,0.43
KvujrnkXE4qi6FHSQ,8aa1df11e279e4048df968db08fdeadf0ef58005d97f2b45379c5ff4add5039a,11,0.05,4,1539052008711,Politics,0.005000000000000001,0.37
bxBjRwB7LGFwCQA7o,8aa1df11e279e4048df968db08fdeadf0ef58005d97f2b45379c5ff4add5039a,12,0.02,4,1539052008712,Politics,8e-4,0.465
m28nT7vZYhrbQ2xHC,8aa1df11e279e4048df968db08fdeadf0ef58005d97f2b45379c5ff4add5039a,13,0,4,1539052060047,Entertainment,0,0.33
H3ec2qidTq3FdWEtb,8aa1df11e279e4048df968db08fdeadf0ef58005d97f2b45379c5ff4add5039a,14,0.86,4,1539052060048,Entertainment,0.039200000000000006,0.7
svRfowMiojsqKbQt8,8aa1df11e279e4048df968db08fdeadf0ef58005d97f2b45379c5ff4add5039a,15,0.05,4,1539052060049,Entertainment,0.005000000000000001,0.325
9w34GRsai34fzwQPk,8aa1df11e279e4048df968db08fdeadf0ef58005d97f2b45379c5ff4add5039a,16,0.35,4,1539052060050,Entertainment,0.8450000000000001,0.715
WMvRjhyxT5Zb3JPvg,8aa1df11e279e4048df968db08fdeadf0ef58005d97f2b45379c5ff4add5039a,17,0,4,1539052060051,Entertainment,0,0.315
nwaGotjRa3FZcRxoH,8aa1df11e279e4048df968db08fdeadf0ef58005d97f2b45379c5ff4add5039a,18,0.2,4,1539052060054,Entertainment,0.08000000000000002,0.58
EYuxKBM4P8D5q6ZGK,a66a322e336c5ea9ecf075ed5dcca3cb2f3b463546cb303d2dd713f7ed615d53,1,0.28,4,1539052279413,Sports,1.0368,0.42
sXEANR5Lkc7RvTnn9,a66a322e336c5ea9ecf075ed5dcca3cb2f3b463546cb303d2dd713f7ed615d53,2,0.93,4,1539052279418,Sports,1.7298000000000002,0.6
W8k6Pkc9D3qdbdBdN,a66a322e336c5ea9ecf075ed5dcca3cb2f3b463546cb303d2dd713f7ed615d53,3,0.11,4,1539052279422,Sports,0.0242,0.425
DEwu9QbyTEH8zdiYX,a66a322e336c5ea9ecf075ed5dcca3cb2f3b463546cb303d2dd713f7ed615d53,4,0.84,4,1539052279426,Sports,0.05120000000000002,0.62
ENB2AfNFmAJRkwaEJ,a66a322e336c5ea9ecf075ed5dcca3cb2f3b463546cb303d2dd713f7ed615d53,5,0.66,4,1539052279428,Sports,0.8712000000000001,0.52
CP6azAZgdg7c4sKz2,a66a322e336c5ea9ecf075ed5dcca3cb2f3b463546cb303d2dd713f7ed615d53,6,0.77,4,1539052279431,Sports,1.1858,0.59
dQxKzg4MDuWBoL4NG,a66a322e336c5ea9ecf075ed5dcca3cb2f3b463546cb303d2dd713f7ed615d53,7,0.92,4,1539052343608,Politics,1.6928,0.56
x58saWj438gci9ww8,a66a322e336c5ea9ecf075ed5dcca3cb2f3b463546cb303d2dd713f7ed615d53,8,0.71,4,1539052343610,Politics,0.16820000000000004,0.58
ra9fA65dwbeTdBcDL,a66a322e336c5ea9ecf075ed5dcca3cb2f3b463546cb303d2dd713f7ed615d53,9,0.81,4,1539052343613,Politics,1.3122000000000003,0.515
Hnyj3LNbcqJL3TGQm,a66a322e336c5ea9ecf075ed5dcca3cb2f3b463546cb303d2dd713f7ed615d53,10,0.26,4,1539052343615,Politics,0.13520000000000001,0.485
tF6D7YtQBt27ayoso,a66a322e336c5ea9ecf075ed5dcca3cb2f3b463546cb303d2dd713f7ed615d53,11,0.79,4,1539052343617,Politics,1.2482000000000002,0.46
7vsNCgF988QLchCJh,a66a322e336c5ea9ecf075ed5dcca3cb2f3b463546cb303d2dd713f7ed615d53,12,0.76,4,1539052343620,Politics,1.1552,0.38
yKELSk5jxxbLzMJYM,a66a322e336c5ea9ecf075ed5dcca3cb2f3b463546cb303d2dd713f7ed615d53,13,0.97,4,1539052388408,Entertainment,1.8818,0.55
9ryj4N7zj3uqLQrFN,a66a322e336c5ea9ecf075ed5dcca3cb2f3b463546cb303d2dd713f7ed615d53,14,0.96,4,1539052388410,Entertainment,0.003200000000000006,0.625
yJooSGahdrvdWfNaM,a66a322e336c5ea9ecf075ed5dcca3cb2f3b463546cb303d2dd713f7ed615d53,15,0.91,4,1539052388415,Entertainment,1.6562000000000001,0.495
EsdsE7Fv7cYwz73KM,a66a322e336c5ea9ecf075ed5dcca3cb2f3b463546cb303d2dd713f7ed615d53,16,0.66,4,1539052388418,Entertainment,0.23119999999999996,0.515
m5itzobTHy4jHBcS7,a66a322e336c5ea9ecf075ed5dcca3cb2f3b463546cb303d2dd713f7ed615d53,17,0.15,4,1539052388421,Entertainment,0.045,0.385
bwyjC72JrECYrT9pe,a66a322e336c5ea9ecf075ed5dcca3cb2f3b463546cb303d2dd713f7ed615d53,18,0.75,4,1539052388425,Entertainment,1.125,0.53
8h7tmiDAHPLWcpLoA,5df1acc3f9124a992699abd4613ebf8529c71166dadc5866c18d764ab37040bd,1,0.19,4,1539052498138,Sports,1.3122000000000003,0.37
iuGHgiA8LRd2eRkDd,5df1acc3f9124a992699abd4613ebf8529c71166dadc5866c18d764ab37040bd,2,0.67,4,1539052498142,Sports,0.8978000000000002,0.56
upkKDF483GfodMFGY,5df1acc3f9124a992699abd4613ebf8529c71166dadc5866c18d764ab37040bd,3,0.15,4,1539052498145,Sports,0.045,0.395
4FD23GYsZPWLee8QZ,5df1acc3f9124a992699abd4613ebf8529c71166dadc5866c18d764ab37040bd,4,0.59,4,1539052498147,Sports,0.33620000000000005,0.66
ppTahQuuYDBJfDBfq,5df1acc3f9124a992699abd4613ebf8529c71166dadc5866c18d764ab37040bd,5,0.19,4,1539052498150,Sports,0.0722,0.365
aZtnTrfjpe5egox5R,5df1acc3f9124a992699abd4613ebf8529c71166dadc5866c18d764ab37040bd,6,0.72,4,1539052498152,Sports,1.0368,0.56
HN2HhX2kzHkyjSeN3,5df1acc3f9124a992699abd4613ebf8529c71166dadc5866c18d764ab37040bd,7,0.38,4,1539052510621,Politics,0.2888,0.675
zRWzTduMSbLN88Ddi,5df1acc3f9124a992699abd4613ebf8529c71166dadc5866c18d764ab37040bd,8,0.69,4,1539052510624,Politics,0.19220000000000007,0.53
jcioQZPesyT9z3fGX,5df1acc3f9124a992699abd4613ebf8529c71166dadc5866c18d764ab37040bd,9,0.34,4,1539052510627,Politics,0.23120000000000004,0.635
8H4sdNv7cpYcbMWMR,5df1acc3f9124a992699abd4613ebf8529c71166dadc5866c18d764ab37040bd,10,0.12,4,1539052510630,Politics,0.0288,0.495
g4MnHdLasR7GnYHHT,5df1acc3f9124a992699abd4613ebf8529c71166dadc5866c18d764ab37040bd,11,0.47,4,1539052510632,Politics,0.44179999999999997,0.53
94ePn9hwukfsqSRZH,5df1acc3f9124a992699abd4613ebf8529c71166dadc5866c18d764ab37040bd,12,0.46,4,1539052510635,Politics,0.4232,0.415
ES2fRSkcqKHK5Dk4D,5df1acc3f9124a992699abd4613ebf8529c71166dadc5866c18d764ab37040bd,13,0.15,4,1539052524845,Entertainment,0.045,0.32
5NEASnaPuQTqZQ4RP,5df1acc3f9124a992699abd4613ebf8529c71166dadc5866c18d764ab37040bd,14,0.64,4,1539052524847,Entertainment,0.2592,0.57
NdvZumuLFBdaxsQha,5df1acc3f9124a992699abd4613ebf8529c71166dadc5866c18d764ab37040bd,15,0.21,4,1539052524848,Entertainment,0.08819999999999999,0.37
b3erqoGqC2qgKcQx8,5df1acc3f9124a992699abd4613ebf8529c71166dadc5866c18d764ab37040bd,16,0.57,4,1539052524852,Entertainment,0.3698000000000001,0.55
epXssQuf8LxCJfZ4W,5df1acc3f9124a992699abd4613ebf8529c71166dadc5866c18d764ab37040bd,17,0.44,4,1539052524852,Entertainment,0.3872,0.585
Fkzi4Pai2fh75qQwh,5df1acc3f9124a992699abd4613ebf8529c71166dadc5866c18d764ab37040bd,18,0.6,4,1539052524854,Entertainment,0.72,0.45
C3ywgyMBY4j9EQbnb,b40c46ceb9e731ea4d3937a6e769e634785e46598285629c3f98e359f3ed4eb7,1,0.61,4,1539053316587,Sports,0.3042,0.62
xKJ2LNZrwvQJZgPmb,b40c46ceb9e731ea4d3937a6e769e634785e46598285629c3f98e359f3ed4eb7,2,0.48,4,1539053316588,Sports,0.4608,0.69
rapzkd5JF7Xo2NMZ8,b40c46ceb9e731ea4d3937a6e769e634785e46598285629c3f98e359f3ed4eb7,3,1,4,1539053316589,Sports,2,0.525
X7ZYcdZBfEpTRHCA2,b40c46ceb9e731ea4d3937a6e769e634785e46598285629c3f98e359f3ed4eb7,4,0.61,4,1539053316589,Sports,0.3042,0.65
XhEQHRHsCLSZY4ttn,b40c46ceb9e731ea4d3937a6e769e634785e46598285629c3f98e359f3ed4eb7,5,0.29,4,1539053316589,Sports,0.1682,0.47
x7adhmkmEqWY96DW6,b40c46ceb9e731ea4d3937a6e769e634785e46598285629c3f98e359f3ed4eb7,6,0.76,4,1539053316590,Sports,1.1552,0.62
r2XNHDzWxMzXBXErA,b40c46ceb9e731ea4d3937a6e769e634785e46598285629c3f98e359f3ed4eb7,7,0.66,4,1539053340762,Politics,0.8712000000000001,0.62
dkoDRaYJjQhSw8QkL,b40c46ceb9e731ea4d3937a6e769e634785e46598285629c3f98e359f3ed4eb7,8,0.2,4,1539053340763,Politics,1.2800000000000002,0.49
zrBDf9jAyw4Lvccuh,b40c46ceb9e731ea4d3937a6e769e634785e46598285629c3f98e359f3ed4eb7,9,0.91,4,1539053340763,Politics,1.6562000000000001,0.595
wme5hpeGnZhJ8KscA,b40c46ceb9e731ea4d3937a6e769e634785e46598285629c3f98e359f3ed4eb7,10,0,4,1539053340764,Politics,0,0.4
scCNxrZJYec6kBbFE,b40c46ceb9e731ea4d3937a6e769e634785e46598285629c3f98e359f3ed4eb7,11,0.01,4,1539053340764,Politics,2e-4,0.37
W6LbmjcDKQ8CLTQqE,b40c46ceb9e731ea4d3937a6e769e634785e46598285629c3f98e359f3ed4eb7,12,0,4,1539053340764,Politics,0,0.395
mHeJFAbkCs7jg4ich,b40c46ceb9e731ea4d3937a6e769e634785e46598285629c3f98e359f3ed4eb7,13,1,4,1539053366187,Entertainment,2,0.575
4DRKLMNB59t7mzGK9,b40c46ceb9e731ea4d3937a6e769e634785e46598285629c3f98e359f3ed4eb7,14,1,4,1539053366187,Entertainment,0,0.655
ChFrJd45pxTGSLKTh,b40c46ceb9e731ea4d3937a6e769e634785e46598285629c3f98e359f3ed4eb7,15,0.94,4,1539053366187,Entertainment,1.7671999999999999,0.52
8YBvL5R7shvE6DHDy,b40c46ceb9e731ea4d3937a6e769e634785e46598285629c3f98e359f3ed4eb7,16,1,4,1539053366187,Entertainment,0,0.54
9aBBAHRuBvkpbk7B7,b40c46ceb9e731ea4d3937a6e769e634785e46598285629c3f98e359f3ed4eb7,17,1,4,1539053366188,Entertainment,2,0.58
fh2Jg8cEecmmEmd2n,b40c46ceb9e731ea4d3937a6e769e634785e46598285629c3f98e359f3ed4eb7,18,0,4,1539053366189,Entertainment,0,0.275
RcxP4WhmxjHRHbfFy,76bd2af0da0d6e8692a26b66b2cdc0fe17cade95affdee598cacfe8fe13fa20e,1,0.5,4,1539053496900,Sports,0.5,0.525
f98xMBSKZFjkR4DYt,76bd2af0da0d6e8692a26b66b2cdc0fe17cade95affdee598cacfe8fe13fa20e,2,0.5,4,1539053496900,Sports,0.5,0.55
ZkiknghHC78hprWck,76bd2af0da0d6e8692a26b66b2cdc0fe17cade95affdee598cacfe8fe13fa20e,3,0.5,4,1539053496900,Sports,0.5,0.465
3X8rFMjZxCDeHq3Pu,76bd2af0da0d6e8692a26b66b2cdc0fe17cade95affdee598cacfe8fe13fa20e,4,0.5,4,1539053496900,Sports,0.5,0.55
gMMFm7q32gDdYhhvG,76bd2af0da0d6e8692a26b66b2cdc0fe17cade95affdee598cacfe8fe13fa20e,5,0.5,4,1539053496900,Sports,0.5,0.525
S9Dyd2EC3uKdXhi8N,76bd2af0da0d6e8692a26b66b2cdc0fe17cade95affdee598cacfe8fe13fa20e,6,0.5,4,1539053496900,Sports,0.5,0.525
EH2K28sDZ8DRqgNs5,76bd2af0da0d6e8692a26b66b2cdc0fe17cade95affdee598cacfe8fe13fa20e,7,0.5,4,1539053525400,Politics,0.5,0.535
WaXkaKLTjetC8pNm9,76bd2af0da0d6e8692a26b66b2cdc0fe17cade95affdee598cacfe8fe13fa20e,8,0.5,4,1539053525400,Politics,0.5,0.54
pEs35ck6gxHduWiwg,76bd2af0da0d6e8692a26b66b2cdc0fe17cade95affdee598cacfe8fe13fa20e,9,0.5,4,1539053525400,Politics,0.5,0.545
sMLbtuX4NKrzSBGg2,76bd2af0da0d6e8692a26b66b2cdc0fe17cade95affdee598cacfe8fe13fa20e,10,0.5,4,1539053525400,Politics,0.5,0.36
soujthTJzEQquaBBc,76bd2af0da0d6e8692a26b66b2cdc0fe17cade95affdee598cacfe8fe13fa20e,11,0.5,4,1539053525400,Politics,0.5,0.425
2vQhexBjwkR86Ry93,76bd2af0da0d6e8692a26b66b2cdc0fe17cade95affdee598cacfe8fe13fa20e,12,0.5,4,1539053525400,Politics,0.5,0.36
m3prwN9YdxMwhXtcj,9746c45a2865e35c2f42085ca554e7b0c98f13de969b024487c3361150a87ab3,1,0.3,4,1539053728391,Sports,0.9799999999999999,0.68
EBGBpgZNEWsZWyyJ6,9746c45a2865e35c2f42085ca554e7b0c98f13de969b024487c3361150a87ab3,2,0.93,4,1539053728391,Sports,1.7298000000000002,0.58
jsTv35yq9hx6BJ7FN,9746c45a2865e35c2f42085ca554e7b0c98f13de969b024487c3361150a87ab3,3,0.09,4,1539053728391,Sports,0.0162,0.265
YepTGAyCLtTk8duSS,9746c45a2865e35c2f42085ca554e7b0c98f13de969b024487c3361150a87ab3,4,0.57,4,1539053728392,Sports,0.3698000000000001,0.64
TW9zuTt27GreFLwTq,9746c45a2865e35c2f42085ca554e7b0c98f13de969b024487c3361150a87ab3,5,0.88,4,1539053728392,Sports,1.5488,0.425
QaRoLdoiZMHWfWXZv,9746c45a2865e35c2f42085ca554e7b0c98f13de969b024487c3361150a87ab3,6,0.51,4,1539053728393,Sports,0.5202,0.605
Z7xXTQDBLq7JBjkzo,9746c45a2865e35c2f42085ca554e7b0c98f13de969b024487c3361150a87ab3,7,0.71,4,1539053731180,Politics,1.0082,0.59
TdbhyJ8DF59y4anes,9746c45a2865e35c2f42085ca554e7b0c98f13de969b024487c3361150a87ab3,8,0.49,4,1539053731181,Politics,0.5202,0.58
dpX5yoExGbBgYDsYz,9746c45a2865e35c2f42085ca554e7b0c98f13de969b024487c3361150a87ab3,9,0.59,4,1539053731181,Politics,0.6961999999999999,0.585
fTSBzw7iGcoWQ6gHH,9746c45a2865e35c2f42085ca554e7b0c98f13de969b024487c3361150a87ab3,10,0.41,4,1539053731182,Politics,0.33619999999999994,0.425
eoEZ2csCTm9feMjSP,9746c45a2865e35c2f42085ca554e7b0c98f13de969b024487c3361150a87ab3,11,0.57,4,1539053731182,Politics,0.6497999999999999,0.51
ivqwy5JaGDeR2suJu,9746c45a2865e35c2f42085ca554e7b0c98f13de969b024487c3361150a87ab3,12,0.62,4,1539053731182,Politics,0.7688,0.38
3f8nfGtfYPWBR9WQn,9746c45a2865e35c2f42085ca554e7b0c98f13de969b024487c3361150a87ab3,13,0.01,4,1539053734741,Entertainment,2e-4,0.195
rWQv73zrHwNDzefQT,9746c45a2865e35c2f42085ca554e7b0c98f13de969b024487c3361150a87ab3,14,0.56,4,1539053734742,Entertainment,0.38719999999999993,0.58
TQw2HctHjxTAk6RW6,9746c45a2865e35c2f42085ca554e7b0c98f13de969b024487c3361150a87ab3,15,0.32,4,1539053734744,Entertainment,0.2048,0.615
4G2bQXg34xvecXTBk,9746c45a2865e35c2f42085ca554e7b0c98f13de969b024487c3361150a87ab3,16,0.21,4,1539053734744,Entertainment,1.2482000000000002,0.405
ZjcC448P5m52uCgfw,9746c45a2865e35c2f42085ca554e7b0c98f13de969b024487c3361150a87ab3,17,0.25,4,1539053734744,Entertainment,0.125,0.37
q9xz6hniW2tcdXzRP,9746c45a2865e35c2f42085ca554e7b0c98f13de969b024487c3361150a87ab3,18,0.51,4,1539053734744,Entertainment,0.5202,0.555
XdTKqX6LTekQaw9jT,76bd2af0da0d6e8692a26b66b2cdc0fe17cade95affdee598cacfe8fe13fa20e,13,0.5,4,1539053756600,Entertainment,0.5,0.505
i6WvwnBiQnpaRzbun,76bd2af0da0d6e8692a26b66b2cdc0fe17cade95affdee598cacfe8fe13fa20e,14,0.5,4,1539053756600,Entertainment,0.5,0.52
NWp4eBduhrLYMsfHX,76bd2af0da0d6e8692a26b66b2cdc0fe17cade95affdee598cacfe8fe13fa20e,15,0.5,4,1539053756700,Entertainment,0.5,0.525
KRPb25kdu6mJnwoQ2,76bd2af0da0d6e8692a26b66b2cdc0fe17cade95affdee598cacfe8fe13fa20e,16,0.5,4,1539053756700,Entertainment,0.5,0.54
EfRwZmq9rHm6L9drp,76bd2af0da0d6e8692a26b66b2cdc0fe17cade95affdee598cacfe8fe13fa20e,17,0.5,4,1539053756700,Entertainment,0.5,0.485
wLD9KB3WjbeX4WRcS,76bd2af0da0d6e8692a26b66b2cdc0fe17cade95affdee598cacfe8fe13fa20e,18,0.5,4,1539053756700,Entertainment,0.5,0.49
LrJfbENnSfH9wvDBe,ed8fc3ed7a3924696c31e94468f84cfd7c6940d529c7a5f574da0404f2a51af6,1,0.72,4,1539053999961,Sports,0.15680000000000002,0.5
LnkCFBA4e8Joja972,ed8fc3ed7a3924696c31e94468f84cfd7c6940d529c7a5f574da0404f2a51af6,2,0.86,4,1539053999961,Sports,1.4791999999999998,0.575
5CnmJcgYsfcad2K3W,ed8fc3ed7a3924696c31e94468f84cfd7c6940d529c7a5f574da0404f2a51af6,3,0.84,4,1539053999961,Sports,1.4111999999999998,0.465
j7944fNtLZrcBdNhK,ed8fc3ed7a3924696c31e94468f84cfd7c6940d529c7a5f574da0404f2a51af6,4,0.59,4,1539053999977,Sports,0.33620000000000005,0.625
FPTX6TnNJwoyoasgs,ed8fc3ed7a3924696c31e94468f84cfd7c6940d529c7a5f574da0404f2a51af6,5,0.79,4,1539053999977,Sports,1.2482000000000002,0.435
owhJyNKucGdPTQ7iL,ed8fc3ed7a3924696c31e94468f84cfd7c6940d529c7a5f574da0404f2a51af6,6,0.44,4,1539053999977,Sports,0.3872,0.585
HzaPeabiZGvbi8J5c,10e464665d05b5a3d7943a27c5c808e08a7f766ae019a47af16710e56c26c455,1,0.73,4,1539054002026,Sports,0.1458,0.555
f7yrFkmuSrtLnDpTp,10e464665d05b5a3d7943a27c5c808e08a7f766ae019a47af16710e56c26c455,2,0.25,4,1539054002028,Sports,0.125,0.43
PZ3dLH2FNTWhtQvT9,10e464665d05b5a3d7943a27c5c808e08a7f766ae019a47af16710e56c26c455,3,0.34,4,1539054002032,Sports,0.23120000000000004,0.585
wWjZ2wW2Qud7HANBb,10e464665d05b5a3d7943a27c5c808e08a7f766ae019a47af16710e56c26c455,4,0.8,4,1539054002033,Sports,0.07999999999999996,0.605
eaersAfysmk47Roog,10e464665d05b5a3d7943a27c5c808e08a7f766ae019a47af16710e56c26c455,5,0.91,4,1539054002033,Sports,1.6562000000000001,0.485
egHczFgZTLEkBppf2,10e464665d05b5a3d7943a27c5c808e08a7f766ae019a47af16710e56c26c455,6,0.21,4,1539054002034,Sports,0.08819999999999999,0.46
MkS7N9mK46XkYKCdb,ed8fc3ed7a3924696c31e94468f84cfd7c6940d529c7a5f574da0404f2a51af6,7,0.61,4,1539054021629,Politics,0.7442,0.565
PLbBxqF6wapqPsiy5,ed8fc3ed7a3924696c31e94468f84cfd7c6940d529c7a5f574da0404f2a51af6,8,0.61,4,1539054021629,Politics,0.3042,0.53
6uXFmRCHvCQiPiCwL,ed8fc3ed7a3924696c31e94468f84cfd7c6940d529c7a5f574da0404f2a51af6,9,0.59,4,1539054021629,Politics,0.6961999999999999,0.585
j9eMZSkMPA7MLbjwa,ed8fc3ed7a3924696c31e94468f84cfd7c6940d529c7a5f574da0404f2a51af6,10,0.5,4,1539054021629,Politics,0.5,0.4
Xk9T77m5XYcwHQ6Ay,ed8fc3ed7a3924696c31e94468f84cfd7c6940d529c7a5f574da0404f2a51af6,11,0.52,4,1539054021629,Politics,0.5408000000000001,0.505
gjuHC6ErqytTxJxuY,ed8fc3ed7a3924696c31e94468f84cfd7c6940d529c7a5f574da0404f2a51af6,12,0.25,4,1539054021645,Politics,0.125,0.41
9PKqxZmRF99hyjZKx,10e464665d05b5a3d7943a27c5c808e08a7f766ae019a47af16710e56c26c455,7,0.84,4,1539054029334,Politics,1.4111999999999998,0.57
QpuaqZ4AC9aeJ5jgJ,10e464665d05b5a3d7943a27c5c808e08a7f766ae019a47af16710e56c26c455,8,0.27,4,1539054029336,Politics,1.0657999999999999,0.4
tKiYo7ti4za7FnWRs,10e464665d05b5a3d7943a27c5c808e08a7f766ae019a47af16710e56c26c455,9,0.2,4,1539054029337,Politics,0.08000000000000002,0.44
kGxYeaWWMAYWodgke,10e464665d05b5a3d7943a27c5c808e08a7f766ae019a47af16710e56c26c455,10,0.81,4,1539054029339,Politics,1.3122000000000003,0.345
tbhPbCcjzBjrTontq,10e464665d05b5a3d7943a27c5c808e08a7f766ae019a47af16710e56c26c455,11,0.83,4,1539054029340,Politics,1.3778,0.395
pb5B2pZmF2npQ3538,10e464665d05b5a3d7943a27c5c808e08a7f766ae019a47af16710e56c26c455,12,0.31,4,1539054029340,Politics,0.1922,0.54
uzwh9pM5fkPeJhFxW,ed8fc3ed7a3924696c31e94468f84cfd7c6940d529c7a5f574da0404f2a51af6,13,0.61,4,1539054039382,Entertainment,0.7442,0.46
Smd5jGKCkmTdjTZRf,ed8fc3ed7a3924696c31e94468f84cfd7c6940d529c7a5f574da0404f2a51af6,14,0.94,4,1539054039382,Entertainment,0.007200000000000013,0.505
SzkYa52DYR6bYPaJx,ed8fc3ed7a3924696c31e94468f84cfd7c6940d529c7a5f574da0404f2a51af6,15,0.81,4,1539054039382,Entertainment,1.3122000000000003,0.525
SLxXeRdRX66ponzea,ed8fc3ed7a3924696c31e94468f84cfd7c6940d529c7a5f574da0404f2a51af6,16,0.82,4,1539054039382,Entertainment,0.06480000000000004,0.55
exPRtEcw7kyS4PZBM,ed8fc3ed7a3924696c31e94468f84cfd7c6940d529c7a5f574da0404f2a51af6,17,0.64,4,1539054039382,Entertainment,0.8192,0.495
n8GBDkDq2JZw3F9P8,ed8fc3ed7a3924696c31e94468f84cfd7c6940d529c7a5f574da0404f2a51af6,18,0.66,4,1539054039382,Entertainment,0.8712000000000001,0.515
Apzr4xy4CWjHere4X,10e464665d05b5a3d7943a27c5c808e08a7f766ae019a47af16710e56c26c455,13,0.67,4,1539054053110,Entertainment,0.8978000000000002,0.535
KCr2ZpLzcmQeDiFPk,10e464665d05b5a3d7943a27c5c808e08a7f766ae019a47af16710e56c26c455,14,0.76,4,1539054053111,Entertainment,0.1152,0.56
Y4nspiWYLT6Q2yJme,10e464665d05b5a3d7943a27c5c808e08a7f766ae019a47af16710e56c26c455,15,0.88,4,1539054053112,Entertainment,1.5488,0.505
SwjXfjWnfLYX2EgsT,10e464665d05b5a3d7943a27c5c808e08a7f766ae019a47af16710e56c26c455,16,0.83,4,1539054053113,Entertainment,0.057800000000000025,0.5
cWNFETSzn63mmmhpi,10e464665d05b5a3d7943a27c5c808e08a7f766ae019a47af16710e56c26c455,17,0.77,4,1539054053113,Entertainment,1.1858,0.47
AQX6Gazq78nXnMP3o,10e464665d05b5a3d7943a27c5c808e08a7f766ae019a47af16710e56c26c455,18,0.31,4,1539054053114,Entertainment,0.1922,0.68
gw2bggLXaE9EjzfQT,495e6e83a423ca095593a364f6e9a56e5c9aa81b0b6db548679360df3e207556,1,0.63,4,1539054387574,Sports,0.2738,0.6
oJ6DZqzBCjwnXf8xc,495e6e83a423ca095593a364f6e9a56e5c9aa81b0b6db548679360df3e207556,2,0.14,4,1539054387576,Sports,0.039200000000000006,0.36
ub2oLrvhvoGoHrnnb,495e6e83a423ca095593a364f6e9a56e5c9aa81b0b6db548679360df3e207556,3,0.84,4,1539054387578,Sports,1.4111999999999998,0.515
6ZgXn6rR4xxxGHBb4,495e6e83a423ca095593a364f6e9a56e5c9aa81b0b6db548679360df3e207556,4,0.15,4,1539054387580,Sports,1.4449999999999998,0.28
FSfsWxFDuPB8XWmSK,495e6e83a423ca095593a364f6e9a56e5c9aa81b0b6db548679360df3e207556,5,0.07,4,1539054387582,Sports,0.009800000000000001,0.235
KQBw8ZZjSMj96mTji,495e6e83a423ca095593a364f6e9a56e5c9aa81b0b6db548679360df3e207556,6,0.8,4,1539054387582,Sports,1.2800000000000002,0.565
EX9tesTQ8a7ADCmbL,495e6e83a423ca095593a364f6e9a56e5c9aa81b0b6db548679360df3e207556,7,0.94,4,1539054524607,Politics,1.7671999999999999,0.645
df7kwCkJZD7QHKfBR,495e6e83a423ca095593a364f6e9a56e5c9aa81b0b6db548679360df3e207556,8,0.9,4,1539054524609,Politics,0.01999999999999999,0.595
nBHNJEYteHdt7Ep6z,495e6e83a423ca095593a364f6e9a56e5c9aa81b0b6db548679360df3e207556,9,1,4,1539054524611,Politics,2,0.51
WgeF5hmPzLfPpAH8c,495e6e83a423ca095593a364f6e9a56e5c9aa81b0b6db548679360df3e207556,10,0.08,4,1539054524613,Politics,0.0128,0.42
wj5NtNkZgvnJy3992,495e6e83a423ca095593a364f6e9a56e5c9aa81b0b6db548679360df3e207556,11,0.07,4,1539054524615,Politics,0.009800000000000001,0.37
QP8X5qvbWK8XofCZW,495e6e83a423ca095593a364f6e9a56e5c9aa81b0b6db548679360df3e207556,12,0.35,4,1539054524617,Politics,0.24499999999999997,0.585
K7WpfRDHtkvsAW732,495e6e83a423ca095593a364f6e9a56e5c9aa81b0b6db548679360df3e207556,13,0.94,4,1539054547719,Entertainment,1.7671999999999999,0.59
Nbf3SyAerq66bwtk5,495e6e83a423ca095593a364f6e9a56e5c9aa81b0b6db548679360df3e207556,14,0.86,4,1539054547721,Entertainment,0.039200000000000006,0.625
mCDqtPwaxsiAro3vW,495e6e83a423ca095593a364f6e9a56e5c9aa81b0b6db548679360df3e207556,15,0.17,4,1539054547723,Entertainment,0.05780000000000001,0.41
PDBMPtxDWup6mEmit,495e6e83a423ca095593a364f6e9a56e5c9aa81b0b6db548679360df3e207556,16,1,4,1539054547724,Entertainment,0,0.56
jrQsdhDrPyG3rwTez,495e6e83a423ca095593a364f6e9a56e5c9aa81b0b6db548679360df3e207556,17,0.89,4,1539054547725,Entertainment,1.5842,0.595
GhPuJuf6ZXQo72wp8,495e6e83a423ca095593a364f6e9a56e5c9aa81b0b6db548679360df3e207556,18,0.71,4,1539054547727,Entertainment,1.0082,0.555
EdRwNJEC7xYwnK5Ec,45177c5c8fea01ea349b80f35fa108d54583350fc38e9a43a617cbc215ee1509,1,0.48,4,1539055509377,Sports,0.5408000000000001,0.535
a8nFWT6sgjgzpx7Cz,45177c5c8fea01ea349b80f35fa108d54583350fc38e9a43a617cbc215ee1509,2,0.46,4,1539055509386,Sports,0.4232,0.6
jKHPmgLPgnt9wnZTz,45177c5c8fea01ea349b80f35fa108d54583350fc38e9a43a617cbc215ee1509,3,0.39,4,1539055509392,Sports,0.3042,0.59
hgbCKxmw3i68EzJkm,45177c5c8fea01ea349b80f35fa108d54583350fc38e9a43a617cbc215ee1509,4,0.51,4,1539055509396,Sports,0.48019999999999996,0.575
c6cQKbtuEa9ePfDbc,45177c5c8fea01ea349b80f35fa108d54583350fc38e9a43a617cbc215ee1509,5,0.64,4,1539055509399,Sports,0.8192,0.405
26HzDSQPtSpFTrbyN,45177c5c8fea01ea349b80f35fa108d54583350fc38e9a43a617cbc215ee1509,6,0.59,4,1539055509403,Sports,0.6961999999999999,0.57
XTm525BASz62s5jyT,45177c5c8fea01ea349b80f35fa108d54583350fc38e9a43a617cbc215ee1509,7,0.34,4,1539055557899,Politics,0.23120000000000004,0.63
LAcfCprdnWXYLXrHb,45177c5c8fea01ea349b80f35fa108d54583350fc38e9a43a617cbc215ee1509,8,0.51,4,1539055557903,Politics,0.48019999999999996,0.56
zpyvtGaKM9aztaJk9,45177c5c8fea01ea349b80f35fa108d54583350fc38e9a43a617cbc215ee1509,9,0.27,4,1539055557908,Politics,0.1458,0.4
G3TcRHNAYvW45RTNC,45177c5c8fea01ea349b80f35fa108d54583350fc38e9a43a617cbc215ee1509,10,0.3,4,1539055557911,Politics,0.18,0.46
5anhPw4JMKzwyMfWD,45177c5c8fea01ea349b80f35fa108d54583350fc38e9a43a617cbc215ee1509,11,0.32,4,1539055557913,Politics,0.2048,0.565
eWfJRBR8f6xqaWtRN,45177c5c8fea01ea349b80f35fa108d54583350fc38e9a43a617cbc215ee1509,12,0.39,4,1539055557918,Politics,0.3042,0.495
u7wSzLrq4N3bNR7on,45177c5c8fea01ea349b80f35fa108d54583350fc38e9a43a617cbc215ee1509,13,0.53,4,1539055603194,Entertainment,0.5618000000000001,0.56
yWbfi8PgiBz7nHCw7,45177c5c8fea01ea349b80f35fa108d54583350fc38e9a43a617cbc215ee1509,14,0.85,4,1539055603198,Entertainment,0.04500000000000001,0.455
QSycrqqa33qHc7Erb,45177c5c8fea01ea349b80f35fa108d54583350fc38e9a43a617cbc215ee1509,15,0.35,4,1539055603201,Entertainment,0.24499999999999997,0.555
C5iF4fLHdcDgSjq2W,45177c5c8fea01ea349b80f35fa108d54583350fc38e9a43a617cbc215ee1509,16,0.19,4,1539055603205,Entertainment,1.3122000000000003,0.31
cTxdgnnrrC4BFomKt,45177c5c8fea01ea349b80f35fa108d54583350fc38e9a43a617cbc215ee1509,17,0.81,4,1539055603214,Entertainment,1.3122000000000003,0.435
D5XPQkWbbrHk9msSn,45177c5c8fea01ea349b80f35fa108d54583350fc38e9a43a617cbc215ee1509,18,0.38,4,1539055603218,Entertainment,0.2888,0.545
DDqEoS7g9atoAyAHu,f3843145efb1be1ed1564d5ce2a9ed599a9f750d24f5a660cebdbd2a27052489,1,0.34,4,1539059130204,Sports,0.8711999999999998,0.745
9MYfcKTBtXdytyNKf,f3843145efb1be1ed1564d5ce2a9ed599a9f750d24f5a660cebdbd2a27052489,2,0.91,4,1539059130211,Sports,1.6562000000000001,0.635
pdPMqpHGEa3hCL82X,f3843145efb1be1ed1564d5ce2a9ed599a9f750d24f5a660cebdbd2a27052489,3,0.22,4,1539059130212,Sports,0.0968,0.53
PM5KwdqSHdoEXgmJj,f3843145efb1be1ed1564d5ce2a9ed599a9f750d24f5a660cebdbd2a27052489,4,0.83,4,1539059130214,Sports,0.057800000000000025,0.67
4Kmg3P6SoeaojDsD6,f3843145efb1be1ed1564d5ce2a9ed599a9f750d24f5a660cebdbd2a27052489,5,0.69,4,1539059130216,Sports,0.9521999999999998,0.54
3bKEzxGd5HjtEwNWt,f3843145efb1be1ed1564d5ce2a9ed599a9f750d24f5a660cebdbd2a27052489,6,0.75,4,1539059130218,Sports,1.125,0.6
mJdqNxnRPJg4KCPzS,f3843145efb1be1ed1564d5ce2a9ed599a9f750d24f5a660cebdbd2a27052489,7,0.34,4,1539059202661,Politics,0.23120000000000004,0.71
veaBDPFYmddwM8MJ8,f3843145efb1be1ed1564d5ce2a9ed599a9f750d24f5a660cebdbd2a27052489,8,0.27,4,1539059202667,Politics,1.0657999999999999,0.49
vJzyRWnT2sygyvZDs,f3843145efb1be1ed1564d5ce2a9ed599a9f750d24f5a660cebdbd2a27052489,9,0.22,4,1539059202670,Politics,0.0968,0.555
NXhQp5LX2jNQ3Tjet,f3843145efb1be1ed1564d5ce2a9ed599a9f750d24f5a660cebdbd2a27052489,10,0.22,4,1539059202672,Politics,0.0968,0.52
LDKxTE7JwLcoDvA5W,f3843145efb1be1ed1564d5ce2a9ed599a9f750d24f5a660cebdbd2a27052489,11,0.23,4,1539059202673,Politics,0.1058,0.52
i9A2WAnq72BfQxcnf,f3843145efb1be1ed1564d5ce2a9ed599a9f750d24f5a660cebdbd2a27052489,12,0.03,4,1539059202675,Politics,0.0018,0.42
L4wuNmd5xzurAKRgy,f3843145efb1be1ed1564d5ce2a9ed599a9f750d24f5a660cebdbd2a27052489,13,0.08,4,1539059244613,Entertainment,0.0128,0.335
9DH7KzrReeiLe7rk8,f3843145efb1be1ed1564d5ce2a9ed599a9f750d24f5a660cebdbd2a27052489,14,0.2,4,1539059244616,Entertainment,1.2800000000000002,0.49
zN8btHstkkWhs5JPa,f3843145efb1be1ed1564d5ce2a9ed599a9f750d24f5a660cebdbd2a27052489,15,0.56,4,1539059244619,Entertainment,0.6272000000000001,0.64
XckwvApXKKnjGF2J2,f3843145efb1be1ed1564d5ce2a9ed599a9f750d24f5a660cebdbd2a27052489,16,0.22,4,1539059244621,Entertainment,1.2168,0.495
ydmy6YgfBMk26452i,f3843145efb1be1ed1564d5ce2a9ed599a9f750d24f5a660cebdbd2a27052489,17,0.1,4,1539059244622,Entertainment,0.020000000000000004,0.375
wjTuBAZhtnYsrZGeh,f3843145efb1be1ed1564d5ce2a9ed599a9f750d24f5a660cebdbd2a27052489,18,0.09,4,1539059244625,Entertainment,0.0162,0.315
JPHZs29gSwtAQ2xvM,57f71964e7aa3770df6c492e9408b2095f1c75e79576701bfba35591f506046c,1,0.4,4,1539059603223,Sports,0.72,0.58
hKyY4irHfHNcsFj2M,57f71964e7aa3770df6c492e9408b2095f1c75e79576701bfba35591f506046c,2,0.55,4,1539059603224,Sports,0.6050000000000001,0.605
4QtduWGdD5wNX5Zy3,57f71964e7aa3770df6c492e9408b2095f1c75e79576701bfba35591f506046c,3,0.74,4,1539059603226,Sports,1.0952,0.445
oyCrrx4SFc3eCAY3D,57f71964e7aa3770df6c492e9408b2095f1c75e79576701bfba35591f506046c,4,0.67,4,1539059603227,Sports,0.21779999999999994,0.615
euq46KAXcWKaKdgeP,57f71964e7aa3770df6c492e9408b2095f1c75e79576701bfba35591f506046c,5,0.75,4,1539059603230,Sports,1.125,0.495
4C6t5ctNxtQYW7vqi,57f71964e7aa3770df6c492e9408b2095f1c75e79576701bfba35591f506046c,6,0.02,4,1539059603230,Sports,8e-4,0.19
NXio83r6fuBjZhGRF,57f71964e7aa3770df6c492e9408b2095f1c75e79576701bfba35591f506046c,7,1,4,1539059632884,Politics,2,0.52
y9xpukAx7gBLi7kbv,57f71964e7aa3770df6c492e9408b2095f1c75e79576701bfba35591f506046c,8,0.44,4,1539059632885,Politics,0.6272000000000001,0.61
LiHt5hDN2nYZ7egGS,57f71964e7aa3770df6c492e9408b2095f1c75e79576701bfba35591f506046c,9,0.1,4,1539059632886,Politics,0.020000000000000004,0.36
Xf48S3Zu95Zbh8xL4,57f71964e7aa3770df6c492e9408b2095f1c75e79576701bfba35591f506046c,10,0.3,4,1539059632887,Politics,0.18,0.5
ZNZLxAmnuTvwYzWSE,57f71964e7aa3770df6c492e9408b2095f1c75e79576701bfba35591f506046c,11,0.9,4,1539059632887,Politics,1.62,0.45
7MvenXk3bzTTECbs5,57f71964e7aa3770df6c492e9408b2095f1c75e79576701bfba35591f506046c,12,0.65,4,1539059632888,Politics,0.8450000000000001,0.375
BqqQbE4ktv6pa3rbD,57f71964e7aa3770df6c492e9408b2095f1c75e79576701bfba35591f506046c,13,0.25,4,1539060180550,Entertainment,0.125,0.35
EMrJYf76Yc9Yf5mvd,57f71964e7aa3770df6c492e9408b2095f1c75e79576701bfba35591f506046c,14,0.89,4,1539060180550,Entertainment,0.024199999999999996,0.585
oMMpk7KT5Fip4Nyke,57f71964e7aa3770df6c492e9408b2095f1c75e79576701bfba35591f506046c,15,0.43,4,1539060180551,Entertainment,0.36979999999999996,0.535
rTx3WhbDQv66YZpSi,57f71964e7aa3770df6c492e9408b2095f1c75e79576701bfba35591f506046c,16,0.35,4,1539060180551,Entertainment,0.8450000000000001,0.61
x2NjngaeHGQrv6o6L,57f71964e7aa3770df6c492e9408b2095f1c75e79576701bfba35591f506046c,17,0.33,4,1539060180553,Entertainment,0.21780000000000002,0.555
vfWbd6KyY9JRA5RjK,57f71964e7aa3770df6c492e9408b2095f1c75e79576701bfba35591f506046c,18,0.62,4,1539060180553,Entertainment,0.7688,0.535
Q6dtBMi6EPPADPcnt,28ca87432d9dfcb23ecdda50d6ca9d9e75fabfb0f246c30893fd291f87c1b382,1,1,4,1539060690859,Sports,0,0.6
ow9J8TQEgkGuwGaTP,28ca87432d9dfcb23ecdda50d6ca9d9e75fabfb0f246c30893fd291f87c1b382,2,0.06,4,1539060690861,Sports,0.0072,0.245
W5ZJyFJqCKvMdzxrx,28ca87432d9dfcb23ecdda50d6ca9d9e75fabfb0f246c30893fd291f87c1b382,3,0.78,4,1539060690861,Sports,1.2168,0.55
NHQyWcZAZ4kaAnzeF,28ca87432d9dfcb23ecdda50d6ca9d9e75fabfb0f246c30893fd291f87c1b382,4,0.22,4,1539060690861,Sports,1.2168,0.39
uBXnWTfNjbJNpTwXm,28ca87432d9dfcb23ecdda50d6ca9d9e75fabfb0f246c30893fd291f87c1b382,5,0.7,4,1539060690861,Sports,0.9799999999999999,0.565
FdBcDmoN85TxJXqyk,28ca87432d9dfcb23ecdda50d6ca9d9e75fabfb0f246c30893fd291f87c1b382,6,0.96,4,1539060690862,Sports,1.8432,0.565
KFLkJS6Yczn6gDpmv,28ca87432d9dfcb23ecdda50d6ca9d9e75fabfb0f246c30893fd291f87c1b382,7,1,4,1539060695131,Politics,2,0.595
axcgGAwkXfKYLast9,28ca87432d9dfcb23ecdda50d6ca9d9e75fabfb0f246c30893fd291f87c1b382,8,0.21,4,1539060695131,Politics,1.2482000000000002,0.44
8c3Gp7CK36WxxQn5Z,28ca87432d9dfcb23ecdda50d6ca9d9e75fabfb0f246c30893fd291f87c1b382,9,0.7,4,1539060695131,Politics,0.9799999999999999,0.52
pDuiJyDDhoYY9XdQS,28ca87432d9dfcb23ecdda50d6ca9d9e75fabfb0f246c30893fd291f87c1b382,10,0.86,4,1539060695132,Politics,1.4791999999999998,0.465
KqYvthjJkfLTQWv88,28ca87432d9dfcb23ecdda50d6ca9d9e75fabfb0f246c30893fd291f87c1b382,11,0.42,4,1539060695132,Politics,0.35279999999999995,0.565
gQ2FykGpo9wMYcyFy,28ca87432d9dfcb23ecdda50d6ca9d9e75fabfb0f246c30893fd291f87c1b382,12,1,4,1539060695132,Politics,2,0.42
KW3mYaXYXAHtF8DHZ,28ca87432d9dfcb23ecdda50d6ca9d9e75fabfb0f246c30893fd291f87c1b382,13,0.89,4,1539060698873,Entertainment,1.5842,0.59
StTPiKKaEbrtjZbCT,28ca87432d9dfcb23ecdda50d6ca9d9e75fabfb0f246c30893fd291f87c1b382,14,0.87,4,1539060698873,Entertainment,0.033800000000000004,0.575
c8EG5eZz5HpAK4poj,28ca87432d9dfcb23ecdda50d6ca9d9e75fabfb0f246c30893fd291f87c1b382,15,0.23,4,1539060698873,Entertainment,0.1058,0.415
MNsfFLmYhvH5cxtee,28ca87432d9dfcb23ecdda50d6ca9d9e75fabfb0f246c30893fd291f87c1b382,16,0.17,4,1539060698874,Entertainment,1.3778,0.485
N52RJTHMrrAwwtcSf,28ca87432d9dfcb23ecdda50d6ca9d9e75fabfb0f246c30893fd291f87c1b382,17,0.1,4,1539060698874,Entertainment,0.020000000000000004,0.36
MRMGfCYBtrkR3mPoh,28ca87432d9dfcb23ecdda50d6ca9d9e75fabfb0f246c30893fd291f87c1b382,18,0.14,4,1539060698874,Entertainment,0.039200000000000006,0.495
XqaNY4wqYgevb9Kv6,3983ba322ffa5f484ca147031e1290fceda8c2d9cfbc65487df88fa30ed83cb9,1,0.9,4,1539061062373,Sports,0.01999999999999999,0.58
h8Hz4PB2YojAA2cfT,3983ba322ffa5f484ca147031e1290fceda8c2d9cfbc65487df88fa30ed83cb9,2,1,4,1539061062385,Sports,2,0.625
ZCfhNHTj3QhDKCyrG,3983ba322ffa5f484ca147031e1290fceda8c2d9cfbc65487df88fa30ed83cb9,3,0.9,4,1539061062387,Sports,1.62,0.395
SqFFzfDwrcd9sHwDY,3983ba322ffa5f484ca147031e1290fceda8c2d9cfbc65487df88fa30ed83cb9,4,1,4,1539061062389,Sports,0,0.55
tXh4L3oy7iHAwj5no,3983ba322ffa5f484ca147031e1290fceda8c2d9cfbc65487df88fa30ed83cb9,5,0.8,4,1539061062390,Sports,1.2800000000000002,0.505
HhERXftcH7JhGzNn8,3983ba322ffa5f484ca147031e1290fceda8c2d9cfbc65487df88fa30ed83cb9,6,1,4,1539061062393,Sports,2,0.505
fQpyq2XyRo7kuN3vF,3983ba322ffa5f484ca147031e1290fceda8c2d9cfbc65487df88fa30ed83cb9,7,0.7,4,1539061258218,Politics,0.9799999999999999,0.585
SH5GuS2M4zosQwWH5,3983ba322ffa5f484ca147031e1290fceda8c2d9cfbc65487df88fa30ed83cb9,8,0.9,4,1539061258220,Politics,0.01999999999999999,0.56
jy54s9sbW2GhEEWAG,3983ba322ffa5f484ca147031e1290fceda8c2d9cfbc65487df88fa30ed83cb9,9,0.8,4,1539061258222,Politics,1.2800000000000002,0.435
6jXsZ3h7wwMPY8ABs,3983ba322ffa5f484ca147031e1290fceda8c2d9cfbc65487df88fa30ed83cb9,10,0,4,1539061258223,Politics,0,0.36
5azb2Xncz46YzDwQ4,3983ba322ffa5f484ca147031e1290fceda8c2d9cfbc65487df88fa30ed83cb9,11,0.5,4,1539061258225,Politics,0.5,0.475
Kfqsokk2bEn6Q4BCx,3983ba322ffa5f484ca147031e1290fceda8c2d9cfbc65487df88fa30ed83cb9,12,0.5,4,1539061258226,Politics,0.5,0.465
orbP3wFwRk24BBsmB,3983ba322ffa5f484ca147031e1290fceda8c2d9cfbc65487df88fa30ed83cb9,13,0.95,4,1539061372833,Entertainment,1.805,0.56
EZTXCAbQXYiSGmMf5,3983ba322ffa5f484ca147031e1290fceda8c2d9cfbc65487df88fa30ed83cb9,14,0.8,4,1539061372835,Entertainment,0.07999999999999996,0.545
fzcQ6bg27jczsgQwY,3983ba322ffa5f484ca147031e1290fceda8c2d9cfbc65487df88fa30ed83cb9,15,0.6,4,1539061372838,Entertainment,0.72,0.51
Q58Npeq5iEwGSXquC,3983ba322ffa5f484ca147031e1290fceda8c2d9cfbc65487df88fa30ed83cb9,16,0.5,4,1539061372840,Entertainment,0.5,0.6
Xp7rhtqrNYfYxAr4N,3983ba322ffa5f484ca147031e1290fceda8c2d9cfbc65487df88fa30ed83cb9,17,0.8,4,1539061372843,Entertainment,1.2800000000000002,0.48
4xbeeGBrwAc3FTRZB,3983ba322ffa5f484ca147031e1290fceda8c2d9cfbc65487df88fa30ed83cb9,18,0.4,4,1539061372844,Entertainment,0.32000000000000006,0.56
K55HCR8K2DimKnGwK,5e2fc04bc6e0430a1937179a7c4f6601a109926742e7341d71478d3c063558e8,1,0.31,4,1539061701002,Sports,0.9521999999999998,0.68
iwTEG7yPngyEKTnuE,5e2fc04bc6e0430a1937179a7c4f6601a109926742e7341d71478d3c063558e8,2,0.5,4,1539061701006,Sports,0.5,0.6
AjWZBArcWiu7w5mQH,5e2fc04bc6e0430a1937179a7c4f6601a109926742e7341d71478d3c063558e8,3,0.31,4,1539061701007,Sports,0.1922,0.52
8wyBux82asRYycybk,5e2fc04bc6e0430a1937179a7c4f6601a109926742e7341d71478d3c063558e8,4,0.89,4,1539061701007,Sports,0.024199999999999996,0.565
GzeeDPJZGQaLay2Kd,5e2fc04bc6e0430a1937179a7c4f6601a109926742e7341d71478d3c063558e8,5,0.49,4,1539061701008,Sports,0.48019999999999996,0.535
jpfZLRp783ssJnkb8,5e2fc04bc6e0430a1937179a7c4f6601a109926742e7341d71478d3c063558e8,6,0.33,4,1539061701009,Sports,0.21780000000000002,0.625
ahQhAwfpuBdzo96Ns,5e2fc04bc6e0430a1937179a7c4f6601a109926742e7341d71478d3c063558e8,7,0.91,4,1539061706665,Politics,1.6562000000000001,0.58
odicndRHmjWWMCKps,5e2fc04bc6e0430a1937179a7c4f6601a109926742e7341d71478d3c063558e8,8,0.58,4,1539061706666,Politics,0.35280000000000006,0.605
AHTkitjTpTpi2vse7,5e2fc04bc6e0430a1937179a7c4f6601a109926742e7341d71478d3c063558e8,9,0.49,4,1539061706667,Politics,0.48019999999999996,0.56
4ZG6binvD3QPdsG2r,5e2fc04bc6e0430a1937179a7c4f6601a109926742e7341d71478d3c063558e8,10,0.28,4,1539061706668,Politics,0.15680000000000002,0.395
NCQgWNMmaroCBZBxg,5e2fc04bc6e0430a1937179a7c4f6601a109926742e7341d71478d3c063558e8,11,0.17,4,1539061706668,Politics,0.05780000000000001,0.42
f5D5LFA4pi3CgisNB,5e2fc04bc6e0430a1937179a7c4f6601a109926742e7341d71478d3c063558e8,12,0.3,4,1539061706669,Politics,0.18,0.535
zneYtR4eXd8iGB9f2,5e2fc04bc6e0430a1937179a7c4f6601a109926742e7341d71478d3c063558e8,13,0.11,4,1539061712623,Entertainment,0.0242,0.295
Rv8dKkiihATnvF5jk,5e2fc04bc6e0430a1937179a7c4f6601a109926742e7341d71478d3c063558e8,14,1,4,1539061712625,Entertainment,0,0.575
mzivW2snEi4RaFQNT,5e2fc04bc6e0430a1937179a7c4f6601a109926742e7341d71478d3c063558e8,15,0.28,4,1539061712627,Entertainment,0.15680000000000002,0.435
pheoYQoCQijYMTtwJ,5e2fc04bc6e0430a1937179a7c4f6601a109926742e7341d71478d3c063558e8,16,0.59,4,1539061712629,Entertainment,0.33620000000000005,0.575
hiSDBLaDyyYY7NNQk,5e2fc04bc6e0430a1937179a7c4f6601a109926742e7341d71478d3c063558e8,17,1,4,1539061712630,Entertainment,2,0.385
u57xHH7ubLt6jCHkt,5e2fc04bc6e0430a1937179a7c4f6601a109926742e7341d71478d3c063558e8,18,0.22,4,1539061712631,Entertainment,0.0968,0.505
w9DfRgKNwXLqwpqpG,fd50f478442d9bf4acf2b8c262d3ed3728ce4298a303cbe17486f68bedcb9908,1,0.65,4,1539062600762,Sports,0.24499999999999997,0.63
s8K4RoNJXMCEzyxuJ,fd50f478442d9bf4acf2b8c262d3ed3728ce4298a303cbe17486f68bedcb9908,2,0.19,4,1539062600763,Sports,0.0722,0.32
emA2DuHdKHpk9SXpT,fd50f478442d9bf4acf2b8c262d3ed3728ce4298a303cbe17486f68bedcb9908,3,0.83,4,1539062600763,Sports,1.3778,0.5
GaTqX6vGdYMreJRai,fd50f478442d9bf4acf2b8c262d3ed3728ce4298a303cbe17486f68bedcb9908,4,0.16,4,1539062600764,Sports,1.4111999999999998,0.29
9wPFFiLsWaoWuH4FB,fd50f478442d9bf4acf2b8c262d3ed3728ce4298a303cbe17486f68bedcb9908,5,0.89,4,1539062600764,Sports,1.5842,0.48
RFbgNtMCFDthvXEGf,fd50f478442d9bf4acf2b8c262d3ed3728ce4298a303cbe17486f68bedcb9908,6,0.97,4,1539062600764,Sports,1.8818,0.525
5qCbqEhEavABsb8yf,fd50f478442d9bf4acf2b8c262d3ed3728ce4298a303cbe17486f68bedcb9908,7,0.92,4,1539062659215,Politics,1.6928,0.615
vDf67HQjpfpArMc7J,fd50f478442d9bf4acf2b8c262d3ed3728ce4298a303cbe17486f68bedcb9908,8,0.14,4,1539062659216,Politics,1.4791999999999998,0.345
KSYefN5FBbeKQQ2N2,fd50f478442d9bf4acf2b8c262d3ed3728ce4298a303cbe17486f68bedcb9908,9,0.98,4,1539062659216,Politics,1.9207999999999998,0.53
LhRJ9sn4Yktfpevmw,fd50f478442d9bf4acf2b8c262d3ed3728ce4298a303cbe17486f68bedcb9908,10,0.76,4,1539062659217,Politics,1.1552,0.41
DkpWw6c6vGJXM3iPC,fd50f478442d9bf4acf2b8c262d3ed3728ce4298a303cbe17486f68bedcb9908,11,0.18,4,1539062659217,Politics,0.0648,0.48
gQz2bBSPyaz4KC3X2,fd50f478442d9bf4acf2b8c262d3ed3728ce4298a303cbe17486f68bedcb9908,12,1,4,1539062659217,Politics,2,0.42
qdo5iWT2rpqjbkc6A,fd50f478442d9bf4acf2b8c262d3ed3728ce4298a303cbe17486f68bedcb9908,13,0.89,4,1539062742045,Entertainment,1.5842,0.55
fZxGYT2WMAeajdWdM,fd50f478442d9bf4acf2b8c262d3ed3728ce4298a303cbe17486f68bedcb9908,14,0.26,4,1539062742046,Entertainment,1.0952,0.37
ZnH2xdGH7nZGHzyJ3,fd50f478442d9bf4acf2b8c262d3ed3728ce4298a303cbe17486f68bedcb9908,15,0.24,4,1539062742046,Entertainment,0.1152,0.49
za8uGa2eZNyddbWkw,fd50f478442d9bf4acf2b8c262d3ed3728ce4298a303cbe17486f68bedcb9908,16,0.94,4,1539062742046,Entertainment,0.007200000000000013,0.455
eSwQsY7wfiSX3iZcg,fd50f478442d9bf4acf2b8c262d3ed3728ce4298a303cbe17486f68bedcb9908,17,0.65,4,1539062742047,Entertainment,0.8450000000000001,0.575
KzSpuZobpr9BHFB6e,fd50f478442d9bf4acf2b8c262d3ed3728ce4298a303cbe17486f68bedcb9908,18,0.77,4,1539062742047,Entertainment,1.1858,0.57
LXWY7oeT7tjRfBEfp,3b8754c33350438fe1bcbe2be9a683240e737e435ab6821d20fa4e85f4ea2818,1,0.1,4,1539064293832,Sports,1.62,0.5
vRbtKs4AQQJexdaKJ,3b8754c33350438fe1bcbe2be9a683240e737e435ab6821d20fa4e85f4ea2818,2,0.94,4,1539064293833,Sports,1.7671999999999999,0.735
Gf4cwfPeSu9eyRP7E,3b8754c33350438fe1bcbe2be9a683240e737e435ab6821d20fa4e85f4ea2818,3,0.06,4,1539064293833,Sports,0.0072,0.455
69bCREHLy6mguQfbw,3b8754c33350438fe1bcbe2be9a683240e737e435ab6821d20fa4e85f4ea2818,4,0.07,4,1539064293833,Sports,1.7297999999999998,0.34
uZobwLSSkLT9t2uf4,3b8754c33350438fe1bcbe2be9a683240e737e435ab6821d20fa4e85f4ea2818,5,0.06,4,1539064293833,Sports,0.0072,0.33
Sahsay8hQ9jKx5N3g,3b8754c33350438fe1bcbe2be9a683240e737e435ab6821d20fa4e85f4ea2818,6,0.02,4,1539064293834,Sports,8e-4,0.36
TfW9Eu7kcmSvBEKCc,3b8754c33350438fe1bcbe2be9a683240e737e435ab6821d20fa4e85f4ea2818,7,1,4,1539064295881,Politics,2,0.77
ffoeLKT5H7KnfkLBH,3b8754c33350438fe1bcbe2be9a683240e737e435ab6821d20fa4e85f4ea2818,8,0.77,4,1539064295881,Politics,0.10579999999999998,0.735
D2rw42nP5r7nemsji,3b8754c33350438fe1bcbe2be9a683240e737e435ab6821d20fa4e85f4ea2818,9,0.86,4,1539064295882,Politics,1.4791999999999998,0.675
mMPLsD6K7jkNv6uvX,3b8754c33350438fe1bcbe2be9a683240e737e435ab6821d20fa4e85f4ea2818,10,0.13,4,1539064295882,Politics,0.033800000000000004,0.68
jWp4fS9uaH4EQjkmP,3b8754c33350438fe1bcbe2be9a683240e737e435ab6821d20fa4e85f4ea2818,11,0.15,4,1539064295882,Politics,0.045,0.595
fbArzFvRkFhjNADaJ,3b8754c33350438fe1bcbe2be9a683240e737e435ab6821d20fa4e85f4ea2818,12,0.04,4,1539064295882,Politics,0.0032,0.515
Sb8QQFx7PbMZpSMvq,3b8754c33350438fe1bcbe2be9a683240e737e435ab6821d20fa4e85f4ea2818,13,0,4,1539064298358,Entertainment,0,0.37
5C2HLCJPGBqa28fSw,3b8754c33350438fe1bcbe2be9a683240e737e435ab6821d20fa4e85f4ea2818,14,1,4,1539064298358,Entertainment,0,0.745
5nzwPKpardm2YfdN5,3b8754c33350438fe1bcbe2be9a683240e737e435ab6821d20fa4e85f4ea2818,15,0.22,4,1539064298359,Entertainment,0.0968,0.585
ohrFyHiumYv8ppZbL,3b8754c33350438fe1bcbe2be9a683240e737e435ab6821d20fa4e85f4ea2818,16,0.14,4,1539064298359,Entertainment,1.4791999999999998,0.52
PjmoLZ75yPJbGRpBm,3b8754c33350438fe1bcbe2be9a683240e737e435ab6821d20fa4e85f4ea2818,17,0,4,1539064298359,Entertainment,0,0.405
7R2MbaD2rPKsEP6ET,3b8754c33350438fe1bcbe2be9a683240e737e435ab6821d20fa4e85f4ea2818,18,0.08,4,1539064298359,Entertainment,0.0128,0.405
7b4PmM7gHmNEwvCBj,967b27910900646752b8ffb03fa0f8c2de5352331b7e531c4128f3134208e98a,1,0.71,4,1539073175271,Sports,0.16820000000000004,0.505
F6Tzoo79Gj9KDTsL3,967b27910900646752b8ffb03fa0f8c2de5352331b7e531c4128f3134208e98a,2,0.41,4,1539073175272,Sports,0.33619999999999994,0.53
aG2RuqsxHrRQWRaR8,967b27910900646752b8ffb03fa0f8c2de5352331b7e531c4128f3134208e98a,3,0.56,4,1539073175272,Sports,0.6272000000000001,0.465
ZhFuNmkrobGqKZLjC,967b27910900646752b8ffb03fa0f8c2de5352331b7e531c4128f3134208e98a,4,0.21,4,1539073175273,Sports,1.2482000000000002,0.305
iqZoKcMBkdTaCbqeS,967b27910900646752b8ffb03fa0f8c2de5352331b7e531c4128f3134208e98a,5,0.56,4,1539073175273,Sports,0.6272000000000001,0.505
3zScooEoCfgz7cPXT,967b27910900646752b8ffb03fa0f8c2de5352331b7e531c4128f3134208e98a,6,0.57,4,1539073175273,Sports,0.6497999999999999,0.56
iMuR5w5ekcdr5ZKi4,967b27910900646752b8ffb03fa0f8c2de5352331b7e531c4128f3134208e98a,7,0.72,4,1539073180510,Politics,1.0368,0.57
rY8kQSzKsQdoHQBM6,967b27910900646752b8ffb03fa0f8c2de5352331b7e531c4128f3134208e98a,8,0.42,4,1539073180510,Politics,0.6728000000000002,0.555
Nx5bePwzWH949BwiZ,967b27910900646752b8ffb03fa0f8c2de5352331b7e531c4128f3134208e98a,9,0.57,4,1539073180511,Politics,0.6497999999999999,0.545
XyFvJ6p4s8fdEYMZ9,967b27910900646752b8ffb03fa0f8c2de5352331b7e531c4128f3134208e98a,10,0.3,4,1539073180511,Politics,0.18,0.475
XmezfHMFHBXwwwkAQ,967b27910900646752b8ffb03fa0f8c2de5352331b7e531c4128f3134208e98a,11,0.37,4,1539073180512,Politics,0.2738,0.54
xXFhSTnk7D52yaz3G,967b27910900646752b8ffb03fa0f8c2de5352331b7e531c4128f3134208e98a,12,0.78,4,1539073180512,Politics,1.2168,0.3
SB5d6WvShND9XJwnt,967b27910900646752b8ffb03fa0f8c2de5352331b7e531c4128f3134208e98a,13,0.26,4,1539073192271,Entertainment,0.13520000000000001,0.2
E85HwzNCZrWGCtYTx,967b27910900646752b8ffb03fa0f8c2de5352331b7e531c4128f3134208e98a,14,0.35,4,1539073192271,Entertainment,0.8450000000000001,0.61
S7rFYReQnn4rYaQEX,967b27910900646752b8ffb03fa0f8c2de5352331b7e531c4128f3134208e98a,15,0.49,4,1539073192271,Entertainment,0.48019999999999996,0.545
CGRdAzGTxc3WXob3b,967b27910900646752b8ffb03fa0f8c2de5352331b7e531c4128f3134208e98a,16,0.42,4,1539073192272,Entertainment,0.6728000000000002,0.54
Pda7iti3fTHMYS7o7,967b27910900646752b8ffb03fa0f8c2de5352331b7e531c4128f3134208e98a,17,0.64,4,1539073192272,Entertainment,0.8192,0.44
W9kv337EYA56Cbs7a,967b27910900646752b8ffb03fa0f8c2de5352331b7e531c4128f3134208e98a,18,0.35,4,1539073192272,Entertainment,0.24499999999999997,0.58
dqnBZW9hJJFTg9qNd,27ff6f8521cb959496e2a830160edaff7c8e3a2c06b76a7a3ebd7b9397caa483,1,0.55,4,1539074310961,Sports,0.4049999999999999,0.625
H56csPAgDRKJMYcCF,27ff6f8521cb959496e2a830160edaff7c8e3a2c06b76a7a3ebd7b9397caa483,2,0.6,4,1539074310962,Sports,0.72,0.6
z6NKxzMyhnJgNKb9e,27ff6f8521cb959496e2a830160edaff7c8e3a2c06b76a7a3ebd7b9397caa483,3,0.72,4,1539074310962,Sports,1.0368,0.43
nsvAEKciA4QGixgy8,27ff6f8521cb959496e2a830160edaff7c8e3a2c06b76a7a3ebd7b9397caa483,4,0.55,4,1539074310963,Sports,0.4049999999999999,0.655
vqe5MJru8en2xhtAw,27ff6f8521cb959496e2a830160edaff7c8e3a2c06b76a7a3ebd7b9397caa483,5,0.31,4,1539074310963,Sports,0.1922,0.655
GH8YFYdgWjiZtzEey,27ff6f8521cb959496e2a830160edaff7c8e3a2c06b76a7a3ebd7b9397caa483,6,0.51,4,1539074310964,Sports,0.5202,0.64
hpzsMwtJ9M5RnKZkS,27ff6f8521cb959496e2a830160edaff7c8e3a2c06b76a7a3ebd7b9397caa483,7,0.9,4,1539074967885,Politics,1.62,0.615
GxydGbA94uuyoi3MA,27ff6f8521cb959496e2a830160edaff7c8e3a2c06b76a7a3ebd7b9397caa483,8,0.45,4,1539074967885,Politics,0.6050000000000001,0.61
yJpurBMew2eDrYj9m,27ff6f8521cb959496e2a830160edaff7c8e3a2c06b76a7a3ebd7b9397caa483,9,0.28,4,1539074967886,Politics,0.15680000000000002,0.425
L96B5szcvP2k8pZ9W,27ff6f8521cb959496e2a830160edaff7c8e3a2c06b76a7a3ebd7b9397caa483,10,0.01,4,1539074967886,Politics,2e-4,0.35
2eHkNsnj9ASQdDF98,27ff6f8521cb959496e2a830160edaff7c8e3a2c06b76a7a3ebd7b9397caa483,11,0.03,4,1539074967887,Politics,0.0018,0.245
4euRnrkQpop3GkbC8,27ff6f8521cb959496e2a830160edaff7c8e3a2c06b76a7a3ebd7b9397caa483,12,0.1,4,1539074967887,Politics,0.020000000000000004,0.455
u98aPeMg7hjofzex9,27ff6f8521cb959496e2a830160edaff7c8e3a2c06b76a7a3ebd7b9397caa483,13,0.75,4,1539075517056,Entertainment,1.125,0.515
WXgEvjw3CxcwsfYW6,27ff6f8521cb959496e2a830160edaff7c8e3a2c06b76a7a3ebd7b9397caa483,14,0.99,4,1539075517057,Entertainment,2.0000000000000036e-4,0.6
xPrmQNGzx7CeMYEsB,27ff6f8521cb959496e2a830160edaff7c8e3a2c06b76a7a3ebd7b9397caa483,15,0.3,4,1539075517057,Entertainment,0.18,0.62
k3oKrrvwhjYLfskvn,27ff6f8521cb959496e2a830160edaff7c8e3a2c06b76a7a3ebd7b9397caa483,16,0.89,4,1539075517058,Entertainment,0.024199999999999996,0.48
QwKFQ5jyckYoa5W6t,27ff6f8521cb959496e2a830160edaff7c8e3a2c06b76a7a3ebd7b9397caa483,17,0.5,4,1539075517058,Entertainment,0.5,0.595
xH5hcXWySZb9Lmqbr,27ff6f8521cb959496e2a830160edaff7c8e3a2c06b76a7a3ebd7b9397caa483,18,0.5,4,1539075517058,Entertainment,0.5,0.55
cWu2o8aMBE8NRivwQ,97d0da21f4832edb1f6eee4bb78a6466721e389a6986036f698e112d6c7939ac,1,0.43,4,1539078977502,Sports,0.6498000000000002,0.625
LRMddqEXdxihh5T7p,97d0da21f4832edb1f6eee4bb78a6466721e389a6986036f698e112d6c7939ac,2,0.59,4,1539078977504,Sports,0.6961999999999999,0.675
7iHAoC6qLYWfKdRR9,97d0da21f4832edb1f6eee4bb78a6466721e389a6986036f698e112d6c7939ac,3,0.78,4,1539078977504,Sports,1.2168,0.53
qgP54w2c5CFRShMqB,97d0da21f4832edb1f6eee4bb78a6466721e389a6986036f698e112d6c7939ac,4,0.7,4,1539078977505,Sports,0.18000000000000005,0.69
moYqBBukR5xZvgrcy,97d0da21f4832edb1f6eee4bb78a6466721e389a6986036f698e112d6c7939ac,5,0.85,4,1539078977506,Sports,1.4449999999999998,0.515
nBrtE4TuQA2MCNuBQ,97d0da21f4832edb1f6eee4bb78a6466721e389a6986036f698e112d6c7939ac,6,1,4,1539078977506,Sports,2,0.605
XNemvmqZzyX8XAkqY,97d0da21f4832edb1f6eee4bb78a6466721e389a6986036f698e112d6c7939ac,7,0.86,4,1539079039316,Politics,1.4791999999999998,0.63
2gWarDxBmNptSM9sG,97d0da21f4832edb1f6eee4bb78a6466721e389a6986036f698e112d6c7939ac,8,0.13,4,1539079039317,Politics,1.5138,0.415
MiSKaaaDiKpu9kNCk,97d0da21f4832edb1f6eee4bb78a6466721e389a6986036f698e112d6c7939ac,9,0.65,4,1539079039318,Politics,0.8450000000000001,0.56
zahadFkCYZ5a6gmFx,97d0da21f4832edb1f6eee4bb78a6466721e389a6986036f698e112d6c7939ac,10,0.58,4,1539079039319,Politics,0.6728,0.54
Qbq4SuX4dKgBC9QR7,97d0da21f4832edb1f6eee4bb78a6466721e389a6986036f698e112d6c7939ac,11,0.07,4,1539079039319,Politics,0.009800000000000001,0.3
w7Bp8Pgrn9Nfftcg7,97d0da21f4832edb1f6eee4bb78a6466721e389a6986036f698e112d6c7939ac,12,0,4,1539079039319,Politics,0,0.385
vKkDGGwCPHrhBqEPv,97d0da21f4832edb1f6eee4bb78a6466721e389a6986036f698e112d6c7939ac,13,0,4,1539079066211,Entertainment,0,0.245
SngEdJAsZj5ZAg9s9,97d0da21f4832edb1f6eee4bb78a6466721e389a6986036f698e112d6c7939ac,14,0.94,4,1539079066211,Entertainment,0.007200000000000013,0.565
bvhYqdtn9kHGRcuq9,97d0da21f4832edb1f6eee4bb78a6466721e389a6986036f698e112d6c7939ac,15,0.39,4,1539079066211,Entertainment,0.3042,0.685
H4Hj6NqqRxkAyTejH,97d0da21f4832edb1f6eee4bb78a6466721e389a6986036f698e112d6c7939ac,16,0.11,4,1539079066212,Entertainment,1.5842,0.375
uuKkTXfNrowzJapyY,97d0da21f4832edb1f6eee4bb78a6466721e389a6986036f698e112d6c7939ac,17,0.77,4,1539079066213,Entertainment,1.1858,0.575
STqcraPgKNYFHrS9v,97d0da21f4832edb1f6eee4bb78a6466721e389a6986036f698e112d6c7939ac,18,0.79,4,1539079066213,Entertainment,1.2482000000000002,0.52
ANds5h5Sfjf3jQ4J2,6c3a9ade796b3c38ccec2fb6006883065f677bd689c50ca9224b26258a812111,1,0.34,4,1539080611526,Sports,0.8711999999999998,0.655
XAsac49ikEwWcFiEQ,6c3a9ade796b3c38ccec2fb6006883065f677bd689c50ca9224b26258a812111,2,0.63,4,1539080611529,Sports,0.7938000000000001,0.58
hT9iW9LrHHMNDXBEX,6c3a9ade796b3c38ccec2fb6006883065f677bd689c50ca9224b26258a812111,3,0.69,4,1539080611532,Sports,0.9521999999999998,0.45
78mm63jubbRjeFmSs,6c3a9ade796b3c38ccec2fb6006883065f677bd689c50ca9224b26258a812111,4,0.72,4,1539080611534,Sports,0.15680000000000002,0.56
g4TQJixhrJtG8WXm2,6c3a9ade796b3c38ccec2fb6006883065f677bd689c50ca9224b26258a812111,5,0.3,4,1539080611535,Sports,0.18,0.58
4JsCW22iye2i683m9,6c3a9ade796b3c38ccec2fb6006883065f677bd689c50ca9224b26258a812111,6,0.59,4,1539080611536,Sports,0.6961999999999999,0.615
x9h932ZWrLLSKdkWt,6c3a9ade796b3c38ccec2fb6006883065f677bd689c50ca9224b26258a812111,7,0.33,4,1539080623571,Politics,0.21780000000000002,0.655
5AHGjTEFzG7wMoZ9p,6c3a9ade796b3c38ccec2fb6006883065f677bd689c50ca9224b26258a812111,8,0.15,4,1539080623576,Politics,1.4449999999999998,0.315
6tnD68cksXkGmkLgE,6c3a9ade796b3c38ccec2fb6006883065f677bd689c50ca9224b26258a812111,9,0.68,4,1539080623579,Politics,0.9248000000000002,0.475
RfFauGbeSujdmTApi,6c3a9ade796b3c38ccec2fb6006883065f677bd689c50ca9224b26258a812111,10,0.78,4,1539080623582,Politics,1.2168,0.355
K6um2F5yxCeqQrWFY,6c3a9ade796b3c38ccec2fb6006883065f677bd689c50ca9224b26258a812111,11,0.34,4,1539080623584,Politics,0.23120000000000004,0.575
9ANgBXDBpP5Z2YPnd,6c3a9ade796b3c38ccec2fb6006883065f677bd689c50ca9224b26258a812111,12,0.65,4,1539080623586,Politics,0.8450000000000001,0.37
ryLX32gLr77xbN3PJ,6c3a9ade796b3c38ccec2fb6006883065f677bd689c50ca9224b26258a812111,13,0.68,4,1539080634803,Entertainment,0.9248000000000002,0.495
RBhgYPnBMPteQpmRa,6c3a9ade796b3c38ccec2fb6006883065f677bd689c50ca9224b26258a812111,14,0.18,4,1539080634804,Entertainment,1.3448000000000002,0.185
Cu43mKSdwdvC2mXwT,6c3a9ade796b3c38ccec2fb6006883065f677bd689c50ca9224b26258a812111,15,0.72,4,1539080634806,Entertainment,1.0368,0.505
YE6mnzRBXJNxTktuy,6c3a9ade796b3c38ccec2fb6006883065f677bd689c50ca9224b26258a812111,16,0.86,4,1539080634808,Entertainment,0.039200000000000006,0.475
Km7tNuSJidoRnCGX3,6c3a9ade796b3c38ccec2fb6006883065f677bd689c50ca9224b26258a812111,17,0.25,4,1539080634809,Entertainment,0.125,0.37
daK59NT423tNB47vc,6c3a9ade796b3c38ccec2fb6006883065f677bd689c50ca9224b26258a812111,18,0.61,4,1539080634810,Entertainment,0.7442,0.505
KT3ZP5Qv4NbqiM3hW,2055bc2462800945a5048dc82f01aff287b7414ec9bbb0a14fb232b4f2f2d18a,1,0.31,4,1539083442475,Sports,0.9521999999999998,0.65
gdd8NW7F6tGbcCF7b,2055bc2462800945a5048dc82f01aff287b7414ec9bbb0a14fb232b4f2f2d18a,2,0.57,4,1539083442475,Sports,0.6497999999999999,0.61
2P4A37B88FKftSroK,2055bc2462800945a5048dc82f01aff287b7414ec9bbb0a14fb232b4f2f2d18a,3,0.43,4,1539083442476,Sports,0.36979999999999996,0.51
JQTxmWfKdxQcrcNq9,2055bc2462800945a5048dc82f01aff287b7414ec9bbb0a14fb232b4f2f2d18a,4,0.57,4,1539083442476,Sports,0.3698000000000001,0.64
iNE7n5WZcN7nvzeQ3,2055bc2462800945a5048dc82f01aff287b7414ec9bbb0a14fb232b4f2f2d18a,5,0.21,4,1539083442476,Sports,0.08819999999999999,0.45
HE98FeuMJJ9KPLLZ3,2055bc2462800945a5048dc82f01aff287b7414ec9bbb0a14fb232b4f2f2d18a,6,0.38,4,1539083442476,Sports,0.2888,0.64
gTckT3uTvmxKBHNp8,2055bc2462800945a5048dc82f01aff287b7414ec9bbb0a14fb232b4f2f2d18a,7,0.67,4,1539083579235,Politics,0.8978000000000002,0.565
DYueFvsogtBQy7n6J,2055bc2462800945a5048dc82f01aff287b7414ec9bbb0a14fb232b4f2f2d18a,8,0.55,4,1539083579236,Politics,0.4049999999999999,0.585
Dp8WgXu7gEgik5xLR,2055bc2462800945a5048dc82f01aff287b7414ec9bbb0a14fb232b4f2f2d18a,9,0.41,4,1539083579236,Politics,0.33619999999999994,0.545
ZvunsAtXszStGxz9y,2055bc2462800945a5048dc82f01aff287b7414ec9bbb0a14fb232b4f2f2d18a,10,0.14,4,1539083579236,Politics,0.039200000000000006,0.45
qSBP2DFQsfj37wrMg,2055bc2462800945a5048dc82f01aff287b7414ec9bbb0a14fb232b4f2f2d18a,11,0.26,4,1539083579236,Politics,0.13520000000000001,0.5
wBYFzGLzjfSzfzbWD,2055bc2462800945a5048dc82f01aff287b7414ec9bbb0a14fb232b4f2f2d18a,12,0.1,4,1539083579237,Politics,0.020000000000000004,0.445
SGePbZ5J9GfvojixS,2055bc2462800945a5048dc82f01aff287b7414ec9bbb0a14fb232b4f2f2d18a,13,0.78,4,1539083667171,Entertainment,1.2168,0.57
6Ca2zFMMctuje9mXw,2055bc2462800945a5048dc82f01aff287b7414ec9bbb0a14fb232b4f2f2d18a,14,0.63,4,1539083667171,Entertainment,0.2738,0.565
tqqb2Z2dsLEj8Mzyp,2055bc2462800945a5048dc82f01aff287b7414ec9bbb0a14fb232b4f2f2d18a,15,0.3,4,1539083667171,Entertainment,0.18,0.62
xXAsagd289nLJPzLN,2055bc2462800945a5048dc82f01aff287b7414ec9bbb0a14fb232b4f2f2d18a,16,0.25,4,1539083667172,Entertainment,1.125,0.42
jZa66DWQW7Sd9SM4c,2055bc2462800945a5048dc82f01aff287b7414ec9bbb0a14fb232b4f2f2d18a,17,0.42,4,1539083667172,Entertainment,0.35279999999999995,0.57
n84mYCyntgj5KDL7C,2055bc2462800945a5048dc82f01aff287b7414ec9bbb0a14fb232b4f2f2d18a,18,0.15,4,1539083667172,Entertainment,0.045,0.375
HxMssTj4tQEKmGmXi,a32a1e631eecdb18ff6bc647c0b7324b67d136c3b3cddfdb8f9d344546e21d84,1,0.25,4,1539084063682,Sports,1.125,0.4
u2CzmKtYLKwy5qukE,a32a1e631eecdb18ff6bc647c0b7324b67d136c3b3cddfdb8f9d344546e21d84,2,0.75,4,1539084063683,Sports,1.125,0.605
JeFGhQMS7THCx5DQk,a32a1e631eecdb18ff6bc647c0b7324b67d136c3b3cddfdb8f9d344546e21d84,3,0.15,4,1539084063683,Sports,0.045,0.38
ZqfEtMbg8yGFLFFQ6,a32a1e631eecdb18ff6bc647c0b7324b67d136c3b3cddfdb8f9d344546e21d84,4,0.5,4,1539084063683,Sports,0.5,0.68
vn5BpzHT29CXooPxa,a32a1e631eecdb18ff6bc647c0b7324b67d136c3b3cddfdb8f9d344546e21d84,5,0.2,4,1539084063684,Sports,0.08000000000000002,0.47
SGYDrARZxinNia3W8,a32a1e631eecdb18ff6bc647c0b7324b67d136c3b3cddfdb8f9d344546e21d84,6,0.1,4,1539084063685,Sports,0.020000000000000004,0.345
iSYKWS9ozaCoeBBeW,a32a1e631eecdb18ff6bc647c0b7324b67d136c3b3cddfdb8f9d344546e21d84,7,0.6,4,1539084293685,Politics,0.72,0.66
piz5RrNpwtJRjTH9G,a32a1e631eecdb18ff6bc647c0b7324b67d136c3b3cddfdb8f9d344546e21d84,8,0.4,4,1539084293686,Politics,0.72,0.625
dKDHA34b6gPwh6gLj,a32a1e631eecdb18ff6bc647c0b7324b67d136c3b3cddfdb8f9d344546e21d84,9,0.25,4,1539084293687,Politics,0.125,0.4
2betA2p4h9uAE2jXx,a32a1e631eecdb18ff6bc647c0b7324b67d136c3b3cddfdb8f9d344546e21d84,10,0.5,4,1539084293687,Politics,0.5,0.445
NW64p9KK5Qr83rwGB,a32a1e631eecdb18ff6bc647c0b7324b67d136c3b3cddfdb8f9d344546e21d84,11,0.6,4,1539084293688,Politics,0.72,0.37
jKjjqkfiJMAXhm689,a32a1e631eecdb18ff6bc647c0b7324b67d136c3b3cddfdb8f9d344546e21d84,12,0.5,4,1539084293688,Politics,0.5,0.495
BoXXg67eqmDNti2Gm,a32a1e631eecdb18ff6bc647c0b7324b67d136c3b3cddfdb8f9d344546e21d84,13,0.5,4,1539085528955,Entertainment,0.5,0.645
ntd8SwvJzKTMqG85k,a32a1e631eecdb18ff6bc647c0b7324b67d136c3b3cddfdb8f9d344546e21d84,14,0.75,4,1539085528956,Entertainment,0.125,0.6
N649BjiqGSis6pxfz,a32a1e631eecdb18ff6bc647c0b7324b67d136c3b3cddfdb8f9d344546e21d84,15,0.75,4,1539085528956,Entertainment,1.125,0.515
5Z3k6cLcns7ceT3RA,a32a1e631eecdb18ff6bc647c0b7324b67d136c3b3cddfdb8f9d344546e21d84,16,0.65,4,1539085528958,Entertainment,0.24499999999999997,0.525
JLwpdijnPN7fuqteR,a32a1e631eecdb18ff6bc647c0b7324b67d136c3b3cddfdb8f9d344546e21d84,17,0.5,4,1539085528958,Entertainment,0.5,0.59
MrsYvgWa4nwugtH9a,a32a1e631eecdb18ff6bc647c0b7324b67d136c3b3cddfdb8f9d344546e21d84,18,0.1,4,1539085528959,Entertainment,0.020000000000000004,0.405
BR2EJZzaCM7mvfLsB,41a54a6dd611586a0175f1b0999ffd51402ede9a7b13c3e57f81f77397b15c7b,1,0.35,4,1539086073014,Sports,0.8450000000000001,0.69
AKn5wkjDtNhyx4No5,41a54a6dd611586a0175f1b0999ffd51402ede9a7b13c3e57f81f77397b15c7b,2,0.61,4,1539086073015,Sports,0.7442,0.61
CzLEB95dwtRPCqNzh,41a54a6dd611586a0175f1b0999ffd51402ede9a7b13c3e57f81f77397b15c7b,3,0.48,4,1539086073015,Sports,0.4608,0.53
Ekb9piuCgrCuPj94E,41a54a6dd611586a0175f1b0999ffd51402ede9a7b13c3e57f81f77397b15c7b,4,0.6,4,1539086073015,Sports,0.32000000000000006,0.65
KyKcjwykpfDtCw5uu,41a54a6dd611586a0175f1b0999ffd51402ede9a7b13c3e57f81f77397b15c7b,5,0.12,4,1539086073015,Sports,0.0288,0.38
fWZaiaayLyK5uX6wc,41a54a6dd611586a0175f1b0999ffd51402ede9a7b13c3e57f81f77397b15c7b,6,0.06,4,1539086073016,Sports,0.0072,0.225
soBEADa5Q5pY85iLG,41a54a6dd611586a0175f1b0999ffd51402ede9a7b13c3e57f81f77397b15c7b,7,0.78,4,1539086178524,Politics,1.2168,0.685
xAha63C2sBJH5Dcoo,41a54a6dd611586a0175f1b0999ffd51402ede9a7b13c3e57f81f77397b15c7b,8,0.6,4,1539086178524,Politics,0.32000000000000006,0.605
kJdzbAJLzitNKwYKJ,41a54a6dd611586a0175f1b0999ffd51402ede9a7b13c3e57f81f77397b15c7b,9,0.64,4,1539086178524,Politics,0.8192,0.565
LaCPToJYyZoipwRu5,41a54a6dd611586a0175f1b0999ffd51402ede9a7b13c3e57f81f77397b15c7b,10,0.19,4,1539086178525,Politics,0.0722,0.49
QJkMMzvxhjmfSbLh8,41a54a6dd611586a0175f1b0999ffd51402ede9a7b13c3e57f81f77397b15c7b,11,0.14,4,1539086178525,Politics,0.039200000000000006,0.545
ovF4PA6KgFLmSLdRH,41a54a6dd611586a0175f1b0999ffd51402ede9a7b13c3e57f81f77397b15c7b,12,0.12,4,1539086178526,Politics,0.0288,0.485
uEpDeDpiZXGyRSK3A,41a54a6dd611586a0175f1b0999ffd51402ede9a7b13c3e57f81f77397b15c7b,13,0.75,4,1539086239925,Entertainment,1.125,0.55
Yow8989oCZDQEJDJ6,41a54a6dd611586a0175f1b0999ffd51402ede9a7b13c3e57f81f77397b15c7b,14,0.89,4,1539086239926,Entertainment,0.024199999999999996,0.595
BWzGP9KPsrknYdzPu,41a54a6dd611586a0175f1b0999ffd51402ede9a7b13c3e57f81f77397b15c7b,15,0.41,4,1539086239926,Entertainment,0.33619999999999994,0.63
aAikNu5hQmCFkPj4k,41a54a6dd611586a0175f1b0999ffd51402ede9a7b13c3e57f81f77397b15c7b,16,0.16,4,1539086239926,Entertainment,1.4111999999999998,0.48
3SC46dEdvKmD7mmta,41a54a6dd611586a0175f1b0999ffd51402ede9a7b13c3e57f81f77397b15c7b,17,0.21,4,1539086239926,Entertainment,0.08819999999999999,0.48
YcPCrihxASzYB7MMw,41a54a6dd611586a0175f1b0999ffd51402ede9a7b13c3e57f81f77397b15c7b,18,0.33,4,1539086239926,Entertainment,0.21780000000000002,0.655
bYTNg3nNSC7dmHvMZ,8b7fa09e1847026af577b579bdfcc2a6e363bd066f515a22ea062567df818590,1,0.55,4,1539087676691,Sports,0.4049999999999999,0.6
pRPGinGDkNsSxZKQg,8b7fa09e1847026af577b579bdfcc2a6e363bd066f515a22ea062567df818590,2,0.16,4,1539087676696,Sports,0.0512,0.3
Z9r6NvMnJhZjCf47n,8b7fa09e1847026af577b579bdfcc2a6e363bd066f515a22ea062567df818590,3,0.11,4,1539087676697,Sports,0.0242,0.42
j2ss6gEpRdtMgwgKF,8b7fa09e1847026af577b579bdfcc2a6e363bd066f515a22ea062567df818590,4,0.76,4,1539087676699,Sports,0.1152,0.63
Q6vS6mHkvay9kKFGu,8b7fa09e1847026af577b579bdfcc2a6e363bd066f515a22ea062567df818590,5,0.64,4,1539087676699,Sports,0.8192,0.525
SzHefGFH25t8vi5EH,8b7fa09e1847026af577b579bdfcc2a6e363bd066f515a22ea062567df818590,6,0.54,4,1539087676703,Sports,0.5832,0.57
txjjMixF4vXFMo3bF,8b7fa09e1847026af577b579bdfcc2a6e363bd066f515a22ea062567df818590,7,0.63,4,1539087771930,Politics,0.7938000000000001,0.645
YGG5wYRpHSdei7QAh,8b7fa09e1847026af577b579bdfcc2a6e363bd066f515a22ea062567df818590,8,0.33,4,1539087771931,Politics,0.8977999999999998,0.665
sHJC7w9dbffZmAT9y,8b7fa09e1847026af577b579bdfcc2a6e363bd066f515a22ea062567df818590,9,0.31,4,1539087771935,Politics,0.1922,0.67
absDyXQJ5ihxXJnKB,8b7fa09e1847026af577b579bdfcc2a6e363bd066f515a22ea062567df818590,10,0.23,4,1539087771937,Politics,0.1058,0.4
cedE3EQ7n43wqJ4ry,8b7fa09e1847026af577b579bdfcc2a6e363bd066f515a22ea062567df818590,11,0.25,4,1539087771938,Politics,0.125,0.49
v7557SgTvRtDGz3v2,8b7fa09e1847026af577b579bdfcc2a6e363bd066f515a22ea062567df818590,12,0.25,4,1539087771941,Politics,0.125,0.395
c9ougXoi6PXGk9t3L,8b7fa09e1847026af577b579bdfcc2a6e363bd066f515a22ea062567df818590,13,0.18,4,1539087813805,Entertainment,0.0648,0.31
527YBhH2y6KxgJEn2,8b7fa09e1847026af577b579bdfcc2a6e363bd066f515a22ea062567df818590,14,0.19,4,1539087813808,Entertainment,1.3122000000000003,0.285
3cScS9v5F8xzevtCc,8b7fa09e1847026af577b579bdfcc2a6e363bd066f515a22ea062567df818590,15,0.22,4,1539087813810,Entertainment,0.0968,0.415
wNDEpGz4jbKer7Y2z,8b7fa09e1847026af577b579bdfcc2a6e363bd066f515a22ea062567df818590,16,0.51,4,1539087813813,Entertainment,0.48019999999999996,0.635
cJKyjPvaQujsvp3up,8b7fa09e1847026af577b579bdfcc2a6e363bd066f515a22ea062567df818590,17,0.45,4,1539087813815,Entertainment,0.405,0.555
CqSvCFcYxKCqSyECC,8b7fa09e1847026af577b579bdfcc2a6e363bd066f515a22ea062567df818590,18,0.3,4,1539087813816,Entertainment,0.18,0.61
BSX9hmDpLDmjFgqtL,4caab7bc5d7dff82e87d476b6bac4dfd481cc472f9bf40326f55301d72b9ce64,1,0.33,4,1539088117559,Sports,0.8977999999999998,0.73
pWiTbARFZXTThD2hP,4caab7bc5d7dff82e87d476b6bac4dfd481cc472f9bf40326f55301d72b9ce64,2,0.36,4,1539088117565,Sports,0.2592,0.705
TeohcAYZ7pBnJP6di,4caab7bc5d7dff82e87d476b6bac4dfd481cc472f9bf40326f55301d72b9ce64,3,0.29,4,1539088117567,Sports,0.1682,0.415
t9mXrEijuYXhYdLpE,4caab7bc5d7dff82e87d476b6bac4dfd481cc472f9bf40326f55301d72b9ce64,4,0.27,4,1539088117568,Sports,1.0657999999999999,0.375
ANbQZhwWpuQcXvvyn,4caab7bc5d7dff82e87d476b6bac4dfd481cc472f9bf40326f55301d72b9ce64,5,0.29,4,1539088117569,Sports,0.1682,0.545
MNrMjhEPoYYD6pdFL,4caab7bc5d7dff82e87d476b6bac4dfd481cc472f9bf40326f55301d72b9ce64,6,0.23,4,1539088117570,Sports,0.1058,0.51
zfyq7RrLJYwBv7ZC4,4caab7bc5d7dff82e87d476b6bac4dfd481cc472f9bf40326f55301d72b9ce64,7,0.54,4,1539088133606,Politics,0.5832,0.66
vczXWk6Tf7kw3QAoP,4caab7bc5d7dff82e87d476b6bac4dfd481cc472f9bf40326f55301d72b9ce64,8,0.31,4,1539088133610,Politics,0.9521999999999998,0.685
mhdQZhhkiiGboWGq3,4caab7bc5d7dff82e87d476b6bac4dfd481cc472f9bf40326f55301d72b9ce64,9,0.37,4,1539088133615,Politics,0.2738,0.675
EHsYTJsvMdsB3htx7,4caab7bc5d7dff82e87d476b6bac4dfd481cc472f9bf40326f55301d72b9ce64,10,0.31,4,1539088133617,Politics,0.1922,0.56
DZ7KdN9yxPv6836w4,4caab7bc5d7dff82e87d476b6bac4dfd481cc472f9bf40326f55301d72b9ce64,11,0.12,4,1539088133618,Politics,0.0288,0.485
m6DYyt4NXuCMjMsb5,4caab7bc5d7dff82e87d476b6bac4dfd481cc472f9bf40326f55301d72b9ce64,12,0.02,4,1539088133619,Politics,8e-4,0.365
ygNny2roQvxsk3aBX,4caab7bc5d7dff82e87d476b6bac4dfd481cc472f9bf40326f55301d72b9ce64,13,0.18,4,1539088150875,Entertainment,0.0648,0.355
rFJJmzhN8hGRTTtui,4caab7bc5d7dff82e87d476b6bac4dfd481cc472f9bf40326f55301d72b9ce64,14,0.12,4,1539088150878,Entertainment,1.5488,0.29
sSSamTCu3ZvpygzYe,4caab7bc5d7dff82e87d476b6bac4dfd481cc472f9bf40326f55301d72b9ce64,15,0.19,4,1539088150880,Entertainment,0.0722,0.44
GaqWYFWHQDDWNDD4W,4caab7bc5d7dff82e87d476b6bac4dfd481cc472f9bf40326f55301d72b9ce64,16,0.23,4,1539088150881,Entertainment,1.1858,0.5
dH36Ek6qb7rmsH6Ns,4caab7bc5d7dff82e87d476b6bac4dfd481cc472f9bf40326f55301d72b9ce64,17,0.15,4,1539088150883,Entertainment,0.045,0.405
69xPSqwairsTmZMKw,4caab7bc5d7dff82e87d476b6bac4dfd481cc472f9bf40326f55301d72b9ce64,18,0.25,4,1539088150884,Entertainment,0.125,0.505
qRnbYmxaswiie58n4,a51555c35aaeddcae3f751a27fda1e1ca01aceee499efa85ddddb34c87fc8c8e,1,0.72,4,1539088814404,Sports,0.15680000000000002,0.51
4KjHABhDo9i7k53Db,a51555c35aaeddcae3f751a27fda1e1ca01aceee499efa85ddddb34c87fc8c8e,2,0.67,4,1539088814405,Sports,0.8978000000000002,0.485
vExWwub4rL7QL5ghs,a51555c35aaeddcae3f751a27fda1e1ca01aceee499efa85ddddb34c87fc8c8e,3,0.41,4,1539088814405,Sports,0.33619999999999994,0.475
ZGc3qt3TXJxbqnvYM,a51555c35aaeddcae3f751a27fda1e1ca01aceee499efa85ddddb34c87fc8c8e,4,0.7,4,1539088814406,Sports,0.18000000000000005,0.54
9DQct5LGL7WeqQN4T,a51555c35aaeddcae3f751a27fda1e1ca01aceee499efa85ddddb34c87fc8c8e,5,0.58,4,1539088814406,Sports,0.6728,0.525
KuGWzbqMXcPzG36Ka,a51555c35aaeddcae3f751a27fda1e1ca01aceee499efa85ddddb34c87fc8c8e,6,0.74,4,1539088814406,Sports,1.0952,0.465
rdwjJpcqoAhEy9sqz,a51555c35aaeddcae3f751a27fda1e1ca01aceee499efa85ddddb34c87fc8c8e,7,0.62,4,1539088910850,Politics,0.7688,0.52
C8dPtZaHjtBLsAPvs,a51555c35aaeddcae3f751a27fda1e1ca01aceee499efa85ddddb34c87fc8c8e,8,0.65,4,1539088910851,Politics,0.24499999999999997,0.53
GG22MKsXdvoqPNXRc,a51555c35aaeddcae3f751a27fda1e1ca01aceee499efa85ddddb34c87fc8c8e,9,0.51,4,1539088910851,Politics,0.5202,0.565
eYhfaQRo49rWcZ5gm,a51555c35aaeddcae3f751a27fda1e1ca01aceee499efa85ddddb34c87fc8c8e,10,0.53,4,1539088910851,Politics,0.5618000000000001,0.38
wEo4LNeJ4LTX85aNd,a51555c35aaeddcae3f751a27fda1e1ca01aceee499efa85ddddb34c87fc8c8e,11,0.46,4,1539088910852,Politics,0.4232,0.47
LrJtzSH7N7ddy8aSJ,a51555c35aaeddcae3f751a27fda1e1ca01aceee499efa85ddddb34c87fc8c8e,12,0.51,4,1539088910852,Politics,0.5202,0.385
stKsWKg9pWmXApzJW,a51555c35aaeddcae3f751a27fda1e1ca01aceee499efa85ddddb34c87fc8c8e,13,0.58,4,1539088971952,Entertainment,0.6728,0.51
SgT82HZSq3K8xqEeh,a51555c35aaeddcae3f751a27fda1e1ca01aceee499efa85ddddb34c87fc8c8e,14,0.69,4,1539088971953,Entertainment,0.19220000000000007,0.575
dWmNBhJ2MwoHny3P3,a51555c35aaeddcae3f751a27fda1e1ca01aceee499efa85ddddb34c87fc8c8e,15,0.46,4,1539088971953,Entertainment,0.4232,0.53
YrwwMf9QnpXB8br47,a51555c35aaeddcae3f751a27fda1e1ca01aceee499efa85ddddb34c87fc8c8e,16,0.56,4,1539088971954,Entertainment,0.38719999999999993,0.565
xAZa38izvKauQd3oS,a51555c35aaeddcae3f751a27fda1e1ca01aceee499efa85ddddb34c87fc8c8e,17,0.5,4,1539088971955,Entertainment,0.5,0.485
4qu8dFm6S2AnaiCu6,a51555c35aaeddcae3f751a27fda1e1ca01aceee499efa85ddddb34c87fc8c8e,18,0.45,4,1539088971955,Entertainment,0.405,0.55
dPgpMKd52qYkumfR5,5c5e35999c6195effe26a1f473f85e2bde218d6e7d78209a7cf5d8532e621d4b,1,0.65,4,1539089751375,Sports,0.24499999999999997,0.505
jiT4ZDyaG942Y5kC6,5c5e35999c6195effe26a1f473f85e2bde218d6e7d78209a7cf5d8532e621d4b,2,0.79,4,1539089751377,Sports,1.2482000000000002,0.55
J8WAhqPSTqKrAQSuY,5c5e35999c6195effe26a1f473f85e2bde218d6e7d78209a7cf5d8532e621d4b,3,0.45,4,1539089751378,Sports,0.405,0.515
MawoDfsaPCvXWr8jB,5c5e35999c6195effe26a1f473f85e2bde218d6e7d78209a7cf5d8532e621d4b,4,0.63,4,1539089751379,Sports,0.2738,0.57
MLPv9ZjjmuqbFBnSW,5c5e35999c6195effe26a1f473f85e2bde218d6e7d78209a7cf5d8532e621d4b,5,0.43,4,1539089751379,Sports,0.36979999999999996,0.505
rPoBCuRHzp7A5kHHP,5c5e35999c6195effe26a1f473f85e2bde218d6e7d78209a7cf5d8532e621d4b,6,0.66,4,1539089751379,Sports,0.8712000000000001,0.455
a6tbTZfaL5uNH2Tfd,5c5e35999c6195effe26a1f473f85e2bde218d6e7d78209a7cf5d8532e621d4b,7,0.67,4,1539089790895,Politics,0.8978000000000002,0.52
kTS96ZTFmY7RSnbse,5c5e35999c6195effe26a1f473f85e2bde218d6e7d78209a7cf5d8532e621d4b,8,0.7,4,1539089790897,Politics,0.18000000000000005,0.495
wt4nW5txvJ3m4PBYH,5c5e35999c6195effe26a1f473f85e2bde218d6e7d78209a7cf5d8532e621d4b,9,0.39,4,1539089790897,Politics,0.3042,0.595
QXkYWNiRxNMkvJr9W,5c5e35999c6195effe26a1f473f85e2bde218d6e7d78209a7cf5d8532e621d4b,10,0.39,4,1539089790898,Politics,0.3042,0.505
rhkbZvKBkNfic7WwJ,5c5e35999c6195effe26a1f473f85e2bde218d6e7d78209a7cf5d8532e621d4b,11,0.34,4,1539089790898,Politics,0.23120000000000004,0.52
3Tf86jTLiER92Mccw,5c5e35999c6195effe26a1f473f85e2bde218d6e7d78209a7cf5d8532e621d4b,12,0.33,4,1539089790899,Politics,0.21780000000000002,0.5
MMERGdJhzkBfnTgYX,5c5e35999c6195effe26a1f473f85e2bde218d6e7d78209a7cf5d8532e621d4b,13,0.22,4,1539089829752,Entertainment,0.0968,0.295
NSRmPkjhMgfJH82Yn,5c5e35999c6195effe26a1f473f85e2bde218d6e7d78209a7cf5d8532e621d4b,14,0.38,4,1539089829753,Entertainment,0.7688,0.61
3xzH5Nn8wokzYHYmn,5c5e35999c6195effe26a1f473f85e2bde218d6e7d78209a7cf5d8532e621d4b,15,0.25,4,1539089829754,Entertainment,0.125,0.31
EAeeWKdu3iRQc3a4n,5c5e35999c6195effe26a1f473f85e2bde218d6e7d78209a7cf5d8532e621d4b,16,0.36,4,1539089829755,Entertainment,0.8192,0.585
JRCyQjdA5gQommXFh,5c5e35999c6195effe26a1f473f85e2bde218d6e7d78209a7cf5d8532e621d4b,17,0.44,4,1539089829757,Entertainment,0.3872,0.57
DZnSWqe8F56tcWNgR,5c5e35999c6195effe26a1f473f85e2bde218d6e7d78209a7cf5d8532e621d4b,18,0.63,4,1539089829758,Entertainment,0.7938000000000001,0.485
7ekKPFf7mS5obmz8n,2729f603fab5e97ab2fcf7d7b43750835b91771252c70cb08245ee298868d58e,1,0.85,4,1539092071256,Sports,0.04500000000000001,0.61
XAXtqjEYkp93uHnYj,2729f603fab5e97ab2fcf7d7b43750835b91771252c70cb08245ee298868d58e,2,1,4,1539092071262,Sports,2,0.63
X2Cy7yZJxYxZ6tuHL,2729f603fab5e97ab2fcf7d7b43750835b91771252c70cb08245ee298868d58e,3,0.85,4,1539092071265,Sports,1.4449999999999998,0.505
TdcGghyCX5Nj9QCSG,2729f603fab5e97ab2fcf7d7b43750835b91771252c70cb08245ee298868d58e,4,1,4,1539092071267,Sports,0,0.665
JtQrdZS3F2xANkmju,2729f603fab5e97ab2fcf7d7b43750835b91771252c70cb08245ee298868d58e,5,0.75,4,1539092071269,Sports,1.125,0.515
LjanpaGQaYoM8krPJ,2729f603fab5e97ab2fcf7d7b43750835b91771252c70cb08245ee298868d58e,6,0.8,4,1539092071270,Sports,1.2800000000000002,0.62
ysf5Exg3MmyRvC4SY,2729f603fab5e97ab2fcf7d7b43750835b91771252c70cb08245ee298868d58e,7,0.85,4,1539092127265,Politics,1.4449999999999998,0.68
LukN4hPPQeYpvbCpC,2729f603fab5e97ab2fcf7d7b43750835b91771252c70cb08245ee298868d58e,8,1,4,1539092127270,Politics,0,0.595
WdJSdYCRLNYkgBjoX,2729f603fab5e97ab2fcf7d7b43750835b91771252c70cb08245ee298868d58e,9,0.95,4,1539092127272,Politics,1.805,0.595
wf2YdFX254RW4T2ch,2729f603fab5e97ab2fcf7d7b43750835b91771252c70cb08245ee298868d58e,10,0.8,4,1539092127273,Politics,1.2800000000000002,0.44
Rmxdv294BqaWxX7Xr,2729f603fab5e97ab2fcf7d7b43750835b91771252c70cb08245ee298868d58e,11,0.25,4,1539092127274,Politics,0.125,0.5
vy2SvZju4hePcqECJ,2729f603fab5e97ab2fcf7d7b43750835b91771252c70cb08245ee298868d58e,12,0,4,1539092127278,Politics,0,0.4
kgbPsirmb9bjHdJe5,2729f603fab5e97ab2fcf7d7b43750835b91771252c70cb08245ee298868d58e,13,0,4,1539092184416,Entertainment,0,0.255
AWKKLfbKuftxP9hhB,2729f603fab5e97ab2fcf7d7b43750835b91771252c70cb08245ee298868d58e,14,0.8,4,1539092184421,Entertainment,0.07999999999999996,0.585
HRBimqFbR4LaNPopG,2729f603fab5e97ab2fcf7d7b43750835b91771252c70cb08245ee298868d58e,15,1,4,1539092184425,Entertainment,2,0.555
kvRspGyquTFFDRtxW,2729f603fab5e97ab2fcf7d7b43750835b91771252c70cb08245ee298868d58e,16,0.8,4,1539092184427,Entertainment,0.07999999999999996,0.54
PnZKGhsSJ72WMiR9k,2729f603fab5e97ab2fcf7d7b43750835b91771252c70cb08245ee298868d58e,17,0,4,1539092184429,Entertainment,0,0.26
mJy3p5cTLEszHCnuG,2729f603fab5e97ab2fcf7d7b43750835b91771252c70cb08245ee298868d58e,18,0.9,4,1539092184431,Entertainment,1.62,0.545
7Sn7bPzgtp5xZ6BFA,098833d6e4aa13d006b7ef2aa27b5d3366dbe7059b501bcd8ae541d2c9626eff,1,0.11,4,1539095009032,Sports,1.5842,0.345
JL7gMiqR26ZzAK6Js,098833d6e4aa13d006b7ef2aa27b5d3366dbe7059b501bcd8ae541d2c9626eff,2,0.32,4,1539095009037,Sports,0.2048,0.645
pZdfhCNzaMcGKF2un,098833d6e4aa13d006b7ef2aa27b5d3366dbe7059b501bcd8ae541d2c9626eff,3,0.73,4,1539095009039,Sports,1.0657999999999999,0.415
shmH37mp3ite6xtLC,098833d6e4aa13d006b7ef2aa27b5d3366dbe7059b501bcd8ae541d2c9626eff,4,0.7,4,1539095009042,Sports,0.18000000000000005,0.595
3vDy9SnRnZ2NsQDXQ,098833d6e4aa13d006b7ef2aa27b5d3366dbe7059b501bcd8ae541d2c9626eff,5,0.72,4,1539095009043,Sports,1.0368,0.525
JPW9u3D5RXLFGDx42,098833d6e4aa13d006b7ef2aa27b5d3366dbe7059b501bcd8ae541d2c9626eff,6,0.32,4,1539095009043,Sports,0.2048,0.63
k5p6SDwdicZ3p3Nri,098833d6e4aa13d006b7ef2aa27b5d3366dbe7059b501bcd8ae541d2c9626eff,7,0.69,4,1539095041927,Politics,0.9521999999999998,0.62
QoZAynDY2bzntWaD7,098833d6e4aa13d006b7ef2aa27b5d3366dbe7059b501bcd8ae541d2c9626eff,8,0.69,4,1539095041929,Politics,0.19220000000000007,0.61
NHLezzE9r7RgLqNju,098833d6e4aa13d006b7ef2aa27b5d3366dbe7059b501bcd8ae541d2c9626eff,9,0.21,4,1539095041929,Politics,0.08819999999999999,0.425
e84kcWA73fvExxCj9,098833d6e4aa13d006b7ef2aa27b5d3366dbe7059b501bcd8ae541d2c9626eff,10,0.35,4,1539095041930,Politics,0.24499999999999997,0.565
gobaGhHd7LLBxCa83,098833d6e4aa13d006b7ef2aa27b5d3366dbe7059b501bcd8ae541d2c9626eff,11,0.23,4,1539095041932,Politics,0.1058,0.495
wCqzgmCDbdAHNrfEC,098833d6e4aa13d006b7ef2aa27b5d3366dbe7059b501bcd8ae541d2c9626eff,12,0.27,4,1539095041934,Politics,0.1458,0.34
MuhqQvNCifGKbcSSg,098833d6e4aa13d006b7ef2aa27b5d3366dbe7059b501bcd8ae541d2c9626eff,13,0.25,4,1539095070389,Entertainment,0.125,0.305
Tbnr5hKrinLgxJHws,098833d6e4aa13d006b7ef2aa27b5d3366dbe7059b501bcd8ae541d2c9626eff,14,0.75,4,1539095070391,Entertainment,0.125,0.575
uq75MZZeoDSXZCFn9,098833d6e4aa13d006b7ef2aa27b5d3366dbe7059b501bcd8ae541d2c9626eff,15,0.19,4,1539095070391,Entertainment,0.0722,0.36
srCdAg9xv7aQpFdGp,098833d6e4aa13d006b7ef2aa27b5d3366dbe7059b501bcd8ae541d2c9626eff,16,0.63,4,1539095070392,Entertainment,0.2738,0.51
YmA24s3hXiDGQE4Y9,098833d6e4aa13d006b7ef2aa27b5d3366dbe7059b501bcd8ae541d2c9626eff,17,0.42,4,1539095070393,Entertainment,0.35279999999999995,0.565
8dtNHQt2pGu2FXasE,098833d6e4aa13d006b7ef2aa27b5d3366dbe7059b501bcd8ae541d2c9626eff,18,0.3,4,1539095070393,Entertainment,0.18,0.65
pefTf4XN76Wbfv9e9,8362c256d5802d13ef14d83e09da048b93cc9b792c80e96d7395a622d0273b6b,1,0.32,4,1539095896552,Sports,0.9247999999999998,0.595
TmHko2YccdsAXEmLZ,8362c256d5802d13ef14d83e09da048b93cc9b792c80e96d7395a622d0273b6b,2,0.45,4,1539095896553,Sports,0.405,0.565
nZw4soiCrfxAW89mG,8362c256d5802d13ef14d83e09da048b93cc9b792c80e96d7395a622d0273b6b,3,0.85,4,1539095896554,Sports,1.4449999999999998,0.42
KnmWeu4zu2tRy5244,8362c256d5802d13ef14d83e09da048b93cc9b792c80e96d7395a622d0273b6b,4,0.6,4,1539095896554,Sports,0.32000000000000006,0.565
Ze33f54a9asJmLDZZ,8362c256d5802d13ef14d83e09da048b93cc9b792c80e96d7395a622d0273b6b,5,0.5,4,1539095896554,Sports,0.5,0.53
cDuJ8Khsuf5qSijR4,8362c256d5802d13ef14d83e09da048b93cc9b792c80e96d7395a622d0273b6b,6,0.35,4,1539095896555,Sports,0.24499999999999997,0.61
n28yke9LsR5HbTAh7,8362c256d5802d13ef14d83e09da048b93cc9b792c80e96d7395a622d0273b6b,7,0.9,4,1539095974752,Politics,1.62,0.565
BcoruB7M4dnCL3Y94,8362c256d5802d13ef14d83e09da048b93cc9b792c80e96d7395a622d0273b6b,8,0.75,4,1539095974753,Politics,0.125,0.5
EXBDYo2PWMxLkbWmG,8362c256d5802d13ef14d83e09da048b93cc9b792c80e96d7395a622d0273b6b,9,0.99,4,1539095974754,Politics,1.9602,0.46
2anKh4m9YgJGn7yBL,8362c256d5802d13ef14d83e09da048b93cc9b792c80e96d7395a622d0273b6b,10,0.9,4,1539095974754,Politics,1.62,0.285
69p7xWGfn7KzSbbZ8,8362c256d5802d13ef14d83e09da048b93cc9b792c80e96d7395a622d0273b6b,11,0.65,4,1539095974756,Politics,0.8450000000000001,0.41
dFmgyD66c8hmKD42b,8362c256d5802d13ef14d83e09da048b93cc9b792c80e96d7395a622d0273b6b,12,0.85,4,1539095974757,Politics,1.4449999999999998,0.335
Rbor5B2NPGHrrcHps,8362c256d5802d13ef14d83e09da048b93cc9b792c80e96d7395a622d0273b6b,13,0.9,4,1539095988496,Entertainment,1.62,0.505
raf6h3uymgRdbqMso,8362c256d5802d13ef14d83e09da048b93cc9b792c80e96d7395a622d0273b6b,14,0.9,4,1539095988496,Entertainment,0.01999999999999999,0.575
PMyka3LMEHaM47wmY,8362c256d5802d13ef14d83e09da048b93cc9b792c80e96d7395a622d0273b6b,15,0.75,4,1539095988497,Entertainment,1.125,0.495
6CJsfJ9ik5sMcLAxG,8362c256d5802d13ef14d83e09da048b93cc9b792c80e96d7395a622d0273b6b,16,0.35,4,1539095988498,Entertainment,0.8450000000000001,0.575
EEfNyKx2joKqASii9,8362c256d5802d13ef14d83e09da048b93cc9b792c80e96d7395a622d0273b6b,17,0.85,4,1539095988498,Entertainment,1.4449999999999998,0.455
8TspmWWzKwFL5jgTS,8362c256d5802d13ef14d83e09da048b93cc9b792c80e96d7395a622d0273b6b,18,0.75,4,1539095988498,Entertainment,1.125,0.46
7f7Wi75anEWPGTdPD,72c200dff0df6ecb28092305be24b34eb76cebce55a614163f1ef716f13ac85c,1,0.22,4,1539096156745,Sports,1.2168,0.49
Ee69P9w9HCq3idQmX,72c200dff0df6ecb28092305be24b34eb76cebce55a614163f1ef716f13ac85c,2,0.27,4,1539096156746,Sports,0.1458,0.49
zHCC8eFPyP2bqR7Ga,72c200dff0df6ecb28092305be24b34eb76cebce55a614163f1ef716f13ac85c,3,0.16,4,1539096156747,Sports,0.0512,0.535
LzMh9tptqYaeQR8YM,72c200dff0df6ecb28092305be24b34eb76cebce55a614163f1ef716f13ac85c,4,0.18,4,1539096156747,Sports,1.3448000000000002,0.3
kRpeCGorqsNcwki3A,72c200dff0df6ecb28092305be24b34eb76cebce55a614163f1ef716f13ac85c,5,0.24,4,1539096156747,Sports,0.1152,0.565
CLx2zaeFW4e2G47Rm,72c200dff0df6ecb28092305be24b34eb76cebce55a614163f1ef716f13ac85c,6,0.33,4,1539096156748,Sports,0.21780000000000002,0.725
BFJGmosnEHLoa5Xkx,72c200dff0df6ecb28092305be24b34eb76cebce55a614163f1ef716f13ac85c,7,0.25,4,1539096170682,Politics,0.125,0.435
7cRnWgGwy3DEWazJk,72c200dff0df6ecb28092305be24b34eb76cebce55a614163f1ef716f13ac85c,8,0.26,4,1539096170682,Politics,1.0952,0.535
Z5p6Dx9nRBxm8cvTm,72c200dff0df6ecb28092305be24b34eb76cebce55a614163f1ef716f13ac85c,9,0.27,4,1539096170682,Politics,0.1458,0.48
mtT5WQGCHNuFXRb6A,72c200dff0df6ecb28092305be24b34eb76cebce55a614163f1ef716f13ac85c,10,0.16,4,1539096170682,Politics,0.0512,0.615
m6CxjaQ9XBvr74QDd,72c200dff0df6ecb28092305be24b34eb76cebce55a614163f1ef716f13ac85c,11,0.17,4,1539096170682,Politics,0.05780000000000001,0.58
5CtLAFaS8kP4GvqWF,72c200dff0df6ecb28092305be24b34eb76cebce55a614163f1ef716f13ac85c,12,0.14,4,1539096170682,Politics,0.039200000000000006,0.56
CLPJ8aRdAPNM8Y79f,72c200dff0df6ecb28092305be24b34eb76cebce55a614163f1ef716f13ac85c,13,0.25,4,1539096188376,Entertainment,0.125,0.485
iy4CAEyMvLYBFxpJL,72c200dff0df6ecb28092305be24b34eb76cebce55a614163f1ef716f13ac85c,14,0.18,4,1539096188376,Entertainment,1.3448000000000002,0.415
oJhjzrcDCq49AANYo,72c200dff0df6ecb28092305be24b34eb76cebce55a614163f1ef716f13ac85c,15,0.16,4,1539096188376,Entertainment,0.0512,0.49
W8uKhzkTALCGxnRLE,72c200dff0df6ecb28092305be24b34eb76cebce55a614163f1ef716f13ac85c,16,0.2,4,1539096188376,Entertainment,1.2800000000000002,0.57
kQj3koowSPyHNAcN6,72c200dff0df6ecb28092305be24b34eb76cebce55a614163f1ef716f13ac85c,17,0.2,4,1539096188377,Entertainment,0.08000000000000002,0.485
NKmQ6KsLiyKFoyBDZ,72c200dff0df6ecb28092305be24b34eb76cebce55a614163f1ef716f13ac85c,18,0.18,4,1539096188377,Entertainment,0.0648,0.575
5i4CcaxfYFYkNT4b5,d5d311e656bd7421412c5a7d488ff10e53d214b938120069194731fba9ce939e,1,0.8,4,1539096306203,Sports,0.07999999999999996,0.69
2oktLazaZjsZYvD69,d5d311e656bd7421412c5a7d488ff10e53d214b938120069194731fba9ce939e,2,0.9,4,1539096306203,Sports,1.62,0.685
hLaoYCy9jHxYf2qW6,d5d311e656bd7421412c5a7d488ff10e53d214b938120069194731fba9ce939e,3,0.1,4,1539096306204,Sports,0.020000000000000004,0.44
mf8kmMyYu8ae6HaFG,d5d311e656bd7421412c5a7d488ff10e53d214b938120069194731fba9ce939e,4,0.7,4,1539096306204,Sports,0.18000000000000005,0.69
PFGhgtAuam8moyvt3,d5d311e656bd7421412c5a7d488ff10e53d214b938120069194731fba9ce939e,5,0.1,4,1539096306205,Sports,0.020000000000000004,0.435
7ADacJ37NYqa2nYvd,d5d311e656bd7421412c5a7d488ff10e53d214b938120069194731fba9ce939e,6,0.8,4,1539096306205,Sports,1.2800000000000002,0.56
ycbarCy3BTWpuEwJh,d5d311e656bd7421412c5a7d488ff10e53d214b938120069194731fba9ce939e,7,0.9,4,1539096323382,Politics,1.62,0.69
3eCeoru9xay2kZ5p9,d5d311e656bd7421412c5a7d488ff10e53d214b938120069194731fba9ce939e,8,0.3,4,1539096323383,Politics,0.9799999999999999,0.705
LMmt5SKkgzNa8M6B4,d5d311e656bd7421412c5a7d488ff10e53d214b938120069194731fba9ce939e,9,0.75,4,1539096323384,Politics,1.125,0.59
dYjeaaEJErzRwjEZC,d5d311e656bd7421412c5a7d488ff10e53d214b938120069194731fba9ce939e,10,0.2,4,1539096323384,Politics,0.08000000000000002,0.515
HgR4eLEnhRypZpGiG,d5d311e656bd7421412c5a7d488ff10e53d214b938120069194731fba9ce939e,11,0.85,4,1539096323384,Politics,1.4449999999999998,0.5
G8JxGPWy7jWYAxD2W,d5d311e656bd7421412c5a7d488ff10e53d214b938120069194731fba9ce939e,12,0.05,4,1539096323385,Politics,0.005000000000000001,0.49
brJzmNbXsgtWXNCFj,d5d311e656bd7421412c5a7d488ff10e53d214b938120069194731fba9ce939e,13,0,4,1539096357632,Entertainment,0,0.22
fvzsLoFqDCZcKfATH,d5d311e656bd7421412c5a7d488ff10e53d214b938120069194731fba9ce939e,14,0.95,4,1539096357633,Entertainment,0.005000000000000009,0.65
s5PMW2t9vYfPGFCKY,d5d311e656bd7421412c5a7d488ff10e53d214b938120069194731fba9ce939e,15,0.11,4,1539096357634,Entertainment,0.0242,0.425
ZrjBGftFphGyLeeau,d5d311e656bd7421412c5a7d488ff10e53d214b938120069194731fba9ce939e,16,1,4,1539096357634,Entertainment,0,0.645
wuxJuueNDBXPGzS6z,d5d311e656bd7421412c5a7d488ff10e53d214b938120069194731fba9ce939e,17,0,4,1539096357634,Entertainment,0,0.275
LdGX8gz7CT444xvMm,d5d311e656bd7421412c5a7d488ff10e53d214b938120069194731fba9ce939e,18,0.1,4,1539096357634,Entertainment,0.020000000000000004,0.455
T5zJSzbJrxjBATxZX,2d33037f9cab9bbb615cbfb481abe8986cd165cd6a18f6174f79121a90190389,1,0.15,4,1539097891200,Sports,1.4449999999999998,0.29
Mhqm9CRrihFwCY5hf,2d33037f9cab9bbb615cbfb481abe8986cd165cd6a18f6174f79121a90190389,2,0.85,4,1539097891202,Sports,1.4449999999999998,0.58
mgdpz4CipfjenZ4fu,2d33037f9cab9bbb615cbfb481abe8986cd165cd6a18f6174f79121a90190389,3,0.9,4,1539097891204,Sports,1.62,0.435
uRYNbLr8XmDr2PERg,2d33037f9cab9bbb615cbfb481abe8986cd165cd6a18f6174f79121a90190389,4,0.25,4,1539097891205,Sports,1.125,0.305
2p47jLKoDEY5M68TS,2d33037f9cab9bbb615cbfb481abe8986cd165cd6a18f6174f79121a90190389,5,0.5,4,1539097891206,Sports,0.5,0.58
3BS7Yt6te4Bdycac5,2d33037f9cab9bbb615cbfb481abe8986cd165cd6a18f6174f79121a90190389,6,0.5,4,1539097891208,Sports,0.5,0.565
EsryAwqbsfwtfWmHH,2d33037f9cab9bbb615cbfb481abe8986cd165cd6a18f6174f79121a90190389,7,0.9,4,1539097980022,Politics,1.62,0.56
AE88YzupRZfbje7k8,2d33037f9cab9bbb615cbfb481abe8986cd165cd6a18f6174f79121a90190389,8,0.85,4,1539097980023,Politics,0.04500000000000001,0.545
JQDiP5DMEikqy28bG,2d33037f9cab9bbb615cbfb481abe8986cd165cd6a18f6174f79121a90190389,9,0.5,4,1539097980025,Politics,0.5,0.595
E6D9YTrXrqz44yLkC,2d33037f9cab9bbb615cbfb481abe8986cd165cd6a18f6174f79121a90190389,10,0.15,4,1539097980026,Politics,0.045,0.465
rw4buqjBr49aJE7zf,2d33037f9cab9bbb615cbfb481abe8986cd165cd6a18f6174f79121a90190389,11,0.5,4,1539097980028,Politics,0.5,0.525
4WmejqKMJtCrKdCJo,2d33037f9cab9bbb615cbfb481abe8986cd165cd6a18f6174f79121a90190389,12,0.15,4,1539097980029,Politics,0.045,0.5
7niTnvJjodcAjKyJR,2d33037f9cab9bbb615cbfb481abe8986cd165cd6a18f6174f79121a90190389,13,0.75,4,1539098125804,Entertainment,1.125,0.525
zs7fMB5eJ8t5AWCMp,2d33037f9cab9bbb615cbfb481abe8986cd165cd6a18f6174f79121a90190389,14,1,4,1539098125805,Entertainment,0,0.61
7CPBc3JvyF5H4TFFb,2d33037f9cab9bbb615cbfb481abe8986cd165cd6a18f6174f79121a90190389,15,0.5,4,1539098125807,Entertainment,0.5,0.575
6CkKM3nyqf5fet47N,2d33037f9cab9bbb615cbfb481abe8986cd165cd6a18f6174f79121a90190389,16,0.85,4,1539098125808,Entertainment,0.04500000000000001,0.515
KJFE8xamx7a4xK9iX,2d33037f9cab9bbb615cbfb481abe8986cd165cd6a18f6174f79121a90190389,17,0.75,4,1539098125810,Entertainment,1.125,0.565
YMLjHzeHoL8JQ9RdG,2d33037f9cab9bbb615cbfb481abe8986cd165cd6a18f6174f79121a90190389,18,0.15,4,1539098125812,Entertainment,0.045,0.385
kPCqSCvzi5MEY55xr,d68aa5815e3ab29001b514dee24591d0a3cc488b2ff9567edfda49373a91f264,1,0.19,4,1539101164825,Sports,1.3122000000000003,0.33
yghq4NLvMnH38vRhg,d68aa5815e3ab29001b514dee24591d0a3cc488b2ff9567edfda49373a91f264,2,0.9,4,1539101164827,Sports,1.62,0.69
WMMPWN76wwbWyHLNA,d68aa5815e3ab29001b514dee24591d0a3cc488b2ff9567edfda49373a91f264,3,0.37,4,1539101164830,Sports,0.2738,0.595
kiat6vaoXRH4erXZe,d68aa5815e3ab29001b514dee24591d0a3cc488b2ff9567edfda49373a91f264,4,0.46,4,1539101164831,Sports,0.5832,0.74
L78u6StKn7nM8bF96,d68aa5815e3ab29001b514dee24591d0a3cc488b2ff9567edfda49373a91f264,5,0.09,4,1539101164833,Sports,0.0162,0.3
WTgTzG8omB5BhFWcM,d68aa5815e3ab29001b514dee24591d0a3cc488b2ff9567edfda49373a91f264,6,0.11,4,1539101164834,Sports,0.0242,0.415
mJRfWvCdLr25WNbq6,d68aa5815e3ab29001b514dee24591d0a3cc488b2ff9567edfda49373a91f264,7,0.98,4,1539101290012,Politics,1.9207999999999998,0.65
bGHguSSNnSYAnZuoh,d68aa5815e3ab29001b514dee24591d0a3cc488b2ff9567edfda49373a91f264,8,0.8,4,1539101290015,Politics,0.07999999999999996,0.66
tRnBc9jn6kz83GWQL,d68aa5815e3ab29001b514dee24591d0a3cc488b2ff9567edfda49373a91f264,9,0.02,4,1539101290018,Politics,8e-4,0.305
rK6ymQqMhyQFJxLTc,d68aa5815e3ab29001b514dee24591d0a3cc488b2ff9567edfda49373a91f264,10,0.05,4,1539101290020,Politics,0.005000000000000001,0.42
RCGZDuAs5sf2m6b9T,d68aa5815e3ab29001b514dee24591d0a3cc488b2ff9567edfda49373a91f264,11,0.86,4,1539101290022,Politics,1.4791999999999998,0.515
zzCkxApjR3fE72G4B,d68aa5815e3ab29001b514dee24591d0a3cc488b2ff9567edfda49373a91f264,12,0.03,4,1539101290023,Politics,0.0018,0.445
CbfFTqTFgebMXeNGc,d68aa5815e3ab29001b514dee24591d0a3cc488b2ff9567edfda49373a91f264,13,0.67,4,1539101317998,Entertainment,0.8978000000000002,0.605
KvbKQQ5bD4xxZWKcY,d68aa5815e3ab29001b514dee24591d0a3cc488b2ff9567edfda49373a91f264,14,0.991,4,1539101317999,Entertainment,1.6200000000000028e-4,0.63
HfSFWJ6XEAcxyzm8i,d68aa5815e3ab29001b514dee24591d0a3cc488b2ff9567edfda49373a91f264,15,0.61,4,1539101318001,Entertainment,0.7442,0.595
odkPq5xwkSwHQzv6C,d68aa5815e3ab29001b514dee24591d0a3cc488b2ff9567edfda49373a91f264,16,0.48,4,1539101318002,Entertainment,0.5408000000000001,0.605
fNHvi8YHogjisBExL,d68aa5815e3ab29001b514dee24591d0a3cc488b2ff9567edfda49373a91f264,17,0.01,4,1539101318003,Entertainment,2e-4,0.355
wkyTWXb6qYQ2wBGCm,d68aa5815e3ab29001b514dee24591d0a3cc488b2ff9567edfda49373a91f264,18,0.79,4,1539101318006,Entertainment,1.2482000000000002,0.58
uT4esQLtmMk3e569M,98f5ce865d7bea77d4f74febdede475a1a903ce85f140841a2af99beab837c99,1,0.77,4,1539102329620,Sports,0.10579999999999998,0.63
FgC4fZZZ8dndHy5PK,98f5ce865d7bea77d4f74febdede475a1a903ce85f140841a2af99beab837c99,2,0.24,4,1539102329633,Sports,0.1152,0.425
2c69B2dj6aoaKXmck,98f5ce865d7bea77d4f74febdede475a1a903ce85f140841a2af99beab837c99,3,0.25,4,1539102329635,Sports,0.125,0.375
SW7rtGwqb9xxf4NeX,98f5ce865d7bea77d4f74febdede475a1a903ce85f140841a2af99beab837c99,4,0.25,4,1539102329636,Sports,1.125,0.35
g9vHzor5yaKcREmBS,98f5ce865d7bea77d4f74febdede475a1a903ce85f140841a2af99beab837c99,5,0.75,4,1539102329638,Sports,1.125,0.485
akFxrnonwAeJwXkic,98f5ce865d7bea77d4f74febdede475a1a903ce85f140841a2af99beab837c99,6,0.62,4,1539102329639,Sports,0.7688,0.58
H8RY9gqy8S35dwuQM,98f5ce865d7bea77d4f74febdede475a1a903ce85f140841a2af99beab837c99,7,0.77,4,1539102348098,Politics,1.1858,0.635
ekJYPbirw8bWr48uB,98f5ce865d7bea77d4f74febdede475a1a903ce85f140841a2af99beab837c99,8,0.74,4,1539102348102,Politics,0.13520000000000001,0.615
DLQEmgiEzxMP9DEyR,98f5ce865d7bea77d4f74febdede475a1a903ce85f140841a2af99beab837c99,9,0.81,4,1539102348104,Politics,1.3122000000000003,0.465
ZYTEJ8AThyBK4WXQD,98f5ce865d7bea77d4f74febdede475a1a903ce85f140841a2af99beab837c99,10,0.85,4,1539102348106,Politics,1.4449999999999998,0.405
PGrDHM2yuj8YqzREh,98f5ce865d7bea77d4f74febdede475a1a903ce85f140841a2af99beab837c99,11,0.19,4,1539102348107,Politics,0.0722,0.445
Te2pXWXB3Ju5ZEWzj,98f5ce865d7bea77d4f74febdede475a1a903ce85f140841a2af99beab837c99,12,0.91,4,1539102348108,Politics,1.6562000000000001,0.47
WZFq7SpD68zaanu2T,98f5ce865d7bea77d4f74febdede475a1a903ce85f140841a2af99beab837c99,13,0.81,4,1539102373160,Entertainment,1.3122000000000003,0.515
YLsGi8X9YgzstWaLy,98f5ce865d7bea77d4f74febdede475a1a903ce85f140841a2af99beab837c99,14,0.15,4,1539102373165,Entertainment,1.4449999999999998,0.345
8KrMBv766imufidh5,98f5ce865d7bea77d4f74febdede475a1a903ce85f140841a2af99beab837c99,15,0.8,4,1539102373166,Entertainment,1.2800000000000002,0.5
Dkh2SMmtnDTwixvMN,98f5ce865d7bea77d4f74febdede475a1a903ce85f140841a2af99beab837c99,16,0.26,4,1539102373167,Entertainment,1.0952,0.435
nFK6H8dnSzdn6DHjP,98f5ce865d7bea77d4f74febdede475a1a903ce85f140841a2af99beab837c99,17,0.85,4,1539102373169,Entertainment,1.4449999999999998,0.57
Mbmq95hBkAfqMZCAF,98f5ce865d7bea77d4f74febdede475a1a903ce85f140841a2af99beab837c99,18,0.31,4,1539102373170,Entertainment,0.1922,0.675
sNFBkviCtLRDe7ZTt,04f503eb385243110199f10d791aa38714ef8ce6be646e5048f97447fa8c0063,1,0.59,4,1539102922202,Sports,0.33620000000000005,0.61
2ovGBS8cbMQeXWQQS,04f503eb385243110199f10d791aa38714ef8ce6be646e5048f97447fa8c0063,2,0.6,4,1539102922208,Sports,0.72,0.605
J2Ly2ps6ithkSWnrb,04f503eb385243110199f10d791aa38714ef8ce6be646e5048f97447fa8c0063,3,0.71,4,1539102922210,Sports,1.0082,0.545
C7GshBbpSTc5MuxXL,04f503eb385243110199f10d791aa38714ef8ce6be646e5048f97447fa8c0063,4,0.71,4,1539102922212,Sports,0.16820000000000004,0.615
z9aCrXoSNGCeC4CXX,04f503eb385243110199f10d791aa38714ef8ce6be646e5048f97447fa8c0063,5,0.72,4,1539102922214,Sports,1.0368,0.47
8T4kRiowYnoeP8iYh,04f503eb385243110199f10d791aa38714ef8ce6be646e5048f97447fa8c0063,6,0.6,4,1539102922216,Sports,0.72,0.54
EMn6FGAdfJQvYb3Y6,04f503eb385243110199f10d791aa38714ef8ce6be646e5048f97447fa8c0063,7,0.43,4,1539102930082,Politics,0.36979999999999996,0.645
piFap9Dr4Fn8SnEm6,04f503eb385243110199f10d791aa38714ef8ce6be646e5048f97447fa8c0063,8,0.42,4,1539102930089,Politics,0.6728000000000002,0.625
zAqZEf95c67uajkNK,04f503eb385243110199f10d791aa38714ef8ce6be646e5048f97447fa8c0063,9,0.31,4,1539102930100,Politics,0.1922,0.605
FaaAYbgc2L2yDXJFB,04f503eb385243110199f10d791aa38714ef8ce6be646e5048f97447fa8c0063,10,0.08,4,1539102930108,Politics,0.0128,0.305
EGKHunAjcn8Cdr4xF,04f503eb385243110199f10d791aa38714ef8ce6be646e5048f97447fa8c0063,11,0.43,4,1539102930111,Politics,0.36979999999999996,0.49
iZm8ZEQztSQ7gjqEp,04f503eb385243110199f10d791aa38714ef8ce6be646e5048f97447fa8c0063,12,0.62,4,1539102930115,Politics,0.7688,0.385
SycWsChPrs8rQSWwJ,04f503eb385243110199f10d791aa38714ef8ce6be646e5048f97447fa8c0063,13,0.26,4,1539102933946,Entertainment,0.13520000000000001,0.335
PwCDw6A97HihoWhWR,04f503eb385243110199f10d791aa38714ef8ce6be646e5048f97447fa8c0063,14,0.21,4,1539102933953,Entertainment,1.2482000000000002,0.33
R4ruYGBGMgpwvLgzq,04f503eb385243110199f10d791aa38714ef8ce6be646e5048f97447fa8c0063,15,0.11,4,1539102933955,Entertainment,0.0242,0.32
4eC2JdEo7XXAkuDM7,04f503eb385243110199f10d791aa38714ef8ce6be646e5048f97447fa8c0063,16,0.72,4,1539102933957,Entertainment,0.15680000000000002,0.545
iTSEcNSZSd4dtkx3w,04f503eb385243110199f10d791aa38714ef8ce6be646e5048f97447fa8c0063,17,0.62,4,1539102933959,Entertainment,0.7688,0.555
KoMTtszE68aMXfsnh,04f503eb385243110199f10d791aa38714ef8ce6be646e5048f97447fa8c0063,18,0.55,4,1539102933961,Entertainment,0.6050000000000001,0.57
2DFms2tPaQeNmeR5s,62aa3bff5dc273de59a6dce68cf3c2c1ff347c1e7467ca7acf703f2ed6955162,1,0.92,4,1539104077578,Sports,0.012799999999999987,0.575
p2h37NkgSPLzxm68c,62aa3bff5dc273de59a6dce68cf3c2c1ff347c1e7467ca7acf703f2ed6955162,2,0.87,4,1539104077580,Sports,1.5138,0.55
etqNcgyohCtKAv97D,62aa3bff5dc273de59a6dce68cf3c2c1ff347c1e7467ca7acf703f2ed6955162,3,0.93,4,1539104077581,Sports,1.7298000000000002,0.48
bLaqzbsb739PztQDE,62aa3bff5dc273de59a6dce68cf3c2c1ff347c1e7467ca7acf703f2ed6955162,4,0.99,4,1539104077583,Sports,2.0000000000000036e-4,0.595
ENNeCkyqkEXtJmrn2,62aa3bff5dc273de59a6dce68cf3c2c1ff347c1e7467ca7acf703f2ed6955162,5,0.89,4,1539104077584,Sports,1.5842,0.53
6MLg6vaZ7Zrp98m4G,62aa3bff5dc273de59a6dce68cf3c2c1ff347c1e7467ca7acf703f2ed6955162,6,0.94,4,1539104077585,Sports,1.7671999999999999,0.55
SvkCXYeLprBQsXq4E,62aa3bff5dc273de59a6dce68cf3c2c1ff347c1e7467ca7acf703f2ed6955162,7,0.9,4,1539104100962,Politics,1.62,0.64
DHbaEsdReghcfLYyP,62aa3bff5dc273de59a6dce68cf3c2c1ff347c1e7467ca7acf703f2ed6955162,8,0.83,4,1539104100963,Politics,0.057800000000000025,0.55
n6eS2WBxXeRPZbFmB,62aa3bff5dc273de59a6dce68cf3c2c1ff347c1e7467ca7acf703f2ed6955162,9,0.9,4,1539104100964,Politics,1.62,0.505
ag7i2E3p888LgLseB,62aa3bff5dc273de59a6dce68cf3c2c1ff347c1e7467ca7acf703f2ed6955162,10,0.97,4,1539104100965,Politics,1.8818,0.335
Pt4Eq69gZGdwhqzLD,62aa3bff5dc273de59a6dce68cf3c2c1ff347c1e7467ca7acf703f2ed6955162,11,0.89,4,1539104100967,Politics,1.5842,0.4
tSFCzSwnDu4xhjZqT,62aa3bff5dc273de59a6dce68cf3c2c1ff347c1e7467ca7acf703f2ed6955162,12,0.95,4,1539104100967,Politics,1.805,0.395
3ioLnCLkLJimaeGE8,62aa3bff5dc273de59a6dce68cf3c2c1ff347c1e7467ca7acf703f2ed6955162,13,0.93,4,1539104119504,Entertainment,1.7298000000000002,0.52
6f7ux3E6K2tuz9cS4,62aa3bff5dc273de59a6dce68cf3c2c1ff347c1e7467ca7acf703f2ed6955162,14,0.93,4,1539104119506,Entertainment,0.009799999999999986,0.57
xp9WE78DDqcPxvJes,62aa3bff5dc273de59a6dce68cf3c2c1ff347c1e7467ca7acf703f2ed6955162,15,0.86,4,1539104119507,Entertainment,1.4791999999999998,0.485
LFjAPiSBXbmGo8vXH,62aa3bff5dc273de59a6dce68cf3c2c1ff347c1e7467ca7acf703f2ed6955162,16,0.93,4,1539104119508,Entertainment,0.009799999999999986,0.48
Y8tWoGzcEguJRTtiB,62aa3bff5dc273de59a6dce68cf3c2c1ff347c1e7467ca7acf703f2ed6955162,17,0.93,4,1539104119510,Entertainment,1.7298000000000002,0.525
Ft3xmgbxZZ68sGDnt,62aa3bff5dc273de59a6dce68cf3c2c1ff347c1e7467ca7acf703f2ed6955162,18,0.9,4,1539104119512,Entertainment,1.62,0.505
3r3HH5BJhwxkwhbst,24ebc242f76606df3ecd2e7cd6b0399a42141e5b5c8a9e6620d8e1969c9368cc,1,0.39,4,1539104402255,Sports,0.7442,0.66
Q5tNdTX67qLWu6nhr,24ebc242f76606df3ecd2e7cd6b0399a42141e5b5c8a9e6620d8e1969c9368cc,2,0.44,4,1539104402256,Sports,0.3872,0.665
s7pi3kSqomqTP7Do7,24ebc242f76606df3ecd2e7cd6b0399a42141e5b5c8a9e6620d8e1969c9368cc,3,0.61,4,1539104402257,Sports,0.7442,0.5
gmjmC5EunSnHfs6pk,24ebc242f76606df3ecd2e7cd6b0399a42141e5b5c8a9e6620d8e1969c9368cc,4,0.43,4,1539104402257,Sports,0.6498000000000002,0.645
inrs6HEnYcSoTkTkh,24ebc242f76606df3ecd2e7cd6b0399a42141e5b5c8a9e6620d8e1969c9368cc,5,0.45,4,1539104402257,Sports,0.405,0.56
sR7Scd5C9Tb5jnQ2C,24ebc242f76606df3ecd2e7cd6b0399a42141e5b5c8a9e6620d8e1969c9368cc,6,0.52,4,1539104402257,Sports,0.5408000000000001,0.605
q3Cg3J6xj57s8RPMJ,24ebc242f76606df3ecd2e7cd6b0399a42141e5b5c8a9e6620d8e1969c9368cc,7,0.79,4,1539104430041,Politics,1.2482000000000002,0.605
uR46wR3eevrz4ZS63,24ebc242f76606df3ecd2e7cd6b0399a42141e5b5c8a9e6620d8e1969c9368cc,8,0.2,4,1539104430041,Politics,1.2800000000000002,0.43
SDyT9QdAv5vKzak54,24ebc242f76606df3ecd2e7cd6b0399a42141e5b5c8a9e6620d8e1969c9368cc,9,0.22,4,1539104430041,Politics,0.0968,0.445
eS3Dyp4M549McMqdc,24ebc242f76606df3ecd2e7cd6b0399a42141e5b5c8a9e6620d8e1969c9368cc,10,0.08,4,1539104430042,Politics,0.0128,0.36
MwqDMfL2dq8q6HsF3,24ebc242f76606df3ecd2e7cd6b0399a42141e5b5c8a9e6620d8e1969c9368cc,11,0.11,4,1539104430042,Politics,0.0242,0.43
2dAZZjxpnrCqZ9dti,24ebc242f76606df3ecd2e7cd6b0399a42141e5b5c8a9e6620d8e1969c9368cc,12,0.15,4,1539104430042,Politics,0.045,0.46
da6fDKuDFh97xsdbG,24ebc242f76606df3ecd2e7cd6b0399a42141e5b5c8a9e6620d8e1969c9368cc,13,0.7,4,1539104446518,Entertainment,0.9799999999999999,0.545
8xspnfS7hFEZ9bCpQ,24ebc242f76606df3ecd2e7cd6b0399a42141e5b5c8a9e6620d8e1969c9368cc,14,0.12,4,1539104446518,Entertainment,1.5488,0.3
6LHYfrdkc69oxKbQY,24ebc242f76606df3ecd2e7cd6b0399a42141e5b5c8a9e6620d8e1969c9368cc,15,0.28,4,1539104446519,Entertainment,0.15680000000000002,0.465
Tiurk8uc7RbvPCzbL,24ebc242f76606df3ecd2e7cd6b0399a42141e5b5c8a9e6620d8e1969c9368cc,16,0.34,4,1539104446519,Entertainment,0.8711999999999998,0.635
teZi3TypBrDv3gpG5,24ebc242f76606df3ecd2e7cd6b0399a42141e5b5c8a9e6620d8e1969c9368cc,17,0.36,4,1539104446519,Entertainment,0.2592,0.55
pSF3pSGXLFR73GGJT,24ebc242f76606df3ecd2e7cd6b0399a42141e5b5c8a9e6620d8e1969c9368cc,18,0.44,4,1539104446519,Entertainment,0.3872,0.62
